-7.017150541 29.909356940 34.213658336 -0.137803198 0.055298648 0.329301465 -0.932476747 -0.266961956 0.899097475 -0.251370586 0.901946543 -0.379118543 0.914395666 1.029222267 -1.159108632 -0.320525736 0.420849948 -0.181504125 2.433509524 0.321095931 1.502766647 0.384092345 -1.064609423 -2.248697705 -0.566903915 -0.704971281 -0.520010887
-2.957160246 25.294640987 33.008060828 -0.463112505 0.036990647 0.060179417 0.883480016 0.170238643 -0.633555223 1.770703529 -0.771886253 -0.685714767 -0.346504662 -1.212313675 -0.509556006 -0.069275712 1.179606390 -1.413652855 -0.825480226 -1.399400208 2.134527772 -0.079790406 -0.775719168 0.292258402 1.736330825 -1.456348635 0.589481706
-0.573269689 29.209511232 33.823329791 0.032974159 0.115855327 -0.158881922 -0.979921825 0.937748919 0.518378406 -0.255579118 -2.564783281 1.897236799 -1.497246288 -0.395643049 0.622274181 0.222241819 -0.861030816 0.753228239 0.847615147 1.589660266 -0.315100971 -0.615613653 0.488204487 -2.333980751 0.004167445 0.135120892 0.491884972
-7.835580780 29.251457110 21.600805574 -0.281632136 -0.892002399 -0.285354485 0.208777099 0.715436515 0.402499369 0.444384893 0.260198709 1.404151418 -1.068873394 0.603053675 0.938282712 -0.235298719 0.934383730 -0.081399806 1.399446233 -0.096560860 1.098345054 -1.453167448 -0.840447558 -0.103448344 -1.309393300 0.450117403 -1.757651174
2.763991457 26.931585152 27.681778742 -0.658840177 0.097722015 0.711636965 0.223501362 0.020827900 -1.736147047 0.080246201 -1.361503920 -1.081888813 -0.282142642 0.301666140 1.104502831 -1.266232441 0.882858837 0.914291049 -1.733188715 0.215776566 1.381672831 0.297570832 -0.240033073 2.047765006 -0.256441923 1.733975281 1.661693807
-5.922464616 24.841072375 26.458092264 -0.483393853 0.251304183 0.624626913 -0.559479946 0.601332465 -0.559179908 -2.314074418 -0.414954542 0.108134673 -1.462871822 1.513549771 0.134018990 1.246965584 1.045719253 1.114132440 -0.672477483 -0.151413198 -1.145954447 1.636957996 -0.148207862 0.480745726 -0.563805640 -0.136601432 -0.597586836
-8.892806446 32.297727701 25.409379601 -0.627445658 -0.259795275 -0.723571410 0.123542610 -0.647295505 -0.614972994 0.933969245 0.036353463 0.292088025 -1.253715834 0.130994635 0.172487635 0.432760644 1.247739331 0.328958607 -0.665037226 -1.351078321 -1.250740615 1.272219007 -0.395744933 0.087007885 0.206702423 0.526280541 0.313526285
-11.018523490 22.206761780 24.094258589 -0.222420924 0.162307255 -0.088256813 0.957285758 -0.329184226 -0.149046102 1.541278586 0.116156819 0.535644433 -0.998987852 -1.092059751 -1.005717342 0.286824379 0.986476456 1.764754110 0.600984403 -1.527690559 -0.083577089 1.449765085 0.160131608 0.813128833 2.212316586 1.185803289 1.164747245
-11.478970500 29.647461374 26.181334539 0.962981276 -0.074074455 -0.232238349 0.115088604 -0.117806813 -0.023883646 1.063267443 -0.523496814 -0.099951025 -1.050319757 1.768216782 -0.572010635 0.001034167 0.503378920 -1.827263873 0.123822261 -0.461444219 1.420926015 0.188879329 0.087429750 -1.900953247 -0.388692189 0.395377105 -0.406537686
-5.623147347 27.811523346 19.604298817 -0.234875316 -0.379975185 0.620290068 -0.644742333 0.976381102 -0.498098903 0.112385693 0.134384473 -0.596391073 1.129019157 0.320064585 0.877589194 0.650000475 -0.442550025 1.187109803 -0.742329803 -0.108471790 -0.267385708 0.385250511 -0.640413026 1.099153559 0.398232631 0.248525891 1.461739796
-6.434424021 23.772550668 27.089587596 0.207124080 -0.119562129 0.276200255 0.930869449 -0.931256866 1.355316765 0.953887753 -0.472069218 0.971066021 2.197186052 -0.725539668 0.017062468 -0.334309317 -0.281442014 0.170385535 -0.083902480 -1.478378514 0.375735204 0.679341885 0.606801254 1.996451863 0.904458355 0.398193711 0.510095744
-8.955646999 37.235116192 27.511797958 -0.588913218 0.438814301 0.521194198 0.434718114 -0.299082713 -0.348148004 1.358531945 -0.987035816 1.478417742 -0.089923535 -0.473845710 1.228852736 -0.775645273 -0.194174031 0.785343710 -2.208802784 2.247237469 0.374033482 -0.464911670 -0.483549903 -1.316366006 -1.426544489 1.566359220 -0.112336502
-7.539933924 20.289968328 26.938695709 0.557982308 0.237666593 -0.687523096 -0.399352384 1.690160234 0.163060935 0.172958367 0.108305587 -0.203769001 0.942364754 -1.224697328 0.175627899 -0.027589024 0.780240981 0.931892209 -0.537828938 -1.302242683 -1.064309678 -0.174319875 -0.240292849 0.204593745 -0.890156815 -0.424839610 0.408390112
3.728591744 23.950454498 26.066664174 0.308541475 0.363133989 0.764190022 0.434683188 1.086997020 0.593738140 1.086289978 1.511726093 0.459985626 -2.319189887 -0.561371206 0.326638139 -0.540381679 -0.895738116 0.532671101 -2.301538159 2.600426850 -0.645751336 1.144850485 0.480158424 1.292694276 0.427003475 1.203850465 -1.672657234
-4.785363861 22.738743335 17.768783800 0.312266279 -0.136590053 0.549236106 -0.763002378 2.644039966 0.086724859 0.721247029 0.379128960 0.255363908 -0.172043686 -0.523938148 -1.127056947 2.104761035 1.987700763 -0.066541543 2.248718371 -0.607313384 1.725760669 -0.671741099 -0.608072492 0.466313839 -1.220531303 -0.992287011 -1.238433601
-6.679132807 20.034578483 25.988604754 0.502557964 -0.848279658 0.149729905 -0.073743277 0.889824521 1.482592740 0.928960049 -1.482545275 0.426425325 -0.772276606 -1.166446038 1.465433835 -1.538392320 -2.767508885 -0.989705496 0.048501356 0.477602527 0.362761077 1.755872870 0.306947055 0.794464612 -0.276541669 -0.374839577 1.661235151
-6.594860665 37.197529784 21.992931158 -0.849361018 -0.474721211 0.209098309 0.097486051 2.638437579 1.291820846 0.351577092 -0.911645014 -0.098099750 -1.773286801 0.997690057 0.618061686 -0.814524513 -0.629972999 0.831793607 -0.497026097 0.389790108 0.343063553 0.601994341 0.437226058 0.668858706 -0.123270173 1.384509481 0.124966377
-6.663910590 34.247291103 17.739086243 0.259820610 0.926221892 -0.082475525 0.260392100 -1.930052162 0.035814465 -0.382445925 -0.378367215 -0.545036760 -1.794020618 -0.582548297 0.184626632 1.796070218 -0.358851444 0.276363519 0.951266689 -1.482965725 -0.154092458 -1.084578361 1.906949337 1.410467188 -0.530893846 -0.170819241 -0.981134233
-8.158320955 22.595277324 20.322838995 -0.922402096 0.261481676 -0.266720279 0.098295473 -0.695174833 0.536270498 -0.150647771 0.213611018 -0.570987272 -0.853356723 -0.042591202 1.471430738 1.266452522 0.229846827 -1.319226777 -0.186436440 -0.274250964 0.886768347 1.499910068 0.462420031 0.971082130 -0.826330772 2.440162834 -1.361070348
-0.763058995 25.078216694 33.873356841 -0.371272592 0.572629671 -0.108522062 0.722824241 0.404026579 -0.233793654 -0.462558421 -1.312538286 -2.131785938 0.668517350 -0.675820323 1.283592388 0.545292898 0.277147507 0.280362886 0.094421614 -1.597519060 3.029403182 2.363185160 -0.253984110 0.418036558 -0.492766038 -0.097110626 1.614055750
-10.635873545 27.012689136 30.240313115 0.583354804 0.260258688 0.745918943 0.188593529 0.361962856 -0.699505604 -0.889028121 0.821505688 0.918787189 -0.697496465 -1.137649177 -0.251290946 -0.887798102 -0.728050140 0.381460708 -1.134964949 -1.153288763 1.721558066 0.611853712 -0.956358224 0.048702659 0.901152593 -0.640712197 -0.339589890
0.004065575 33.434061653 28.983260669 -0.440407178 -0.603993031 -0.461957397 -0.477314675 0.080720706 0.480231045 -0.598721341 -0.956710684 -1.121970101 -2.130162539 0.375504839 -0.047465569 0.978832968 1.914325604 -0.531319842 1.124543622 0.692133315 -1.408588220 2.109993863 0.213771351 -0.567340407 0.231647991 -2.443965259 -1.841217247
-4.920194185 24.837167629 22.976734899 0.154434792 -0.774348684 -0.171160509 -0.589269116 -0.266630578 -2.118939058 0.184680226 0.951193026 -0.373758577 0.685936034 1.115798736 -0.650427483 -0.933877607 0.617411108 1.099357334 -0.654081161 -1.245992701 -1.247706628 1.175169855 0.276682970 1.021267953 1.829564929 1.248662724 -1.212069422
-2.666788656 27.733218215 21.727818782 -0.744354345 0.373749048 0.363210532 -0.417524092 2.275557866 1.174358183 1.081037620 -0.062477854 2.554513729 0.328059326 -1.352750657 -0.957363279 -1.413322379 -0.140819437 0.570754657 0.361352964 -1.242988995 0.646618934 -0.540162610 1.864493938 -0.189045308 -0.348997599 -0.226545078 -0.933842954
-1.969942853 22.675783785 19.965677973 0.334284736 0.446902495 0.602190794 -0.570874875 0.060512512 -1.292755623 0.758475671 -0.489879319 -0.229578511 0.516258944 1.114316229 -0.816393471 -1.941103188 -0.321175717 1.528662234 1.734642952 0.301787247 1.579869121 -0.327876112 1.326745213 0.213746964 0.901975177 0.217180136 -0.108814430
-11.709164294 24.564048714 21.029741786 -0.831213007 0.438368983 0.216758740 -0.264448900 1.301231794 -1.112843977 0.427701189 -0.389122757 1.819054482 -0.164037288 0.681955535 0.154666766 0.021776536 2.638180467 0.112652306 -0.499725726 0.132568786 -2.157020283 1.408838248 -1.122187723 0.311750875 0.208848713 -0.028960544 -0.844974012
-3.873282942 28.746411864 20.540154821 -0.743967079 -0.585936512 0.018719912 -0.320688252 0.715860909 -0.080206797 0.189278293 -0.890269070 1.332980823 1.230226274 -0.540458433 1.381695525 -0.161507309 1.306352759 -0.032514691 -0.914976856 -2.368332960 -0.105687319 0.330463022 0.742598443 -0.055423290 0.313562153 0.189893607 -0.514509035
0.092096070 26.155811515 29.063670920 0.023132854 -0.614783468 0.777530260 -0.130203125 0.055147819 0.532965732 1.864720405 -0.613110373 0.079899512 -0.446319234 -0.065223449 0.776198412 -0.323212229 -0.790042384 1.407688022 1.433904308 -0.188707785 -0.032991024 -1.457438986 0.061565242 -1.086627909 0.669563179 -0.534268525 1.114559209
-5.743750890 23.467580611 32.848601872 -0.238435539 -0.467476133 -0.208633260 0.825279784 -1.057325748 -1.566066920 0.210621377 0.508903275 0.231250524 0.964764579 0.390642237 -0.039090791 0.053258860 -0.815735787 -0.307428183 -0.437852041 -0.559192969 0.541545407 0.830870244 -0.127074336 0.739016131 1.324288534 0.310696853 0.071728584
-8.565855665 30.229655853 20.982393878 -0.343233750 0.133451959 0.921510670 0.123285247 0.277990936 -0.864128750 0.106983669 -0.119626169 1.262233007 1.088494491 0.115978879 -1.841420596 -0.288530383 -2.013945718 0.039231332 -0.752521472 -0.758825794 0.693889739 -1.710812165 1.772860705 -1.005090467 -1.385620359 -0.298245155 -0.794801996
-3.563131376 36.344187545 29.606441340 -0.623756211 0.680378744 -0.376406187 -0.079569693 -1.139797948 1.059172747 0.567342451 1.351158879 -1.216988297 0.163799669 -1.127006841 0.513988816 -0.306621695 1.063733891 0.821974917 -1.134661208 1.052481723 -0.870476257 -0.442073733 -0.184732507 -0.025822580 0.089097127 0.044080767 1.707973539
2.187542687 23.804101503 23.786772726 0.701631604 -0.397914993 0.117529700 0.579278448 -0.718705979 -0.636561868 -1.305767466 -1.272564921 0.578308933 1.335876104 0.907405705 1.473868290 -0.125573507 0.271249700 -0.138690369 -1.755705254 1.217658119 0.696529914 -1.877203100 0.030114761 -0.610648265 0.907953027 -0.117223901 0.233196331
0.959909049 32.696560160 27.603090325 -0.303787793 -0.103067725 -0.395099454 0.860805694 -0.376600321 -0.569674407 -1.949468522 0.938845416 0.877323138 1.331776980 -0.859539398 -1.081077063 -1.324098220 -0.367705392 1.017732687 0.939816991 -0.393662436 -0.345774865 -0.784864548 -2.025459439 1.248193101 -1.726023132 -0.035377837 0.172046116
-11.108258215 24.068679693 23.145487585 -0.022625368 0.548653922 0.792672038 0.264835811 0.595061035 -0.717111965 -0.827176204 -0.217622151 -1.090859105 -0.153437329 0.001839070 1.660452512 0.416063950 -2.647967209 -0.030937078 -0.058749792 0.242146563 -0.361887161 0.787224420 -0.583662925 -1.791378827 1.206703369 0.445405642 0.819617371
-1.123087028 29.567043208 22.619313245 0.104985161 -0.591790108 -0.740321724 0.301141711 0.545105352 1.476331847 -0.314988621 -0.278781133 0.583443095 -0.178982831 -0.800925523 0.385594334 -0.009696315 -0.627159166 0.070817740 -0.280795120 0.995332696 -1.830803111 -0.319463639 -0.890253723 0.656301153 -0.714097879 1.580679179 1.594615450
-0.869802160 24.114109682 20.819321397 0.396678652 0.394501346 -0.530373330 0.636960647 0.863382208 -0.258236388 -0.513729282 0.308133439 0.828614484 -0.391496855 0.511425385 -0.446444471 -1.333045584 0.920570859 -0.725306658 0.043437842 -0.235129290 1.068801854 -1.377760149 -2.321932197 -0.897892022 -1.073081164 -0.163072889 0.444135183
-3.728132966 33.353952184 24.543858183 -0.450456034 0.866904943 -0.064001447 0.203639379 -1.478059443 0.432568602 1.515989594 -0.799746251 -0.497946487 0.518288227 0.891905593 -0.575495401 0.621294768 -1.662490551 0.550687664 0.312859858 0.720013522 -1.559067039 -1.328430987 -0.053944425 0.400447863 0.903340565 -0.543724466 -1.350526998
-3.956987620 33.597503198 17.489338345 -0.066632400 -0.616638806 -0.593560066 -0.512838332 0.418008378 -2.412686108 -0.464593284 0.019352878 -1.677949675 1.729963755 -0.547264915 0.138616647 0.512126343 -0.155238806 -1.751732963 0.701859532 -0.987192935 -0.373256093 -0.095420573 0.892737191 1.542238284 -1.883948539 0.979608415 -0.565932970
-4.010796927 25.569578618 18.836664591 0.897350492 0.126371129 0.401204823 -0.133518244 -1.539295372 -1.393075916 0.335620170 -0.665599285 -1.379858077 -0.512914500 -0.838990393 -0.820979538 0.613186274 2.678128777 -0.450530941 0.223784015 -0.001619497 -1.394047244 -0.258333189 1.278102540 -2.141161268 -0.546277695 0.330729621 -0.037977951
-11.543229437 26.076927432 23.409335684 -0.667299099 0.221525436 -0.595424096 0.388726818 -0.521417616 -0.915907728 -0.551456444 0.029648716 0.677626772 0.747986412 0.838126324 -0.313286309 -0.769916676 1.416264984 -2.341148163 0.911471624 -0.908376989 -0.789164530 0.222873798 0.684690774 -0.224548949 -0.044039262 -0.707955475 0.869412793
-7.498324590 32.146716080 17.313758774 0.184108219 -0.799921329 -0.327269293 -0.468107723 -0.521417515 1.039294943 2.555482066 -1.907931364 -0.241025912 -0.524979354 -1.300291193 -0.618230908 -0.998964687 -0.333875543 0.763940669 0.305648740 -0.625915718 -0.367093170 -0.331798960 -1.406558838 -0.173594456 0.789953815 -0.018950638 0.457249720
-2.413835438 22.966967440 27.381804134 0.043149115 -0.744991222 0.664685085 -0.036331413 -1.270089326 -0.474790046 -0.371192580 -0.569703708 -0.377669865 -0.423384646 -0.132974478 0.566157267 1.605145018 0.396456022 -0.411231986 1.224725335 1.084515934 -0.295820872 0.474431027 -0.423407997 -1.741547909 0.351021529 1.324419595 0.250636080
-6.383371645 35.223462096 29.072127554 -0.208226815 0.209781537 -0.670946669 0.680046960 1.143607575 -0.857149997 -0.008819420 -0.949560510 0.430582875 0.036309439 -1.405071393 0.055899571 0.677571459 0.600789214 0.226197248 1.705071039 2.139883619 0.157230382 0.471789105 1.296044209 0.431736668 -0.481542708 1.746389255 -0.563879386
-6.504899421 24.379772458 32.137802086 -0.335751073 -0.006911918 0.697470316 0.633054975 0.913456411 -0.306561512 1.880248603 -0.803100373 -0.942122135 0.582244231 0.282289579 -0.496515368 -1.106531396 -1.811258819 1.256528139 -0.940664044 -1.177530120 -3.249728503 -0.308160601 -0.197647154 -0.269428385 2.763313093 0.244613469 0.633005036
-7.406511199 22.767444956 23.485879504 -0.321573973 -0.428879847 -0.496559917 -0.682700890 0.617096371 -1.901297599 0.792778809 -1.408300612 -0.169865845 -0.433488416 0.947015492 0.151131901 1.199993496 0.574238245 -1.193557998 -1.867666860 1.801818567 -1.166055479 0.559675304 1.095857360 0.749144969 -0.258325522 -2.670922940 0.344294157
2.103400762 33.730322471 31.340497828 0.611467639 0.150761030 0.593080365 -0.501631457 1.290001919 -0.204117950 1.052673577 -1.548769591 1.247356435 -0.150510300 -0.747509869 -0.408893216 -0.449929296 -1.328491989 -0.333532532 -0.038264653 2.277966554 -1.645546569 0.350665067 0.691696794 -0.033481258 -0.677315924 -0.461913555 1.117627197
-9.273224633 31.345028111 22.994205519 -0.422280694 -0.664841882 -0.029888159 -0.615443731 -0.945550654 -0.296014116 -0.453272850 1.023652759 -0.083913903 -0.652799065 1.376021390 -0.729776417 0.100113117 2.437416212 -0.365018233 -1.062444658 0.130795104 -0.178768270 -1.768657560 -2.452538104 -0.534484567 1.025785115 -0.609113190 0.512865161
-2.702564741 29.542845219 18.439590093 0.202639102 0.472077345 -0.176637861 0.839570986 -0.397063363 -0.610207780 0.912766326 -0.395584308 0.408068401 -1.580597856 -1.638766904 -0.109030076 1.159234410 1.046415552 -0.926822179 -0.009984677 1.606259420 -1.454942936 0.917389923 1.671626330 1.775169643 0.051867622 -0.025525985 -1.224522853
-11.025288846 26.332950974 22.044037902 0.258146228 0.451288391 -0.409095482 -0.749893459 -0.774454572 -2.859532875 1.969378094 1.202447417 -0.941610622 -1.400455267 -0.238484335 0.823542766 0.100229967 1.930846112 0.144995390 1.262674218 -0.683683567 -1.298563190 1.006680885 -1.293336644 0.924180311 -0.503132166 -0.831884512 0.542180497
-9.147863131 30.973028752 23.031453563 0.843233476 -0.416216765 0.131009843 0.313938417 0.928476097 -0.508258080 -0.124840333 -1.195045594 0.144337780 -0.122161208 1.308235739 0.705798474 -0.268752532 0.692876558 -0.794410141 0.241285141 -0.286266434 -0.634400184 0.712917779 -0.207935926 1.047411990 -1.898381138 -0.655624515 0.885987899
0.790395568 30.381548318 29.508309480 0.402321289 -0.496143010 -0.672032206 -0.374636368 -0.799613449 1.145833428 -1.639573426 0.604357918 0.015268694 -0.957274950 2.286319280 0.035195978 0.786093534 0.456314440 -1.033108052 0.394882481 -0.290132102 -1.411751983 -0.633185358 0.476640139 0.582740793 0.829178695 -0.799135418 1.402299300
-13.101335407 29.225868688 25.814981079 -0.500522906 0.042657603 -0.801419135 0.324629820 -1.387028032 -1.606876047 -0.462227476 -1.497811691 0.723445869 1.463190763 0.472111648 -0.936397575 0.262373950 -0.199386346 0.829893674 -0.854992656 -0.898718703 -0.676304256 -0.908646998 1.046747147 -0.654464670 -0.776967555 0.082547761 -0.446883965
-9.469189148 32.066764112 25.874926373 -0.200900724 -0.816081336 0.423348029 0.338270008 0.336491430 -2.027046734 -0.667636117 -0.469684996 1.278327201 -1.038180792 0.290385579 0.252223414 0.277409039 1.880661438 1.028680494 1.233530230 -0.621074812 -1.319306339 -0.716812347 0.947172178 0.253199537 -0.903396592 -0.186388636 0.375042785
-5.097639932 19.414987475 25.994337451 -0.090291927 0.457264410 -0.875578885 -0.126957640 -1.021912012 -1.647577437 1.516704214 -0.556039574 -0.687894310 -0.400392194 -0.356091294 0.448490157 1.542022064 -1.302517925 0.830197859 0.498835904 0.258103222 -1.165146390 -0.481211373 -0.575916754 1.349685777 -2.475398338 -0.677991143 -2.814315093
-2.829004565 34.277138185 17.752031525 0.326659245 -0.627334149 0.698891643 -0.106282994 0.335021437 -1.136261265 -0.495852731 -0.005146413 -1.076531176 0.667324369 0.670986736 0.870802887 -0.314751156 -0.601032451 0.747494934 -0.105212201 -0.425219129 0.358592541 0.036488089 -0.415320264 0.980427099 -0.680080576 0.920530612 0.186415486
-0.936874052 31.341732340 34.058661266 0.287707139 0.151619788 0.552937847 -0.767134785 -0.028639435 0.184105016 -1.386019251 -1.923806582 -0.756823976 0.546873758 0.984196833 -0.306723910 1.541254255 1.376102489 -0.922465013 0.208813015 -0.005576715 -1.598861575 0.326256641 -1.054017335 0.079192846 1.573430372 0.544313905 -1.188117314
-8.418381236 32.756711399 28.215724834 -0.201678903 -0.320605861 0.749080071 0.543522353 -0.226395318 -0.045351438 1.348475329 -0.941086748 -1.038799496 -1.264461173 0.484862268 0.596003654 -0.555185825 0.803689220 -0.192456149 -1.356240967 0.890556456 -0.480401600 1.400341247 -0.752279943 1.606237730 -1.978655628 1.207220250 1.576201901
0.104703166 30.316000286 19.553139935 0.465849207 0.342484334 0.407139491 0.707054759 -1.968271280 -1.045973876 -0.232451377 0.313606039 0.451273573 0.871910392 1.250913503 -1.427438510 -0.547365970 -0.789040125 0.095890604 -0.973037417 0.802411123 -1.192060297 0.569866919 0.149642043 -0.898211065 0.189962038 -0.100668155 -2.000043767
-13.223752660 30.552185207 22.453297085 0.845216013 -0.216291070 -0.391439166 -0.292580660 -0.217137853 1.687397987 -0.840031032 -1.109318653 1.348341474 0.531439109 -1.382241864 -0.905075692 1.830523922 1.314337712 -0.592537693 0.192362907 0.154889988 0.064326824 1.580669579 -0.894462018 -0.516911548 -0.292403704 0.727606271 0.289901588
-5.390870292 25.226511822 16.685827883 0.438281080 0.027088075 0.650115114 -0.620101822 -0.024381789 1.156774514 -0.317410066 -1.780701936 -2.618418031 -0.550770853 -1.861437438 -0.117018599 -0.763168010 1.042747157 -0.410167110 -1.588777746 -1.876075634 0.695077551 -0.411948078 0.008505003 0.784654619 1.035771657 1.608965107 -1.400836222
-5.633525458 23.396651229 20.546197556 -0.787666382 -0.045285979 0.066813508 0.610791950 -0.081748075 -1.589607678 -0.917008944 0.749764480 -1.083428944 -0.589279225 1.124869773 0.192406239 -0.580815787 0.383113660 0.850074115 -1.114957389 0.573938128 -0.494231089 0.923946640 -0.159288911 -0.266075077 0.396245165 1.877637551 -1.211847817
-8.455758443 29.753641552 23.193991658 0.769914284 0.018919513 0.296341017 -0.564850466 -1.063076287 -0.370261082 1.145638799 1.553010403 -1.296754343 0.174443687 0.155243110 0.703045679 -0.074383844 -1.667068213 0.325331308 0.399969128 0.883142198 1.374299600 0.960026282 0.881418987 -0.602144017 -0.001517674 1.054678874 0.010186539
-2.191380679 29.493031978 21.977238595 -0.381714727 -0.882021686 0.146966897 -0.233949446 -0.534292921 0.260071026 0.551795239 -0.821809122 1.160777360 0.045988611 0.480353651 1.035242814 -0.255219046 -0.966150267 -0.317348738 -0.526670944 -0.455667690 -1.042525120 2.242923994 -0.269507186 -0.294851673 0.030281642 -0.021011644 -0.873384464
-9.231371027 26.352212025 30.374540313 0.520959499 -0.284305218 0.802438821 0.062158519 -0.976618023 -0.419017396 1.526535827 2.600735076 -0.237652472 -0.669865770 1.743061185 0.669987324 0.004004167 1.001083610 0.774621468 0.778872351 0.231464535 -0.180242489 0.740273466 1.095388797 -0.557407472 1.858726325 0.710346719 -1.161283404
-7.621854729 30.114674901 32.464837908 0.420479039 -0.840854297 0.301581865 -0.158775968 0.066063813 0.443821538 -1.955944766 0.698639636 0.296092809 0.727880963 -1.438298254 -0.257779754 1.294788810 -0.674871089 1.206329626 0.323424410 0.126704594 -1.607098293 -0.343763952 -0.884829871 1.224452630 -1.396637778 0.298873002 1.364955591
-9.319551772 31.754513341 26.357747303 0.263556894 -0.490501758 0.558273176 -0.615042153 0.574802575 0.081582529 0.615443529 -1.498137007 -1.160402731 -0.330479410 -0.943741171 0.338404330 0.917785408 -1.132969580 -2.484639941 2.178495191 -1.581393248 0.011100083 0.062722386 1.709037469 -1.163806390 -1.882757050 -1.728243348 2.029782190
1.216989979 26.168113528 23.872433424 0.166492791 -0.091077288 0.135380641 -0.972449053 0.788927906 -0.737505004 -0.557916789 -1.181077315 1.135119265 -0.381553069 1.366454673 -0.272261657 0.848192520 -1.879967106 -0.975084777 0.458214083 0.283535234 0.128408092 0.116577226 0.690505024 -2.034364115 -1.062824974 -1.590199553 0.109606787
-6.091648563 32.641089155 19.978733897 -0.752281692 -0.221757193 -0.249617671 -0.567967448 -0.175933006 -0.875600126 -0.618378923 -0.750573107 1.077143596 0.280999609 -0.714473340 0.217802533 -0.024792492 0.100799240 1.042425581 0.355777890 -1.100033856 0.761061144 0.075727403 -0.351533355 -0.154690866 -1.909023991 -0.084674919 1.752878072
-5.764938381 34.795906730 22.879427197 0.081236567 0.021016677 0.992042369 0.093866170 -0.759184906 -0.457674127 -0.918626885 0.608416338 1.554943933 1.684616062 -0.954798719 0.029965260 -0.704777752 1.676401903 1.515942687 -1.359322295 -0.548325727 0.603460647 0.802016990 -1.399743628 1.351065588 -0.551801389 1.448111418 2.334652044
-6.136496582 31.571590938 18.392719232 -0.424923170 0.285231029 -0.413297334 -0.753172539 1.913772366 0.406327934 0.821240796 1.877328090 0.784553474 0.073070309 -0.441993554 0.292109089 -0.201575671 0.597173346 1.379433203 1.101068996 -0.979509930 -0.001750055 2.503036882 -0.625006721 0.373489800 -0.970861210 -1.301968608 -1.369229302
-1.465066698 31.876838792 31.102831668 -0.181621150 -0.474907869 0.784348285 0.355350589 -0.903443656 0.934993517 -0.291822644 -0.209684772 -0.102007346 0.200401060 0.381383646 -1.606182854 1.503313837 -1.317933107 -0.300702058 0.101123484 -1.211172507 0.406180432 0.713213407 0.576533886 -0.400449610 -0.326927405 0.598389847 0.816826454
1.806172186 33.747875184 31.592290734 0.059807831 -0.967843046 0.239350699 0.049133540 1.061481973 0.718641760 0.616015790 -1.445366696 -1.028241741 -0.076208994 1.417028736 0.426873347 0.379482494 -0.263821289 0.719348941 1.452536599 -0.362669131 -1.101828239 -0.518263309 -0.446920977 -1.280247199 -0.969063616 1.737848442 0.826043123
-0.230056285 28.932097410 19.887641916 -0.489198700 -0.013364892 0.123386649 -0.863297021 0.689357856 -0.882502653 0.195710464 0.650457427 0.238023967 0.723779049 0.367326126 1.413278491 0.173832631 0.441542227 0.338317787 0.235789356 0.034219835 0.398330714 -1.715951030 0.087195793 -1.264992917 1.365794609 -0.371702220 -0.172500144
3.892953889 29.667252829 19.604008306 -0.708743808 0.170829243 0.653002999 0.205150351 1.789107047 -0.972890660 1.316784051 1.114312067 0.606448493 -0.406401698 0.877849308 -0.015988528 0.140213974 -2.595464345 -0.502482577 0.789292344 0.903316076 -0.122630830 -0.825307492 1.409660345 0.142647179 -0.132634355 0.736584860 -0.805520556
-6.911446382 29.388615564 29.700070822 -0.095221096 0.133404298 -0.621110466 -0.766392866 -1.556554691 0.056224153 -0.770172755 1.041270742 -1.596039318 -0.613560813 0.339263885 0.267239529 2.281623853 0.001204893 -0.722599231 -2.080073123 -0.866884623 -0.388631269 -0.187695244 0.800329257 0.147235021 1.324562906 0.985314326 1.923695354
-9.789890627 33.870279886 24.762750319 0.578710480 0.541025339 -0.317202929 -0.521313788 1.670637136 -1.723393439 1.033398229 1.067441274 -0.131477670 2.930956302 0.769300851 0.064137357 -1.041459898 -0.595923059 -0.213368746 -0.519442345 -1.025576859 0.998265963 0.153234042 0.760448183 -0.672479381 0.071524435 -0.554604153 0.276179305
-10.905338366 24.930773883 23.282331731 0.548440278 -0.804937375 0.219739092 -0.054807079 1.690893303 1.870437859 0.606754742 -2.326755371 -0.373462132 -0.896150456 -0.561787961 0.535141059 -0.031223529 0.632911895 -0.299792852 -0.618546438 0.467791330 -1.538376367 1.985704812 0.450626941 -1.525510243 0.412293888 -1.354155754 -0.733527567
-4.725726406 25.194937747 30.851319664 0.008814828 0.993649489 -0.108623387 -0.027999120 -1.702333735 1.049434276 -0.334759463 -0.592572036 -0.183910696 -2.411852573 1.442123755 -0.523710040 -0.926011764 -0.839766622 1.499316067 -0.988878491 -0.153631161 1.275034209 0.702033434 0.868165815 0.485318441 0.630299407 0.370389418 -0.745537250
-11.241714883 31.569599593 28.449731763 -0.055905099 0.064757213 0.944483132 0.317226632 0.146438905 -0.098346441 0.476607119 -1.854889882 -0.415973410 -0.660883839 0.008430837 -1.124206386 1.360794380 0.142818925 -0.851819869 0.544125531 -0.807577573 -0.801392838 0.986909921 -1.651909854 -0.047014243 -0.674682941 0.720428866 -0.066590706
-2.888967795 25.689050792 32.968171818 0.389794570 -0.198723410 -0.528876851 0.727226565 -1.760534967 1.679877269 0.367172099 -0.528586668 -0.378178787 -2.734619367 0.165434469 -0.529032053 0.454102732 -0.692308489 -1.807856496 -0.882251119 1.677492142 -1.404429163 -1.037821891 -0.129044846 -0.866290148 0.982426746 0.118857981 -0.594663198
2.925967281 27.016218102 32.120273578 0.526895674 -0.446318682 0.665632831 0.283043313 1.402441925 2.141218993 0.056079339 -0.053023830 -0.059912893 -0.974371220 0.558195541 -0.913138538 -0.908338070 -1.414366434 1.072374594 1.378444416 -0.050400506 -0.876943039 0.309181412 0.865087629 -0.007049449 1.766168569 -0.062196499 -0.606000258
-3.563889775 27.385808723 27.783701963 -0.428511018 0.237668163 -0.772545740 -0.403813363 0.287598765 -0.016951232 0.632952315 -0.761874234 0.424190374 -1.557765527 -1.451380304 -0.556573993 -0.610678416 -0.144863964 0.233417235 0.019532369 0.144124249 -2.362710796 -0.186780002 0.694301724 1.396947857 -0.555491554 0.705282006 -1.164415179
-9.550287935 24.036214702 25.389257538 -0.202923107 -0.387410338 -0.898784099 0.030374103 2.204565102 -0.632928883 -0.019214212 1.533172018 0.278650919 -0.167431115 1.110509979 0.039821551 0.550314760 -1.086269833 -0.592641541 -1.403194872 0.488955975 2.495074963 0.131677592 -1.109445189 -1.177222236 -0.216649635 -0.286032460 -0.985168498
-1.312388485 26.262778329 19.253519706 -0.274433030 0.343620361 -0.819338953 0.367825013 -0.537614172 0.794616829 0.058180884 0.405012048 -2.251196923 -1.281553324 -0.930392509 -0.718401701 -1.451997389 -1.475658017 -0.373827198 1.277955268 -0.965686121 -0.617947259 0.136009974 -0.536555354 -1.519314106 -0.041732564 -1.413071754 -0.806071479
-9.309647519 21.842995936 27.463176955 -0.430746174 0.714037735 0.286676656 -0.471618852 -1.109375403 -0.340499523 0.773063487 0.739535980 -2.507718601 1.220764234 -0.275037535 0.569302465 -0.316400382 -0.138622124 1.439040929 -0.379806600 -1.669647231 0.109679475 0.543972685 0.956250022 1.519450711 0.693571521 2.855175006 -1.351476270
-3.938632290 27.421358131 22.142404639 -0.107611352 -0.099719952 -0.503550971 0.851417728 -0.007001390 1.214368840 0.737295798 -0.053760873 1.001331713 -1.667516086 0.675648673 0.387744788 -0.625926844 0.957525335 -0.255602611 0.417243654 -0.899851640 1.382713170 0.085199207 0.013519519 -2.209679479 0.110250711 -1.118042412 -0.852222900
-0.926387864 35.944026031 26.836138319 -0.500371372 0.281316657 0.584470034 -0.573484270 0.382803217 0.690857452 0.023692236 0.629887314 1.352938499 1.371913091 0.912551250 0.120698489 1.694104201 0.438078941 0.940258329 -1.877984751 -1.779230456 1.769474563 0.615874735 -0.119279240 0.929024472 -0.454200777 0.408729938 2.450295190
-11.055430804 32.927778673 20.835425406 0.846464484 0.175949342 -0.013279224 -0.502357810 0.571066754 -0.816985527 -0.345720860 1.299015450 1.747435197 0.426253246 -1.103047386 0.169370700 -1.524661788 1.572765247 -1.413646864 1.317934771 1.154295621 -2.849968368 0.516797543 -0.108368847 0.903601985 -1.430888069 0.640168183 -0.533883171
2.423361689 23.418091947 21.976499976 0.260711698 -0.553393207 0.582276277 0.535480818 -0.015100636 -0.409740757 0.975343278 -1.511767917 0.497427520 -1.150596252 0.068149450 2.013709217 1.345281399 0.134241612 1.032944672 -0.524812905 -0.320967254 0.241235927 0.341229982 -1.551791105 0.153439231 -1.403201119 -0.648429612 -0.957296087
-8.748715616 33.757006220 28.498955253 -0.952683767 -0.010646631 -0.157416755 -0.259808111 -0.058749524 -0.192645944 -0.169030060 -0.803491679 1.773364698 0.244837190 -0.496651852 1.659658419 0.736891542 0.821994923 -0.938809632 -0.839439841 -0.457996301 2.123750642 0.372915807 1.488838532 0.134671538 -1.876521841 0.786996984 0.093154985
-7.200119323 22.026783978 25.108723615 -0.726836654 0.216164592 0.238206667 0.606826937 -1.009727424 -0.366374732 -2.022016480 1.153201229 -0.688436217 0.411130944 -2.085484760 0.869438268 0.476258239 0.859422731 -0.923957058 0.098573352 -1.184446014 -0.537163996 -1.048378619 0.124308951 -1.416330828 0.204786568 1.033661031 0.965000638
-10.477508633 35.431053254 24.602559972 0.817150828 0.210727260 -0.354279000 -0.402920508 1.569738363 -0.949373804 0.808910053 -0.463697318 1.858783423 -0.178013072 -0.198470777 -0.206098152 -0.145528929 0.592368890 -1.157945771 -0.351251698 0.064540133 0.696417002 -0.446830011 -0.211784271 -1.080083517 0.230848016 0.056047614 -0.289915787
-9.985486305 29.535644939 23.751327789 -0.202865084 0.348873747 -0.793632884 0.455279818 -0.180252023 -0.050538311 -0.296666369 0.801174659 0.634418767 -0.298081493 0.571855353 -0.260321355 1.909590752 0.268649999 -0.086885106 -0.088943486 -0.999103368 0.181421736 0.824526137 -0.908369864 1.178635209 1.410348356 -0.365430316 1.665591903
-4.160206073 20.937408339 20.542989459 -0.252565648 -0.863967723 0.053457607 0.432333957 1.518723834 -1.993480754 0.952249252 0.148479815 1.026657955 -1.029803317 1.036988529 -0.724944081 0.831756361 -1.001578830 0.132803531 0.586281825 -0.434310969 -0.005027355 -1.170094667 1.435812146 0.698950472 -0.707452568 1.630708459 -0.775756106
-11.436314071 25.930059717 22.239277210 -0.116308311 0.989160471 -0.084022716 0.031210947 -2.107105822 -1.103175068 0.107254427 -0.226149194 -0.552300052 0.001848809 -1.159679959 0.887135316 -0.894237985 0.453274803 0.861877644 0.736076499 -0.105107944 -1.140116121 0.465854425 0.839632821 0.293344325 -1.423736596 -0.563051569 0.279483463
-0.103996748 22.276312135 31.419660486 -0.268714034 -0.498525030 0.749600610 0.342585008 1.125844048 0.781694345 -1.464577877 0.602186776 -1.006188699 -0.688443648 0.734253553 -0.918438421 0.188581284 0.486877700 2.158979923 0.028214139 -1.571422854 2.015640319 -1.469212095 -0.456706748 0.176259246 2.655790843 0.999483133 0.175567523
-6.381909802 27.705512010 25.532755332 -0.389810469 0.687208857 0.544176656 -0.282247324 -1.354484022 -0.130026296 0.598469636 1.088087790 -0.253210959 0.502136128 -1.717299398 -0.557243007 1.671253225 2.599631083 -0.278954627 1.700649417 -0.134346699 -0.028458445 0.403350844 -0.635671920 -0.775020300 0.424563184 -1.618697773 1.025595668
-4.616050729 33.428710357 17.939692435 -0.450657883 -0.884164124 0.053654907 0.110826107 -0.782382379 2.332066627 0.500670762 -0.137014380 1.630503229 0.502001160 1.913600458 0.056278348 -2.625630015 0.231532215 1.293016145 -0.809272047 0.779397278 -0.311601410 2.676173376 -1.344276634 0.532384289 1.143450416 -0.762029337 -0.798160229
4.030935717 25.544784343 26.039296894 0.011642412 0.820545573 0.556794018 -0.128646172 -0.307966188 1.308561679 0.408485132 -2.075821874 -1.090318807 -0.403744515 -0.208538597 -2.659368218 -0.323093274 0.244795451 0.124019373 -1.414767445 0.429249612 -0.663316650 -0.088877920 -0.812434704 -0.394454227 0.177414704 -1.724259457 -0.216018001
-3.238506964 20.840796304 24.625456944 -0.635999354 -0.422649411 -0.462684883 0.450327655 -1.609853766 -2.175046876 1.484136921 0.852396162 -0.805451445 -0.950405719 -0.897193769 0.255267501 -0.748792499 0.017213797 -0.030826270 0.291720542 0.223327578 0.759090715 -0.565082795 0.138803900 0.138605694 -0.076921687 1.307096856 -1.218699156
-1.310447784 20.876240119 29.142515695 0.857454091 -0.002858751 -0.344059382 0.382606130 0.643137697 -0.052403094 -0.718544043 1.900104538 -0.745879578 0.717272950 -1.382658384 -0.365946952 0.432962534 -0.747254585 -0.720550281 0.937932838 -0.541385055 0.242844435 0.955667653 1.673848188 0.169665923 0.952662680 -0.502999123 1.279934080
-1.197389648 26.777930707 27.914001926 0.573282536 0.603602929 0.145039499 -0.534765539 0.902950372 -0.750975125 0.959952776 -0.642761101 -0.942061970 -0.682212402 -0.337388095 -1.165445203 -0.279675422 -1.369333370 0.798766708 1.095318141 -0.183645290 0.920710449 -0.732622722 2.034227247 -0.907305467 0.466723967 -1.313120899 -2.108482598
-0.740603980 27.295444838 19.291773876 -0.774469085 0.381936388 0.500313759 -0.063311727 0.507360826 0.082402552 0.611021444 1.116633880 -0.264862999 0.094197074 0.714860236 -1.617796388 0.959125709 -1.303158553 -0.022046946 -0.146299900 -1.216852362 -0.328708934 -1.884418427 0.382421806 0.925923863 0.303124970 0.373348757 -0.604370963
-5.837295867 30.775402428 28.635373808 -0.668311177 -0.158844461 0.720314125 0.096312868 0.101107733 0.876799520 0.136155721 -0.164360683 -0.572095005 -0.245022946 -1.464102666 1.068326334 0.790555152 2.585459150 0.499626571 0.191910483 -0.599770824 0.633260278 1.035748669 0.742168936 0.862008553 0.087815918 0.796518521 0.535530014
4.311129809 32.373103900 28.440382916 -0.012455231 -0.174986889 -0.550686620 0.816069055 -0.387318776 -0.078923227 0.483980520 0.057883677 0.570133935 0.843685104 0.918137860 0.332141854 -0.330391927 0.257798335 0.848174092 -0.267318699 1.566858743 -0.287877371 -2.079335435 0.932179765 -0.153733431 -1.153879342 1.072365551 0.563461908
-4.693094239 34.901442159 31.859330200 0.590030785 0.239038376 0.689382271 -0.345653601 -0.264219695 0.219157596 1.816866097 0.982955848 0.551700926 -0.529525201 1.186573412 -1.370848313 -0.518397249 0.376208708 -0.206952003 1.276499893 -1.224926857 -0.263372751 -0.831121033 0.675173302 0.191141942 -1.136672717 -0.641495865 -0.172293915
-7.256124112 23.491190419 21.143659328 0.244402880 0.189201819 0.317387142 -0.896512859 -2.475964623 0.895712017 -0.518789621 0.461968466 -0.277656728 -0.245706155 -0.626377814 -1.269546104 0.170908468 0.539416738 -0.618765151 -0.445996789 0.291652977 0.430468946 0.191804184 0.678728308 0.319307269 0.831415566 1.696259230 1.154087874
3.718209671 33.433769774 22.758235574 0.887768980 -0.087597025 -0.375960245 -0.250692826 -0.837261156 1.678367519 -0.439709982 -0.111312141 1.093268412 -0.934168510 -1.751237919 2.444840367 0.937530466 -0.214737790 0.813637447 0.933207264 -0.252057104 0.821501525 0.381642106 -0.709984829 0.251948477 0.531158549 0.898278575 0.255952935
3.895043136 31.655217003 21.278597718 -0.193282675 -0.597127533 -0.455109740 0.631629355 -0.131793678 0.885352284 -0.692490863 0.237327777 0.526464075 -0.218683217 -0.278093456 0.269913422 1.083245185 0.149115907 -0.393333415 -0.839081512 -0.784002683 1.318982655 0.412146638 0.620082394 2.619649642 -0.514075311 -2.487785510 -2.274977081
-7.006817319 24.602783043 29.953008223 0.192261627 -0.401436103 0.855699949 -0.263935825 0.290862740 -1.415376333 0.752349500 0.083324849 -2.290174061 -1.181644232 1.761113033 0.162154001 -0.644849107 0.659862737 -0.363293124 -2.142016198 -0.097656637 -0.913463246 -1.031780932 1.642475918 -1.432795238 1.270718756 0.231280995 -0.876252953
-10.236710476 34.511210709 22.199992949 -0.255407147 0.466999109 0.588127624 -0.608921110 0.294030865 -1.789289802 -0.327088314 0.492069999 -0.210502669 1.201321032 -1.084535677 0.644767195 1.305645745 0.214156747 0.245542718 -0.341045946 0.772868291 0.974135701 0.048446581 -2.120291463 0.739408573 0.315773708 0.884699332 0.762283392
-5.802278552 28.751896397 18.484125380 0.483608321 0.668264904 -0.355834794 -0.439234117 1.222245086 1.232339144 -0.912027080 0.769355695 -1.262139699 -0.065572287 1.243170885 -1.026990366 0.943123281 1.732053609 -0.012995110 0.258651766 -0.115219015 -0.234371767 1.965749388 -0.713612677 0.284696739 1.160344451 -0.545198235 -0.898643900
-8.867569265 36.878572379 27.063339598 0.374856911 0.401671831 -0.383116183 0.742538906 -1.042564112 -2.399198432 1.437997971 -0.948614946 -0.684323060 -0.126328263 0.240049846 1.311580131 -1.348876676 1.774430793 -0.375312939 1.480689797 0.952213551 0.120050077 0.592281529 -0.481702275 0.295275415 0.904533102 -0.088073885 0.793733979
0.540705765 26.738779662 26.793577724 0.039481165 -0.266322723 0.940731375 -0.206247241 0.388785289 0.109146985 -0.441152865 0.704812391 0.799205134 1.275330089 -0.536508161 -0.115839260 -0.468827819 -0.239432461 -0.876978761 -0.031976793 0.637545954 -1.732369054 0.507501582 -1.700655594 0.890749452 -0.732336046 2.753367386 0.059957039
0.809870731 23.876570346 31.346522090 0.548352095 -0.174630698 0.773941675 -0.264250605 0.445178417 -0.675552269 -0.110942778 -1.247413171 1.527586970 0.885973518 -0.917255443 1.143764304 -1.474809522 -0.252672020 0.837268981 0.580269530 -0.036201942 -0.843614298 0.788249337 -0.138319036 0.876314280 -0.793232037 -2.266357069 0.314070733
-8.535947145 32.400825603 26.140480978 0.397505201 0.578375923 -0.011314857 -0.712280058 0.035017509 0.250795521 0.254219834 -0.750684858 0.628795463 -0.350477269 -1.865104701 -0.507367402 -1.164719223 -1.384104511 -0.345521938 0.214954908 0.134947395 0.107199530 0.703718603 0.989092887 0.160490842 -0.121411510 1.406227804 -0.110211438
2.222610938 30.984476088 28.180893632 -0.079896970 -0.690405812 0.520800189 -0.495705005 -1.582788643 -1.389546927 -0.286184887 0.498353107 0.919148425 0.109702081 -0.789285556 0.664488645 -1.467092607 0.118104829 -0.396678076 -1.460928738 -0.572846042 -2.160772752 0.497407057 -0.551252017 1.347146094 0.449561012 0.262359463 0.189610760
0.412807768 37.743061044 25.481669653 0.688654127 -0.169414523 -0.705018843 0.001625785 0.475032523 1.249167929 0.094431611 -1.323060374 1.635079143 0.130580197 -0.734507386 0.251865157 0.543007251 -0.802066612 0.646416692 2.237050956 1.843666918 -1.955586980 0.195567715 -0.013563426 0.224483877 -0.505876504 -1.042412031 1.633354915
-9.248013132 24.462547119 21.500759665 0.321363776 0.882088924 0.327807711 0.105766530 -0.811099906 1.588102880 -0.163863604 0.488945837 1.286884942 0.374050728 0.380901827 0.814847763 -1.119438094 -0.720614130 2.236893288 -1.834394918 0.763668178 -1.101939373 0.368653265 0.344502408 -0.322709113 -2.616053653 -0.121354505 -1.620364463
-1.442811069 27.624275271 18.453230351 -0.382817638 -0.471458612 0.787123717 0.107766816 -2.071239279 -1.227454241 0.740593601 -0.024438610 1.335174386 1.792516688 -0.813493026 -0.017339029 -0.507618410 0.268975815 1.928363375 0.270501705 -1.289648510 -0.816999959 -0.761830839 2.351204546 -1.496069336 0.164015111 -1.102063206 -2.167949596
-4.073454691 21.900154423 29.185675043 -0.750687937 0.583173899 -0.035779073 0.308375879 -0.132907618 -0.112565097 -1.609193035 -0.345777474 -0.680203033 0.659372055 -1.561138520 -0.216668108 0.365996181 0.864035760 0.280469637 1.068358038 0.406529509 -1.559450940 0.419364670 0.579082977 1.659188877 -2.166010294 -0.747575925 0.661398408
-8.245838964 24.342735888 18.521509868 -0.477315624 0.659130609 -0.546656537 -0.197188403 0.600580413 -0.676709185 0.151336644 0.334642542 2.007463844 -1.396825302 -0.651532785 -0.955582594 2.735027698 1.402327090 0.840322854 -0.665136159 -0.843758388 -0.031759117 -1.394557944 -0.801644985 0.330389665 -0.312477188 0.292429318 1.214174047
2.068533457 31.438132892 19.158881696 -0.544082000 0.289902408 -0.729669957 0.295826174 -0.448152676 -0.142883668 -0.168312432 0.818506853 0.289852006 -0.874158378 0.238982185 -0.981906551 1.494479390 -0.392589890 -0.005654255 -0.692943742 -0.547087234 2.344404080 -1.144095472 0.634520831 -0.208325737 0.028973937 1.137021508 0.568745048
-8.554465059 33.084258834 24.372726289 -0.158997298 0.369294959 0.908413316 0.114570241 -0.715606814 -1.034553489 2.757486602 0.558145849 -0.477609828 -0.591394264 1.040613758 -0.669963809 -0.015830453 1.072718438 -0.989748379 1.818262212 -1.876856552 -0.462353978 -0.345054443 -0.409932714 1.779546313 -0.441847984 -1.528204678 -0.447675827
-4.544086210 27.495307249 30.996271738 -0.071092568 0.160313969 0.961972596 -0.209413471 -0.305540003 0.486973618 1.129158355 -1.517906053 0.286162874 0.811380873 0.582869450 1.073655984 0.417189510 0.596870918 -1.727067916 -0.145269442 -0.117389384 0.376437813 2.064189956 -1.108098589 -0.391971893 0.148890600 -0.730113863 0.842849175
-3.630826829 33.241595182 22.756109453 0.680027803 -0.488639051 0.059037388 -0.543423086 0.632260923 0.485701071 -1.841021304 0.888321732 -0.823369776 -0.864952255 -1.140454953 0.600561596 0.840829556 -1.069049192 -0.371454132 -0.725890308 -0.531327735 0.443402217 1.236641183 0.264278557 0.984244022 1.047253151 0.817984378 0.845982261
-2.753195308 25.972923299 18.794038992 0.459993398 -0.191099911 -0.791285742 0.354617783 -0.366571092 0.947222829 0.432639401 0.259808674 1.687859970 0.425811419 -0.815837347 0.868059127 2.429222162 -2.632793074 -0.106329385 -0.234441197 0.449232834 -0.064180153 -1.005008008 0.700205691 1.384636250 0.585847644 -1.304156900 -1.998050736
-5.138150558 31.692615270 33.624230823 -0.390628157 -0.000912459 0.894326008 -0.218150869 -0.933569478 -1.079230573 1.997612459 0.085151929 0.099805270 -1.217779072 -0.765869663 -0.088531258 -1.057932073 1.571262372 1.404060218 0.685027298 0.107393594 1.722053537 0.843074430 -0.108193008 1.174435825 -0.930237833 -0.465284806 -0.360328447
-9.524611095 35.686059322 29.547138329 -0.649169790 0.185760296 -0.028698799 0.737053645 -0.547065953 0.508859478 0.522807626 0.315931084 -1.029711633 -0.359044472 0.235947416 -1.272435899 1.072463356 0.019930779 0.499986598 -1.223149398 0.364359212 0.902136842 1.368539552 -1.298130241 2.155475466 1.149023909 -0.486532641 1.306405563
-6.088544848 21.158340688 23.074484347 0.231457955 -0.510324836 -0.746438744 0.358921968 -0.331978200 1.031886786 0.053900325 -0.620090152 -0.618379702 1.955369619 -0.404502311 -0.369482623 -0.305821700 2.850449824 0.085750169 0.863229778 0.882130704 -1.422632346 1.437051422 0.048227574 2.798750940 -0.193682996 0.642677152 1.265302726
0.016570536 25.069543693 31.598271982 0.749640275 0.076154009 -0.656057070 0.042768506 1.276869533 0.301090026 0.192192484 0.951811941 -0.950651074 0.031590925 0.382309074 -0.420109394 0.282223541 -0.383893490 0.242505363 0.064224737 0.081037210 -1.032941844 -0.076090497 -0.592113828 -1.700481657 -1.042292298 -2.097257272 -0.093900418
-3.514963807 34.206917950 24.795045561 0.515345622 -0.400951286 -0.751240748 0.096406920 -0.975338486 0.415367213 -0.623771909 0.969066048 0.563725550 0.810631532 -0.294560921 -1.856410328 0.949379305 -0.067634411 0.378093981 -1.324628290 -1.176380654 -1.027081636 -0.487930362 -1.096164209 1.912089214 -0.267687669 -0.479196530 -1.311189497
-6.509393967 25.627557985 21.961802518 -0.056490202 -0.313859377 0.553331101 -0.769497135 0.992428749 -0.255021290 0.091250869 1.612248446 0.268758108 -1.680880028 2.754680892 -0.195250764 -0.373515823 -0.538157162 -0.160754714 -2.324782272 0.414878341 -1.015862194 -0.885792446 1.455326887 -1.209376544 -0.432753944 0.549893872 -0.012737288
1.557985864 33.246425841 26.832459836 0.301975838 -0.148032531 -0.218376058 -0.916083435 0.736576654 0.256279481 0.598147328 -0.975230795 0.935638445 -1.102481445 0.146547793 0.192789049 -0.690517889 -0.327475746 0.498550173 -0.663097902 -0.764687098 0.873631223 -0.496615813 -0.485692984 1.589278119 -0.644933413 1.701760658 1.765293658
-1.086413199 25.648548250 22.462483950 -0.299788286 0.347894096 -0.824790610 -0.329874416 1.056846805 -0.932052281 0.351563796 0.103591231 -0.062594935 -0.780187858 -1.492826250 2.538135638 0.452518376 -1.076807351 -0.630048376 -1.702118439 -1.299594969 1.212379140 -0.175866389 0.992692981 -0.013258923 0.428221106 -0.500467862 -0.234154798
2.833800274 28.657802284 23.419442653 -0.081626100 0.636535559 -0.350198735 -0.682290634 1.035246537 0.429472241 0.675429305 -0.655055929 0.972644456 1.825504447 -0.588873812 -1.657122931 -0.660622328 0.862929016 0.266424790 0.391030250 -0.260927094 -0.170330562 0.142285382 0.196459101 0.071317713 -0.000693542 -0.139613105 -0.520762233
-11.994232908 29.084691967 31.331395225 0.555192361 -0.048476337 0.772680258 0.303935364 -0.099918530 -0.958880399 -0.358692160 0.072587972 0.576543194 0.938715273 -1.360177161 -2.310017977 0.263578786 -1.236907193 1.663139506 -0.914838002 0.946034607 0.091396601 -1.255706976 -0.849878120 -1.250214476 -0.347734591 -0.327534999 -1.511697273
-2.024175093 20.665290268 24.082877349 -0.286150702 -0.380069531 -0.031664271 -0.879012117 0.329420501 -0.082337759 -0.285704504 -1.092930913 -0.090925522 -1.274112313 -0.028974149 0.623506991 0.840814537 -0.477347815 -0.445321728 -0.672399433 1.341517515 -0.430961320 0.563713671 0.099647464 -0.926805850 -0.581857320 -0.201273786 -1.100411991
-9.160225535 26.945322169 33.391299799 -0.335047618 -0.881473300 0.307511250 0.127219279 -1.720996675 -0.427674104 0.280882377 -0.550557948 1.632888335 0.475104725 1.467908902 -0.523231945 -1.440283170 -0.594738386 0.710858887 0.102796587 0.486635650 -0.032696263 -0.669722188 2.471973169 -0.580589284 2.396190008 -2.812372674 0.536628468
-11.716335146 33.896041505 24.335225104 0.366465360 0.213181360 -0.247595667 0.871179220 -1.223544861 -2.102125106 -0.827936595 0.197237339 -0.737658114 0.110614822 0.593144137 0.044823314 1.148765664 -1.178916169 1.465918838 0.578507964 -0.195377689 -0.856564685 -0.842675485 -0.216413730 -0.141832196 0.256501461 0.365101437 -0.123137120
-3.049167545 27.209388651 27.455087817 0.501343727 0.007596104 0.627493559 0.595691699 -1.054415462 -0.464871053 -1.317184930 -1.434587119 1.349814564 0.236054768 -0.310281357 -1.124893675 -1.350574928 0.269887151 1.767374101 1.848863470 0.147216602 2.002486835 0.982049925 -0.151370277 0.005677651 -0.818698457 1.803137690 0.764723326
-12.740594563 28.642403028 27.443285671 0.071573151 -0.100607554 0.956783983 0.263286562 -0.908944380 1.219382255 0.350698479 -1.698452725 -0.154918069 1.178837771 1.514272227 0.650534418 -1.365353229 0.208434684 -0.724670473 -0.671420519 0.986914157 1.710768683 -0.728621440 -0.303095435 -0.613454550 1.466930663 0.909601707 1.115327504
0.056272190 30.499729090 21.449940413 -0.295279655 -0.092452361 -0.862884192 0.399616513 0.271291041 0.197564590 -1.119029461 0.933539475 -0.483821399 -0.442390826 1.643353979 -1.942227414 2.237975630 -0.549039659 0.023567971 -1.369535569 0.688911598 3.285486325 -2.175553909 1.482161274 0.946038922 0.160085698 -1.361995565 -0.081602217
-5.339168033 29.438033543 32.195222479 -0.365909778 -0.145818811 -0.915846527 0.077923339 -0.598083532 -0.936056127 2.436594868 -2.601977538 0.475940808 -1.215310920 -1.115828866 0.145381214 0.115614693 0.317233207 0.784675919 -1.070350104 1.897168951 0.542596268 0.278713412 -0.297641733 -0.108895562 -0.918663167 -1.036195450 1.027247159
-0.271718158 31.973779105 22.358838181 -0.115954026 -0.622680686 -0.686056081 0.357981118 1.685723104 -0.689502260 -1.225596510 0.216556760 2.006087266 1.014793179 -0.797989166 -0.832170428 -0.155072044 -0.467984290 0.827387385 0.276627118 -1.088696561 -0.529524892 -1.380063588 0.605888292 -0.390776652 -0.259607779 0.719078740 -0.145017559
1.056155378 26.546557375 24.205045696 -0.294615204 -0.671727110 0.314173411 -0.602726837 -0.833445363 -0.504798182 -0.070608297 0.072114913 -1.333363063 -1.570262900 0.782591626 -0.945290239 -2.204526644 -0.331721950 1.637738318 -1.727882209 0.832752998 0.235091634 2.017242054 -0.803339882 0.154840147 0.566366898 -0.252460767 -1.004442289
-6.329636984 34.584860896 30.081199451 0.751323572 0.408074396 -0.453840463 -0.251031893 0.323620323 -0.300599825 -0.964062859 -1.420157496 -0.210969678 0.140689938 -0.211625300 0.252121947 -0.503157474 -0.031852242 0.600430129 0.729589160 -0.145482648 -0.748016813 1.418136913 -0.647253483 0.067209117 -1.160269212 -1.877543089 -0.230784595
-8.682578416 32.555551713 20.259989063 0.856994648 -0.076453229 -0.471894077 -0.192434553 -0.598710975 -1.469554064 1.042906856 0.754839208 1.115619032 0.742091564 -0.048785273 1.799755276 0.377772562 2.349664481 0.328396772 0.572214840 -0.241150399 -1.206683591 0.903371163 0.550079512 0.414199404 -0.525696427 -0.976074958 1.083651872
-1.452250409 26.101686220 26.453166374 -0.159633025 0.090115586 -0.537823273 0.822886752 -0.152340509 -0.035733201 0.456012699 0.815628505 1.404075655 0.582011423 -0.039955495 -0.372135642 0.941396859 -0.147778244 0.624884059 1.358816153 0.140788016 -0.146857464 -1.293330939 -1.791299773 1.294898219 -0.247292797 0.401948662 0.139448657
-9.861829998 26.625484302 29.125246217 0.154380662 -0.856569813 0.055778946 -0.489227427 -0.067718132 0.092701265 0.389857713 0.965064864 -1.490346136 -1.266663042 -0.645273053 1.679588455 1.034803745 0.454007711 -0.620386331 -1.488172024 -1.730476716 -0.189807271 -0.111626353 1.136966433 -0.378241612 -1.810325894 0.575527397 0.448383578
-7.152653634 25.527603493 31.204456331 0.628783147 0.221658123 0.242415318 -0.704793760 0.145690296 -2.682505214 -0.213130444 0.131808684 0.428701629 1.629958643 0.416773283 -0.780077132 -1.641795172 0.669794097 1.490993196 -1.142143001 -1.696644033 -0.900773607 0.261103042 1.043587877 2.396197488 0.005023252 0.392929347 0.088757979
-3.009593424 24.830609384 33.092588912 -0.469672598 -0.775265316 0.218413677 -0.361478638 0.157854608 -1.242416060 1.906604243 -1.898517250 1.541530612 0.747509104 0.286350537 -0.525985539 1.040784644 0.106479216 1.275017498 2.508509242 0.170135855 -0.841056922 -0.470436282 0.436617512 -0.227015894 -0.201412581 -2.109194339 -0.123849810
0.141829776 33.245126699 20.021924516 0.522491868 0.248530203 -0.576155641 0.577303788 -0.392954252 -1.080109658 0.406622113 0.686586170 0.827712870 1.114095915 1.185426745 1.476287897 0.635998802 0.843717448 0.038721810 -0.656309098 -0.040243301 0.037802517 0.098843563 0.274135243 0.793562417 0.483365431 1.900054648 1.512296208
-9.655745270 31.055831384 27.759347493 0.522379171 0.488639310 0.271919718 0.643747849 0.407290389 0.216029080 -0.071257508 1.420268440 -0.952864607 0.105355470 -0.466667959 -1.793966581 -1.217560874 -1.117247518 -0.130123667 -0.492011475 -1.223869329 1.769058423 -1.473720676 0.688577796 -0.443085922 -1.015256390 0.472333735 0.151632503
-0.806258425 34.200145522 30.752171858 -0.140206955 0.162850492 0.057060512 0.974969653 0.875771444 -1.686903027 1.980303847 -0.552259228 -1.022929588 1.062990697 0.962816196 0.496018601 0.126475432 0.750051732 -1.369575209 1.398705979 0.719042904 0.639826878 -0.793948927 -0.640044983 -0.661354962 1.374362678 -1.515843423 1.724571183
0.901511499 30.416471106 28.180080401 -0.062807445 0.380306470 0.898387521 0.210528088 -1.286436771 -0.526890274 1.049181200 -0.043084397 -0.848816043 0.459266412 1.418649970 -0.789536708 0.490224987 0.294208323 -0.222962405 -0.829026344 -0.649846089 0.021508983 -1.439858960 0.480616066 1.415819316 2.625917175 0.527920114 -1.273803998
-11.373059603 30.140203616 21.839148422 0.306243676 -0.185944659 0.394322889 0.846255785 -0.539077024 0.016322515 0.102499428 -1.520191694 0.708760810 0.945700252 0.072914291 0.083880261 0.257502328 0.934789357 -0.401993415 0.075443443 0.367680743 -1.471032817 -1.061502039 -1.432507241 0.239363098 1.716730732 1.711789649 -1.111596457
-4.648183427 23.454963126 21.593104035 -0.515756272 -0.461127828 0.089797460 0.716444702 0.429345406 1.441375877 -1.249780832 0.048695521 -0.437905965 1.031904061 -2.052578264 -1.867676721 0.553988698 0.415304065 -0.525055272 -0.146263907 -0.118757858 -1.470730792 -0.422124939 -0.529641584 0.713118174 -0.129049100 -0.893858318 0.641553055
-7.558129021 37.296258055 25.076014789 0.582481359 -0.674635963 -0.306245890 0.334357949 -0.208610943 -0.203931202 0.922047359 -0.446398381 -2.378982290 -1.606278559 -0.459271547 -0.654867474 0.117766811 -0.165358702 -0.677522922 -0.996119247 2.194976734 0.063161442 -0.247706806 -0.573141779 -1.374539395 -0.343412004 -1.544328536 0.777731667
-1.828651310 22.710142635 26.008005206 0.041903507 -0.081229910 0.854925714 0.510634724 -0.419231145 0.821670887 1.130536060 0.685746282 1.892665708 -0.191560801 0.107580651 0.388782190 0.085942145 -1.399864315 0.313385179 0.180098584 -1.167391389 0.626704113 0.497358333 -0.699442373 1.329318999 -1.086272867 -1.527562422 0.195835506
-10.714411310 31.609542664 30.105454303 0.419530336 0.282250057 -0.726371967 0.465524401 -1.111039898 0.667735524 -1.243498429 0.680531821 1.676696147 0.792953040 0.516739807 0.805345962 1.038724639 -1.009740499 -0.453331130 -1.309819339 -0.261716530 -1.677926293 0.285780621 -0.108872467 -0.219674800 -0.560909275 0.361664333 -0.190943781
-5.004026015 21.145253658 19.910296255 0.165078459 0.083141441 0.291907323 0.938417134 0.993394039 -0.473851311 -0.566408039 0.987090455 0.081786371 -1.295972181 1.065349496 -0.082094246 -1.055547776 0.327641289 -1.116775215 -0.965096987 0.357051620 -0.619880072 -0.941615173 -0.393660351 -0.271876789 0.486259076 -0.577543967 0.501252373
-9.085148813 32.635492460 23.055996289 -0.854259773 0.427701362 -0.252751460 0.153063663 -0.680552558 -0.079485888 1.553800163 -2.189612362 -0.827270163 -1.719913285 -0.819116715 -0.148071257 1.530759677 -0.456537195 1.625096260 0.036587218 -1.032327002 -0.384496891 0.715371065 -1.782389796 0.105200428 0.753112677 -0.660438951 0.528455025
3.886905537 26.637053563 27.792729180 0.515679545 -0.800245527 -0.074527705 -0.296862468 1.222516804 -0.793125744 1.959326256 0.264905343 0.078231201 -0.493607389 -0.974890778 1.077885990 0.052379698 -0.054385138 0.072135413 0.667664222 1.200066805 -1.210676934 -0.753330359 2.182560665 -0.271384923 0.031238275 0.565327264 0.502059768
-0.974307778 23.545269080 26.056609228 -0.406156688 0.095573245 -0.476484006 -0.773864001 -0.160589770 -1.473269581 1.871708613 0.849356538 0.218764847 -0.428905597 1.509840601 1.380612618 0.091399467 -0.476134523 -0.332605729 -0.213658183 -0.593949526 -1.210004402 0.946028617 0.477969087 -1.084030984 0.328475298 -1.327792798 0.371172576
3.840992936 24.464283348 26.043688554 -0.119482588 -0.444578385 -0.853677176 -0.243534903 0.218462264 -0.030921144 1.935255397 -0.087092099 -0.181107793 -0.358545317 1.279214056 -0.841912605 0.174684514 0.270690701 -0.198583890 -0.330567537 1.760620203 -0.351793815 1.647250513 0.126951593 -0.966712180 0.439632320 -0.477566047 -0.458722385
-5.539183409 34.249990978 23.440232235 0.669140845 -0.520714376 -0.179728092 -0.498803450 1.463960102 0.820726398 0.141300014 -1.113851142 -0.594014337 0.677641995 0.813421376 0.572909641 -1.762017996 0.275364623 1.461831100 -1.825320123 0.770368151 0.919897689 0.794337537 -0.610648284 1.528584841 -1.280221160 1.018421191 -1.360152242
-3.745480096 30.867216592 23.035716028 -0.169043411 -0.630662645 0.314046086 -0.689248874 0.233717518 -0.935218327 -1.684574028 1.212287666 -0.136246410 0.909977053 -0.090842938 0.514021738 -1.473479310 -0.765619879 1.847485488 -1.682569907 1.871618984 -1.716979160 1.078346930 -0.891709414 -0.248043870 0.018271166 0.518422074 -0.548501794
-10.743437811 29.971068773 25.010926388 0.387945213 -0.080421885 -0.331273251 -0.856322875 0.962766842 -1.182622427 0.167298062 0.874696302 0.046959197 0.737051753 0.897607051 -0.498327626 -0.967770609 0.612327606 -0.358974046 -1.187019874 2.205227620 -2.131440646 -0.722576563 1.208918980 0.609707935 0.614211769 -0.798407112 2.424515033
-4.660407342 27.396031329 26.904696986 0.056463680 -0.449633659 0.771151182 0.447177012 -0.337158762 -0.481042021 0.550961175 -0.696455377 0.486274426 -0.003979362 -0.509243405 0.697906116 -0.007533027 1.288512027 -2.492582834 0.410636173 -0.368905565 0.532775811 0.588616957 1.043294346 1.375090206 0.713017566 -0.072468380 0.192465559
-9.392523171 33.287260999 27.528040248 -0.307750320 0.045544720 -0.903735273 0.294071379 1.501316727 -0.974197536 -0.663347877 -1.556734378 0.445906115 -0.504705800 -0.073359623 0.404244049 -1.258984165 -1.105874975 -0.863651050 -1.016051370 -2.109973027 -0.089336901 -0.973685612 -0.121284704 0.234518259 1.033147438 1.378838488 -0.710775691
4.473176328 29.195386857 21.866851989 -0.467885684 0.128010501 -0.621803990 0.614862664 -0.768205619 2.001854314 0.755003626 0.908018187 -0.344771142 1.005700576 0.099402513 1.093205466 -0.502005420 -0.234831597 0.136179445 -0.037007191 -0.388197246 0.619381265 -1.356083720 1.864329058 0.354411556 0.551601225 -2.720464003 1.034594540
-3.899744680 26.279385553 17.397885009 0.158127098 -0.414376926 0.660468574 -0.605862070 -0.398390338 1.595193142 0.848620620 0.136244965 1.347130461 -1.684171146 0.911445325 -0.137649737 -1.301212211 -1.486458120 1.204271605 -0.561586450 1.009194554 0.362746200 -1.001294661 -0.266898837 -0.146266688 -1.627679765 -0.213138737 0.475847570
-6.019420832 20.404983664 25.952787547 -0.149805432 0.674680750 -0.383695453 -0.612488381 -0.448522676 -0.002436857 0.835074459 1.745456406 0.562921895 0.445490776 -0.796261411 -0.706247166 -0.272556153 -1.151452752 -1.127959172 -1.417165443 1.413428569 -0.204959655 0.276421078 -0.358060492 -1.157146069 0.074011922 -0.374665207 1.261813859
-0.430037350 33.409721590 23.776948189 0.117385630 0.529306409 -0.840049007 -0.019313337 0.505399853 -0.305229550 0.328479940 -0.122911819 -0.556469016 0.629854713 0.130014461 0.167283945 0.214926460 -2.567317357 -3.622175581 1.383839306 -0.499937124 -1.358498342 0.735164347 -0.414804315 -0.085409952 -2.293088765 -0.054797634 0.961744502
-4.812468042 34.974855690 19.345641219 -0.444452803 0.198142122 -0.198554749 -0.850751090 -1.347736716 0.378995998 0.275335450 0.972959194 -0.084981586 1.047361538 -0.869862359 0.741933433 0.601934824 0.246041942 1.786021638 -0.230204463 -1.422233251 -0.350188159 -1.777264253 0.755464226 -0.013333294 -0.721459370 0.078828493 0.562183911
-1.413407604 35.858628418 30.204801344 0.616923572 -0.095008803 -0.046006169 0.779911575 -1.122568479 0.812444391 0.963630845 -0.249387563 -0.817434632 1.357677156 0.124095548 -0.487771463 0.441405681 -0.379459240 -1.389508160 0.522752892 0.894525061 2.038021574 0.140888440 -0.784238544 -0.610231128 -1.529652732 0.143851903 1.456069565
-7.802887965 27.628918410 32.031670421 -0.054849562 -0.940628645 -0.319200836 0.101587915 -1.407128677 -0.748098645 -1.521871067 0.709843529 -1.008838713 0.380841603 0.442205888 -0.523140299 0.908293884 0.548367060 0.251525431 -0.103188412 0.777068762 0.261078270 -1.005595845 0.364152421 2.466647126 -1.856139345 -0.392944022 0.310301501
-2.717426824 35.001460471 27.135025255 0.169116090 -0.800301542 0.004363044 -0.575237477 0.245711062 0.913035507 -0.003640146 1.122617987 1.221402788 -0.769878943 -1.206035376 1.083267299 0.329191948 -0.279884621 -1.658076082 0.458823126 -0.228203038 -0.983887237 -0.440066383 0.477240188 -0.734812809 -0.235052682 0.083106158 -0.716068758
-3.207368213 24.080316449 33.262207718 0.024916968 0.524238254 0.824778781 -0.210459879 0.666977009 -0.866399882 0.261528878 0.175368402 -0.843607552 -1.901339710 1.590310350 -0.137458928 -0.114184800 0.050945460 1.248597242 -0.506555845 -0.656340155 0.531784379 -2.127897835 0.304854243 -0.363241487 0.290177399 -0.505051820 -1.916077033
-1.693579249 37.253694746 26.881265766 -0.391725486 -0.177736189 0.104630683 0.896667949 -1.555797889 -0.404992851 1.566193749 0.183836720 0.244710270 -0.256462961 -1.533387660 -0.740987129 -0.537122214 0.370521472 1.157291148 0.281169476 -0.584983461 0.239790433 -0.254314343 0.893108857 1.161724300 0.058008163 -0.116495984 1.412195795
-5.242424109 33.914086486 18.123658813 0.081025508 -0.384464419 0.820745086 -0.414728202 -0.946826388 0.078539489 0.126339965 -1.466428884 0.370806972 -1.277006585 -0.288125019 -0.719196139 -1.106868255 1.659714763 -1.168602705 0.268984741 -0.620998936 -0.312352596 1.052464380 1.071594781 -1.169678878 -0.114784601 -2.462349015 -0.322554076
-3.174997778 33.424746685 32.858605617 -0.353289619 0.728397984 0.106343669 0.577333392 0.461716338 0.355174899 -0.085484719 0.074934385 -0.235759315 0.032981707 0.284098029 -0.721077216 -2.337805634 -1.494574264 -0.364383455 -0.122436894 0.713905625 0.133375811 2.177336532 -0.436264453 -1.791300724 -1.094394998 1.005355440 1.170289723
2.362379727 23.958581121 30.096832914 -0.369472752 0.922672918 -0.096042311 0.054225886 -0.296693928 0.528389637 0.512530308 -0.404949356 0.131066065 1.156127850 -0.865589736 1.817057061 -0.705633401 0.659821671 0.365170108 1.171709811 1.954090634 -0.939767550 -1.899500242 1.044229541 -0.134136539 0.186789220 0.257336791 0.125429237
3.067865058 32.128403508 25.493225753 -0.679936732 -0.365680295 -0.069204652 0.631802721 1.652025483 0.233123556 0.724932882 -0.493793771 -0.094769991 -2.484270231 1.634860158 1.118400830 -0.198414937 1.378752920 -0.142404182 -0.631204673 0.050983688 -0.971929699 0.072610160 0.743445466 0.032418866 0.431966508 0.811458486 -0.624075551
-9.982750624 35.639925073 26.196038073 0.375319427 0.512080423 -0.674257564 -0.377207776 -0.067384744 0.543982250 0.330689269 0.887929054 0.060822803 1.091146658 -0.000403852 0.712925417 1.002588693 -1.394715080 -0.401463913 -1.339656704 0.782496654 -1.003581970 0.734729634 -1.280873696 -0.199086353 0.905549583 -0.148888355 -1.269489483
-6.966273550 28.999860479 29.992175951 -0.907567522 0.056269922 -0.416112255 0.002340975 -0.032307476 1.482250582 0.945439437 0.010140936 0.439041938 0.392550921 -0.302499597 0.225716456 0.687460198 -0.974819481 0.139500131 -0.201595685 -0.661584143 -0.319382725 -0.258566532 -0.528759853 -1.009670823 -0.191914981 -0.813627524 0.880976396
-1.359557080 34.349158664 32.638325580 0.316919421 0.588359015 0.216464530 0.711715432 1.966863854 0.008088938 -1.262433022 -0.151460489 1.637539407 1.801298719 0.182152825 0.966526072 -0.237796197 0.656432357 1.194065394 1.093286499 -0.552850757 -0.419318815 -1.109830074 -0.090894795 -0.608617716 1.284256346 1.193021673 0.354844514
-9.001586710 24.348068238 28.809351544 0.026489065 0.679712869 0.659597489 0.319718466 -0.350913277 -0.723524042 0.056210182 2.592856506 0.826186437 -1.317912054 -1.106747892 0.008465148 0.660253257 -0.106289947 -1.332706790 0.837436983 0.664722155 -0.379920289 -0.191527890 -0.183353796 -0.812112047 -0.621692136 1.408864716 -0.526099484
0.496931779 34.951171158 29.543533932 0.795406095 0.212949287 -0.366886634 -0.432869430 -0.903266248 -0.126203879 -2.031551325 -1.480285289 -0.595282356 -0.863924593 -0.315765524 -0.545106553 -0.347137654 1.728870440 0.817648587 -2.203697609 0.245032257 2.685691813 0.599079112 -1.557600171 -1.205798599 1.016754557 0.385466595 -1.471366772
-0.750371049 33.701146324 21.788697991 -0.487589090 0.689248852 0.007986348 0.535844304 -1.373597660 1.051137736 -1.752540835 1.913869758 -0.619561548 0.182275764 -0.066827810 -1.465114030 0.160441203 0.357857362 0.649372262 0.889150506 1.064827605 -1.588250178 -0.937730733 -0.628850515 1.054903444 -1.007939204 -0.728388727 -0.188645309
-11.225063085 35.346995550 23.123362053 -0.440447139 0.797296481 0.276979813 0.305952320 -0.386293802 1.004934026 0.640524326 -0.847526639 0.137052269 0.087191567 -0.112146848 1.996014157 1.101311465 -1.126039101 -0.330298320 1.188197909 0.143007803 1.251972822 0.124456744 -0.773374776 1.279640998 -0.717388463 -0.862774303 -0.645453390
-1.028288873 34.676695337 25.239139694 -0.187820709 0.655103798 -0.270650418 0.679934370 0.474203115 0.779313058 -0.863992341 -0.652238948 0.617508124 1.251525735 0.328893724 1.281658927 -0.072507441 0.341719313 0.425115890 -0.873576149 -2.326923155 -1.564006179 0.321551020 2.299954054 0.279126660 0.955165165 0.218691929 0.279844927
-9.120538405 34.066762812 20.827551950 0.069981017 0.691252642 -0.624772884 -0.356274173 0.113293902 0.643740456 -0.710301223 1.691503040 2.890243192 -1.205379330 0.673287511 1.847221095 -0.331469237 -0.332893724 -0.079959658 -0.619381357 0.239208040 -0.715877088 0.941791187 -0.940426492 -0.104587759 0.411434903 0.573131117 0.841889048
-3.726844335 22.887560810 23.257039152 -0.121860029 0.482405223 -0.396818627 -0.771343186 -0.527924572 -0.649196654 -0.113277190 0.874117811 0.733855060 -1.892409873 0.207221834 -1.173543548 -0.418668488 1.729697240 0.989414031 -0.208403695 -0.078233293 0.930132021 -0.060475088 -1.192077828 -0.898096105 -0.379423841 1.610071706 -1.321692125
-2.994887908 24.082467069 23.726627128 -0.362560713 0.864305673 0.347677836 0.025407787 0.332968593 0.329872017 0.983314790 1.351558049 1.550025639 -0.983636941 -0.311202951 -0.796402217 -0.652827425 -0.217736197 0.491575912 -1.488028681 -0.335952057 0.977191025 -0.645322905 -0.877345977 -0.923007351 0.445255042 0.101508963 1.435829109
3.509275521 32.343731166 29.217237358 0.354464883 -0.417904640 -0.562540926 0.619078400 0.193763443 -1.300665749 -0.486999776 0.782402564 0.852441860 -0.525333780 -1.366677704 0.281091329 -1.821515610 -1.194942701 0.675650313 0.644768382 -0.133026452 -1.395153383 1.608563411 -0.189503544 -1.284324124 1.249116114 0.100480232 -0.848167889
1.006119739 26.220623154 22.932269799 0.574563494 -0.185966873 0.676769040 -0.421042491 -0.875072508 1.376346458 -0.964999743 -0.698157557 1.222857905 0.865647718 -0.038751849 1.243136806 1.188943458 0.270126540 0.494611162 -0.520209779 0.141022514 -0.783371321 -1.251386717 0.359393086 0.099085307 0.210773936 -0.778784402 -1.274601451
-7.102976630 24.867946557 18.779929975 0.381882628 0.819770563 -0.419540544 -0.078279085 -0.302666424 -0.176718372 2.764195180 -0.052535329 0.033086708 -1.403149476 -0.369270766 1.466876963 1.557132959 0.886460243 0.586192851 0.584081320 -1.140906307 0.230919326 0.273989194 -0.156159634 -1.308570723 -0.308168954 -0.687922296 -1.501066557
-11.281133764 28.571686378 26.521370934 0.824841615 0.387716979 -0.288063550 -0.293821791 0.404919835 -1.160578283 -0.440667440 0.330938866 1.347988571 0.731009359 0.767554602 0.975627571 1.130427108 -0.441672978 -0.284481609 -0.119371107 -1.200978386 -0.742349256 -0.507210636 1.085439690 0.816285697 -0.331119295 1.120262560 -0.571791038
