20.145482098 26.228787362 5.576520215 -0.357267643 0.052198217 -0.932511037 -0.007638315 0.099194498 -0.460751062 1.194888559 0.085264859 -0.146917852 -1.358089655 1.258393828 -2.016279655 -1.854843319 -0.416910088 0.916741940 0.395008925 0.164325477 0.169595571 0.834174010 -0.069635600 -0.169567323 1.874683766 1.000456897 1.118618068
33.441892052 21.121581588 8.689094708 -0.225969248 0.364741891 -0.187464367 0.883605321 1.864553655 1.632153963 -0.930933492 -1.237038135 0.045755831 -0.490127663 1.101498545 -1.790346580 -0.113693715 0.047699758 1.342777679 0.399661709 0.142659967 -0.022312422 -0.185130045 -0.452396921 0.810568605 0.020761456 -0.694063327 0.669940571
24.957472897 19.282095070 0.140052014 0.112694240 -0.643071253 0.583228674 -0.483325652 0.002010415 -0.442306473 -1.362352405 -1.755980261 0.098869178 -2.246232152 -0.722307094 -2.102587967 -0.731512103 -1.760964671 0.032463653 -0.686995336 -2.100869785 0.595926517 0.567659961 1.493122499 0.188871906 -0.007770467 -1.278503806 0.198374773
29.068502445 34.786920441 4.911807412 -0.688054153 -0.499083953 -0.340645444 0.401817586 -0.740257860 0.260084752 -0.992199004 0.671145087 0.631194105 -0.466361197 0.523499129 -0.839301260 0.411747760 2.528510123 -0.945676751 0.127929857 0.344010329 0.115469648 0.833223281 0.350146749 -0.615149429 0.608604918 1.516273242 -1.125898424
30.181494528 22.473554420 11.355714107 -0.821474071 0.016687781 -0.061128148 -0.566714407 -1.477934841 -1.150834246 0.029523254 -0.819818197 -0.409027338 1.691712945 -1.436369001 -0.554236241 0.778302240 -0.598511542 -0.497344459 -0.462821281 -1.446623580 -0.785295394 -0.723060119 0.718941416 -0.895183951 0.546171550 1.196234699 -1.138847508
33.033858918 21.289034731 3.669379934 0.666128327 -0.278864469 -0.625440553 0.295519498 0.803076892 1.174674795 -0.628868628 0.888510868 -0.734167464 -0.096933017 2.290459013 -1.654717310 1.153517045 0.562312931 -0.192450323 1.619905059 -0.819899528 0.927974426 0.048813057 -0.498505109 -1.608084680 0.450431499 0.349786606 -0.061819277
20.706367395 21.252531545 1.635608358 -0.766350909 0.014782198 0.620776873 -0.164693185 0.225763520 0.337623744 1.062761615 -0.888280437 0.498500471 0.494833323 -0.171614636 -0.876601547 -0.136703962 -0.040481537 -0.011583823 -0.568102011 1.316250858 1.502631268 0.064519162 -1.667049145 -0.627663231 0.118536595 -0.257586755 0.185137873
36.043834274 23.968363110 4.219477485 -0.698422194 0.538348341 -0.057454629 0.468066735 -1.675375563 0.170998754 0.968928798 -0.188306586 1.617121184 1.290116451 -0.174152437 -0.115356453 0.907870614 -0.244074973 0.147247946 2.181674112 -1.763632068 0.865703786 -0.393325392 0.403760400 -0.486698285 -0.870741353 -1.208077384 -0.553883614
27.105566624 20.797423809 11.893183324 -0.373280939 0.184514277 0.231024337 -0.879342697 -2.136364662 0.097265562 -2.380554574 -0.966437629 -0.784809829 -0.418113813 -0.434419620 0.289794626 1.650612832 1.081968006 0.021555712 0.574291684 1.871347119 -3.395444980 1.680541987 0.914671267 0.205158586 -0.811265779 0.373675894 -2.286917946
21.907498037 25.773709039 11.707088342 -0.859675605 0.470064062 0.023709313 -0.198583734 -1.028448772 -1.437418483 -0.279869134 1.762372782 0.251919483 0.746789728 -0.056095017 0.525864840 1.165799116 0.218231586 1.885913383 0.675971094 1.889044639 -1.683896036 0.122858047 0.878354507 1.302392739 -0.926226806 1.633323760 0.084512456
26.390031732 32.503215597 12.454745262 -0.765991803 0.497424775 0.370757939 0.168415265 -0.958794187 0.413401143 0.046148943 -0.157036525 0.586357828 0.354962236 -1.712798111 2.326828563 0.369543470 0.894176769 -2.503898800 -0.768463557 -0.417823075 -0.091701744 0.588184079 -0.880975574 -1.733637652 0.272882089 1.281264041 0.692628605
24.242996793 24.605123641 2.184810007 -0.810693789 -0.293739124 0.399463556 0.311322620 -0.360939113 0.739965333 -0.878256090 1.115726602 -2.680319103 1.504265786 0.694061288 -0.568599143 0.730667647 -2.474789432 1.636981097 0.723792105 -0.815743408 -0.935044443 0.361329491 -2.432168690 -2.123789888 -0.118340263 0.057742522 2.100271668
28.978578669 24.175699968 6.488257524 0.251169847 0.375685603 0.890616413 -0.050758642 0.648676024 -0.874863144 1.446059067 0.164957628 0.834912909 -0.181631717 0.136290300 -1.080187810 0.787597706 2.133948926 1.080908337 -0.827199142 0.161142955 -1.164115679 0.529710868 0.304264797 -0.827687969 0.449859045 1.402747955 -0.525479890
29.867734433 19.815563184 9.957509737 -0.810644559 0.516346577 0.000487614 0.276118406 1.285715379 -0.452622672 0.432026964 -0.925223614 0.379827934 -0.711546899 -0.165715755 -1.769472699 -0.324916411 -0.340462205 2.222189892 0.479576776 0.997158348 1.770254359 -0.525237689 -0.719208505 0.175050407 -2.028913841 1.195063433 -0.725673772
27.887973566 25.528275948 -4.861549147 -0.017202059 -0.556375197 -0.306578881 0.772114058 -0.678866852 -0.655345631 0.235152747 1.027225127 -0.947839613 -1.828795797 -1.048726721 2.348305881 0.666697327 -0.082206039 0.628694937 -0.802885517 -1.588697834 -0.120004030 -1.290534162 -1.297506841 0.526114364 0.097326943 0.558050374 -1.770506249
33.079087273 24.405039858 6.080676266 0.905854285 0.039012653 -0.134768191 0.399679325 1.475833490 -0.447907698 0.094252592 -0.300805377 1.345864317 -0.914179087 -0.117300239 1.191799599 -1.028290779 0.963552228 -0.581063437 -1.638384148 -1.594538527 -0.413562079 -1.621028747 -1.433115182 -0.241347081 0.381505762 1.040608704 -0.258107795
28.883817834 21.166173240 -0.572334768 0.732759704 0.306434458 -0.171398717 0.582909615 -0.397695848 1.294817733 -0.622990574 0.010205108 1.184050116 -1.382382856 1.710779572 0.179647718 -0.561220816 0.324076168 0.304254518 -0.195620998 0.943874489 0.210103260 -1.358228059 -0.181505373 0.552995585 0.948272859 1.190184211 -1.001765031
36.090834289 30.523497783 7.230235200 -0.932419519 -0.033938405 -0.359748619 -0.004791373 0.075459533 1.448549170 -1.289854413 2.041822667 0.831350682 0.033907280 0.010879306 -1.352737397 -0.720432960 2.006474136 -0.927442746 0.715713996 -0.740144615 -0.438737843 -0.058341891 -0.941229745 -0.524464942 0.223509240 -2.224153310 0.694125279
29.386133593 20.745341593 1.695661449 -0.013926135 -0.168067927 0.173022732 -0.970372284 -0.551202283 0.929687235 1.120172718 -0.882147033 0.344438661 0.481415292 -2.131162565 0.287492129 0.180116114 -1.059642848 -0.472776925 1.370695501 -1.138370761 0.138166812 -0.562287731 0.934916865 1.963682126 -1.193968748 -0.263272551 -0.150675125
28.232602083 29.699885632 -4.118462467 -0.962406214 0.202267925 -0.087041990 -0.159014646 0.471386954 -0.696438975 -0.815355209 0.410878503 -0.052435680 1.040373436 -0.055477187 -1.096065242 1.477149302 0.243629846 0.557733095 1.567294984 -1.211633960 -0.237699974 1.246469308 -0.229270134 -0.367164264 -0.641817664 -0.172087109 -1.879405198
31.887882273 33.509388200 -0.033538807 -0.321398462 0.298657213 -0.430649519 0.788700126 -1.805630209 -0.635255812 -0.003154066 -0.100381326 0.751222600 -0.150300361 -0.164791832 0.411796756 0.796013512 -1.885014125 -0.062477450 0.558484716 0.841666769 -1.058035208 0.262973383 0.324097691 0.235192111 0.629383791 0.751033845 1.409451527
27.269915797 32.323056522 5.578759107 0.443500944 -0.221141165 0.039317968 0.867673669 1.149519717 -0.142325052 -1.126358330 -0.772380611 0.082295119 0.909293285 -1.047467268 -0.800008018 -0.108179235 -0.571648495 -0.258270130 0.061151814 -0.893209187 -1.038946332 -0.454810345 -1.444747713 2.017110774 0.642885618 -0.194791706 1.770865348
22.620757525 21.983608323 10.720339976 -0.815274032 -0.380868378 0.318686480 -0.297836296 -0.706905643 2.952984493 -0.413890606 -2.160628092 -0.304125870 -0.005573522 0.261103430 1.034275569 -0.253278056 -1.240962963 -0.656991494 1.374110633 0.389582315 0.711673331 -0.537260800 -1.261570677 -0.803275698 -1.388357207 0.198439457 1.229257291
30.207230440 32.242538762 -1.172418239 0.880070063 0.353988977 0.071963938 0.308203958 -1.225090676 -0.043873789 -1.240709302 0.880598544 0.995356682 0.440808844 -2.054419631 -0.912992902 -0.921667594 -0.521301885 -1.142923413 0.269961956 -0.405056528 -0.833247539 -1.449336306 0.004845334 0.776131972 -0.099004161 -0.123434556 0.014936780
24.463893778 26.822571051 10.620816117 0.550891716 -0.344046040 0.023479838 0.759999563 0.173201720 0.877276375 0.746337862 0.767507223 -0.293390279 -1.390903884 0.102083564 0.051067441 -0.206635231 0.107426440 -2.250315916 -0.140728580 -0.317382283 -1.571885653 2.083682791 0.422861894 0.582065788 -0.535213566 -0.311468849 0.655349564
18.791668605 29.326767328 6.704571554 0.223233302 0.388402965 0.815266630 -0.366947342 2.450916939 1.590352564 -0.266682502 0.055258379 0.915574061 1.252028627 -0.570581044 0.065437135 0.596937779 -0.610509289 -2.267536516 -2.432740732 -0.826841650 0.674262578 2.139165494 -0.291592648 0.086475129 1.539960272 -0.328485933 0.077609954
29.897826648 25.196602540 1.715045381 0.796002138 -0.110801710 0.593791377 -0.038927858 0.621246034 -0.833953311 0.775704169 0.110106694 -0.649180362 1.305478471 1.029330080 0.972085522 -0.824292912 -0.915268305 -0.495047149 -1.323387535 0.939293023 -1.452537858 0.317050476 -1.396760328 -1.354993236 1.941504084 1.047979085 0.438604684
23.427955134 24.690139690 -2.754003508 -0.350240478 -0.536385705 -0.687859706 0.341278490 -0.755317406 -0.242343955 -0.295946967 -1.050260236 0.183159550 -0.037734856 0.545765364 0.148645686 0.798426655 0.307240108 1.520896809 0.664839314 -1.303471547 -0.337623038 -0.163848738 -0.576445853 -0.891815303 0.623207723 0.369978495 -0.577694851
23.006008111 33.856285490 4.200641026 -0.545301655 -0.009939724 -0.806505066 -0.228247420 1.073889553 0.661309397 -0.457995363 1.732190050 -0.772856619 0.084809969 0.114861571 0.564963634 1.538317477 -2.336436509 0.391148074 -1.097828451 -1.103128313 -1.328696100 -0.917166987 -1.326938734 0.413758100 0.799357768 1.138013940 -1.383761202
28.892736130 23.195719423 5.937351019 -0.088207135 0.138765738 0.631163034 0.758021633 2.019109753 1.149052353 1.246840363 -0.865636421 0.942281165 0.277912730 -1.085187562 -1.494096999 0.829261523 -0.586662517 0.195202406 0.310190831 0.562752692 1.200866131 0.391208212 -0.619445304 -1.008849926 -0.993790380 0.585853307 0.035980077
27.763732436 34.428845062 -0.603925284 0.212933567 0.641819399 0.724559664 -0.133193277 0.599495532 -0.691213328 0.436421060 0.139335861 0.565877674 0.394775930 -0.938511687 -0.510349143 -0.800536222 0.212262862 0.133060435 0.940309821 1.333754250 -1.364202686 -0.287507596 2.574001068 -1.943132463 0.105354180 0.621776506 1.846649159
23.205786163 25.978141066 5.794218492 -0.472333860 0.326764756 -0.237186143 -0.783497449 -0.655637257 -0.774383278 2.564989504 0.633181776 0.952515829 -1.445965246 0.111353255 0.986511246 2.342504008 0.043122260 -0.596009660 0.664066546 0.339257229 0.781279885 -1.465645625 0.280411285 -0.444100667 1.427653810 0.460997090 -0.412084422
24.505606715 27.368634954 7.408967687 0.558181620 0.298202691 -0.649646381 0.421269526 0.252990953 2.414717030 0.772562508 0.284476844 1.093194084 0.424583997 -0.566145971 0.226266077 -0.237767508 0.577859259 1.410493943 1.422178253 -0.635882788 -0.495053229 1.046237622 1.440840938 -0.479989533 0.304232454 0.564602807 0.069099160
29.556251516 20.756546475 12.273054923 0.239771259 0.599377905 0.487199183 -0.588126540 -0.726119168 0.736433506 0.302645726 -0.291190018 -0.512956971 0.612936563 1.786208966 0.267491076 0.503812442 -1.181596798 -1.326123091 -0.980299952 -1.126182923 0.142094791 -0.232134238 0.681363902 0.191637534 0.669904539 0.579485022 -0.477271979
32.225222808 23.963440976 12.879865874 -0.496925867 0.130216909 0.857671709 0.022527284 0.787476102 0.311257766 -0.928514626 -1.420124649 -0.454926744 -0.594661568 0.890664934 -0.304540813 -0.051727713 2.620379639 -0.796921755 -0.276624115 0.669396866 0.228109614 0.253757902 -0.023786828 0.035901681 0.055313056 0.604056549 0.439493545
29.053215060 24.606264865 -3.772400983 0.065919934 0.016199817 0.745700206 -0.662814703 -0.182096594 -0.097016863 0.921273237 -1.065812600 -0.461579715 -0.695055386 -0.069050900 0.371377702 -2.996812735 0.153426567 1.410269463 1.206705499 0.238393027 -0.134597827 0.636949448 -1.357788516 -1.782690086 -0.729429195 0.516552225 0.900216257
27.005012353 26.763750127 3.072780835 0.242005754 -0.055640306 -0.300166974 0.920997915 0.948430863 -0.635465220 1.049148414 -0.056897903 -0.194309505 -0.511843829 0.003640896 -0.248654385 -0.834353747 -0.554647627 0.667197803 -0.018909317 -2.238180952 -1.611468505 -0.095789386 -0.250617155 -0.600657550 1.670648011 0.813714592 -2.664648446
28.488335375 24.177667297 11.918062172 0.053086336 -0.822371140 0.540234820 -0.170393334 -0.989414579 -1.536997375 -0.137832649 -2.379097579 -1.213198196 -0.638130712 -1.020606060 -0.080654521 1.155181760 -0.885465171 -0.132630811 -0.901643877 -1.879241546 0.000254482 1.422254561 1.454728519 -0.361314253 -0.805208067 0.037017480 0.105057643
24.940789872 26.103236910 1.287985865 0.145344489 0.552983455 -0.266938858 0.775775692 -1.173248153 0.431208841 0.125160079 -0.344803090 -0.840108509 3.265407090 0.681635610 -0.334081945 0.353071743 0.951941435 0.163891852 0.343416668 0.630977055 0.313373286 -0.728972910 0.818772608 -1.145039842 -0.107437151 1.863615606 -2.086403230
24.935102617 20.901704120 8.106492134 -0.687820075 -0.344164749 -0.614701728 0.174916996 -1.217902734 -0.489399180 0.869455124 0.622252197 -0.431739414 1.637719601 -0.228148713 -0.942391946 1.381212927 0.140101249 0.711201141 -1.126453839 -0.280192986 0.749110345 0.144233015 1.254403327 -1.377346584 1.305256714 0.496937813 -0.188318929
32.654897368 24.729440603 3.016006100 0.034571461 -0.235946636 0.417064005 -0.877035697 -0.374814663 1.035954375 -0.648514878 0.584684030 -1.141050542 0.620607704 1.294031685 -1.073480038 0.073901439 -0.970579676 0.361999244 -0.875086559 0.221728295 2.476126904 -0.757338599 0.859041225 -0.681138196 2.257333186 1.508189284 1.158045385
33.770183725 20.461394815 2.118521758 -0.308922859 0.938683218 -0.018625587 0.151965690 -0.770109207 -0.657232052 -0.300807221 0.475139448 0.949933172 -0.059490015 -0.920183366 1.226357102 -2.044924575 0.090189283 -0.820040416 -1.043578304 -0.566936746 1.503267288 0.167921495 0.204716765 -0.264044708 -3.181845718 -2.291049403 -1.235292800
24.965495258 20.713084602 0.339380679 0.700853173 -0.353699115 0.606810552 -0.124429575 -0.358847409 -0.970379241 0.271977677 0.751078015 -0.285165036 1.592089077 0.167829652 0.312256398 0.276940850 0.084251353 1.292702621 -1.171247983 0.380641055 1.056729405 1.081801812 0.413142293 -0.198161518 1.112887012 0.007108881 -0.505085318
31.034338324 31.961037719 0.763275389 -0.719339184 0.294470198 0.495451166 0.387771303 -0.586401421 -0.606834497 -1.538350552 -0.703725171 -0.429402253 -0.472423129 -0.448729047 -0.259360597 -1.546362305 1.977544310 -0.166381332 0.219531215 1.490954956 -0.553459951 0.273517175 0.712338339 -0.601851981 -1.149576307 -1.283302984 -0.444103870
27.751596982 22.008563736 2.637894406 0.072538619 0.844659140 -0.449773472 0.281056772 -0.828210551 -1.533591096 -1.197566733 0.278102672 0.383623635 0.649072478 0.411534919 -0.860579845 0.086640708 -0.555558937 0.390014821 2.705093996 1.519856286 0.152822880 0.287821533 0.448590168 0.029532137 0.341208305 0.515877226 0.378217028
24.112058974 32.603438110 9.223866205 -0.658921969 0.316716338 0.498894785 0.465420879 -1.090681517 0.153182377 -0.089658734 0.713028319 -1.328734185 -0.484258561 -0.834391910 -0.219285379 0.668469242 -0.018865504 -0.158887295 -1.974178533 -1.713909011 -0.010160488 -0.203885327 1.147022039 0.350549777 -1.352768051 -0.678390053 1.636092162
26.989442162 28.813402731 5.849014646 0.251522971 0.649359934 0.704727687 0.135745195 1.167364711 -0.526326901 1.296924355 0.651132492 0.855793672 -0.280520237 1.233789885 0.791796136 -0.282672303 -0.992915840 -0.197379598 0.311607036 -1.026429705 0.391577319 1.562074631 -0.849035815 -0.168075457 -0.215963957 -0.694187021 -0.144409212
24.510094633 23.732496738 10.347639231 0.144962601 -0.240818282 0.514676446 -0.810000342 0.313954345 0.564606751 0.112283548 0.565964652 -1.064393532 -0.127827740 0.259120084 -0.202259811 -0.740986336 -1.109428786 -1.362596693 1.198210942 0.954991235 0.616424651 -0.121987639 -0.740408677 0.098127777 -0.938887098 -1.376960365 1.064866199
31.506221539 26.389732981 9.467814556 -0.555774233 0.501338297 0.017012689 -0.662937012 -0.908618423 -0.775600409 -0.110526703 -1.449531780 -0.163825732 -0.720482778 -0.387285562 0.271625423 0.495068656 -1.242421203 0.052627497 -0.549261101 -0.092576087 -0.121602997 -0.004921072 0.102525751 -1.369346104 -0.641630067 1.032097662 0.675779371
18.033494641 27.059258247 2.952330970 0.636693237 0.052216149 -0.589528297 -0.494319312 0.159136158 -0.440811124 -2.589958918 -1.749956372 -0.268923282 1.702883959 0.638215516 -0.162895894 -0.127941357 1.604417888 -0.665990851 1.312441961 0.240526102 -0.102939506 -0.086483326 -1.373439188 -0.626243709 -1.544229248 -0.255893464 -0.714376174
27.147107148 35.181069299 4.624951005 0.151539026 0.965206969 -0.197512504 -0.080001506 0.250748020 0.418917125 1.015139433 1.070885821 0.617287837 0.422070787 1.006057926 0.540362747 -0.792664196 -0.211158342 1.006175827 0.570352499 -0.304231480 0.454823965 0.656964719 0.105971092 -0.561575371 0.667600743 1.048053653 -0.205720269
35.800559752 28.045352847 8.209395389 0.339643654 0.301991570 0.709207488 0.538950850 -0.735711192 -0.397242357 -0.114941433 -1.253512933 -1.403917304 -1.258078818 0.648082827 0.902755309 0.156718623 -0.203949376 -1.327052506 -0.225365639 1.454025554 -0.745183736 0.631621283 1.224124310 1.149012461 1.027658354 0.185497637 0.380910094
31.150351475 24.661689183 7.954181563 0.165188570 0.943734012 0.225162463 -0.177146033 -0.460281884 0.400722581 0.088303189 -0.210794213 0.036706973 2.254954466 -0.143484059 1.338061941 -1.450066020 0.154173201 -0.857670637 1.960450165 0.237876186 2.067240882 0.829814339 0.291474810 -0.487891572 -0.516872735 -0.854883277 0.529790209
19.433641677 30.870658585 1.428877743 -0.482370344 0.175268339 0.056665341 -0.856381282 -0.366891569 1.516378110 0.999715384 -0.065665566 -1.374012163 -0.105698352 -1.136487032 -0.143732269 0.274744404 0.714265293 -0.088543367 1.899620645 0.233780337 -0.156661366 1.054931406 -0.115480635 0.878104438 -1.540495163 0.467272823 1.557743422
23.396257742 26.099216823 -1.658808037 0.230554890 0.394932975 0.495237048 0.738655979 0.993453371 0.823471589 0.482864733 0.239564606 0.365524819 0.971007348 -0.300923893 0.202641813 1.917094776 -0.126857894 -1.212431691 -1.185854378 0.835252201 0.472249988 -0.736867261 -2.147418255 -1.257577221 -1.181286422 -1.891888225 -0.349993774
24.795303897 23.931035075 0.225863660 -0.223668827 0.352325788 0.901612373 0.113727409 0.548307765 0.223239982 1.757933252 -0.076447662 0.958947239 1.851187432 1.452080309 0.437077777 0.965528716 -0.273995458 0.226634236 -1.396107590 2.451507898 1.111958178 0.738518917 -0.297931626 -0.877385726 0.645814990 0.002893798 2.893405862
34.887414357 25.712284145 1.255904488 0.005736350 -0.379992675 -0.906725597 0.182815079 -2.575797280 0.518274472 -2.801101797 0.300856466 0.927682597 3.038733328 1.200210702 -0.341818663 -0.182930683 -0.067214628 -2.401893777 1.247587124 1.112544884 1.727093294 -0.108006748 -0.291372705 0.197155523 0.027442970 -0.004490092 1.064649824
35.648363536 24.174068627 3.184260812 -0.302484625 -0.494416933 0.618409110 0.530683635 1.275224731 -0.814968046 1.140746539 -0.576953722 0.124084949 -0.832702826 0.929558507 1.573545479 -0.156698951 0.773565526 -0.234908710 -0.666347277 -0.268057353 0.032368611 -0.710174347 -0.805416725 0.105494440 -3.658510061 -1.171474781 1.576184578
21.086359344 22.266272306 0.648648868 -0.030910279 -0.459907200 0.660010724 0.593224887 -0.356573256 0.033053567 -0.241504263 -1.128282403 -1.344321310 0.949619969 0.203900546 -1.639734641 -1.060705296 1.431194969 -0.385133999 -0.563043683 0.381993211 -0.766255581 0.237874439 -0.555060366 -0.447088084 0.336199274 -0.937088599 0.511226096
28.218038984 19.448075887 3.293675421 0.229281826 0.734997794 -0.475385644 0.425695404 -1.205769782 0.080675603 -0.996080239 -0.783638684 -0.919926177 0.597974636 -1.523777982 0.938781342 0.218947870 0.730990055 0.323027663 0.922625757 1.162163905 1.374182291 -0.325949742 -0.876101291 -1.089069666 -0.264778989 -1.148761756 -0.144123152
23.421321293 28.348833965 6.842834516 0.422993312 -0.312404982 0.833951351 0.167346733 -0.090375488 -0.539745319 1.640761999 -1.169479485 -0.365993539 1.423727330 0.341054151 1.513039496 0.388009504 0.789551176 0.166082055 -0.032023158 -1.035976300 -0.168897049 -0.998567118 1.024295271 0.446818878 -0.350587952 0.481620439 -0.081349868
28.523339651 23.027312542 -0.490028260 0.509401986 -0.781243755 -0.266616603 0.243070769 0.628240572 0.261056571 -0.062318226 -0.778756310 0.208149032 -0.498304683 -0.732485673 1.557310113 1.318324007 -0.701220267 -0.061946925 1.053754130 -0.828235161 1.514745542 -0.827063308 0.734286716 -0.858587921 0.567719355 -1.357021622 -0.852016098
31.932625016 20.479943662 3.329585353 -0.207147619 -0.113491535 0.651085698 -0.721316123 -0.603564122 -0.962192227 0.913053801 0.212065893 1.129370659 -0.801865001 0.020149971 0.021771325 0.420051348 -1.103590732 -0.170786389 0.464162060 1.212121886 0.392216604 0.707387469 -0.366336385 -0.166967095 0.026669049 -0.325552248 0.732493043
28.734231709 19.957848993 1.514232808 0.437991320 0.697895093 -0.424506841 -0.375366468 0.490296582 0.787245941 -0.452050491 0.559095680 -1.405571180 -0.058509461 -0.197206469 0.165392975 -0.946065167 0.108754604 0.553790145 -1.209515483 0.185753815 -0.161590095 -0.046187509 0.262677086 -1.358841022 0.394783585 1.521936426 1.405550211
36.942212857 24.565035909 4.863800096 0.043892000 -0.406044272 -0.912209255 0.032799630 0.793275081 -1.204424048 -1.774062573 0.486626603 0.486563375 0.770384057 0.393780021 -0.651855874 0.893656486 -0.394634803 1.145520186 1.020761882 -1.115075083 0.201561665 1.189020311 -0.227476718 0.324520232 0.072592994 -1.044131631 0.558645774
23.906873852 34.791321929 4.448698756 -0.139541690 -0.223687214 -0.924553181 0.275124632 0.023711642 0.580347557 -0.254882060 -0.506341103 0.541765128 -1.668922139 -1.224298205 0.228080034 -1.321373838 -0.999608368 -0.100800339 1.136574310 -0.279534296 0.143538053 0.040151366 0.858572481 0.166960304 0.198632793 -0.662114924 -1.203027520
28.587781947 26.939354075 11.481058048 0.809119637 0.065332183 -0.090495703 0.576946832 -0.140170259 -0.411483174 -0.683366455 -0.271999425 -0.722153936 -1.292345946 0.675468696 0.684392784 0.524028814 -1.006277183 -1.725285427 0.385844524 0.259320853 -2.241731202 1.537451494 0.450934181 -0.390763617 -1.572794090 -0.000341957 0.067762867
26.355068046 19.324656174 8.290310105 -0.100225892 0.641544975 0.442212150 0.618727105 -0.783876119 -0.002537584 -0.722342511 -0.892277410 0.159383674 1.388916652 0.839753034 0.454859525 -0.193230060 0.983379062 -0.845846699 -0.743762043 -1.819304764 1.043509772 0.959216408 1.412132414 -0.575278262 -0.558070434 -0.029562698 0.961173176
28.943141471 18.105923361 8.018170295 0.524823216 -0.586680069 0.365535506 0.496740257 -0.845500055 -0.232096755 -1.290193980 1.633151995 -0.393466247 0.383940002 1.550327087 -0.568090351 0.755761601 0.079224346 0.564044940 -0.931626620 -0.143877690 -0.950601532 -1.034874748 0.018679369 1.536882343 0.711503327 -0.611041563 -0.432141568
29.906409342 35.135168986 6.516102641 -0.140238379 0.952272039 0.234331007 0.136382329 0.601321234 -0.934682743 0.580207325 -1.183966489 0.848228712 1.668241218 -1.073744735 -0.117610096 -2.047630740 0.572368388 -0.243898226 -1.253009694 0.380700761 -0.210462386 -0.219287408 -0.279499686 0.168986211 -0.330537145 -0.891481428 1.135462178
27.561625707 17.309678672 2.361337455 0.728917752 0.489342183 -0.277489362 -0.390157395 -0.262135901 -1.174751903 1.049221488 -0.483742176 0.819822259 -1.354006127 -0.405323619 0.101106923 -0.210061801 0.005923918 0.056668064 -1.911439856 0.216733915 -0.534634057 0.215090244 0.541131823 -1.131743184 -0.719417019 -1.549924515 -0.812249910
25.106545419 32.117684746 1.066554505 -0.127941399 0.269568789 -0.123082496 -0.946474704 -1.718468526 0.144507025 -1.458602531 -0.267203221 -0.744730253 1.095588598 -0.410653312 0.378312282 -0.584194295 0.796753660 -0.441021940 -0.664734333 -0.470921282 0.243659212 -2.274717376 0.262446285 -0.774674368 -0.365223716 1.220254435 0.917527275
23.836748162 36.076475816 4.343959576 0.239150583 0.702203404 0.011658733 0.670508353 0.528892788 0.048514598 0.224366048 -0.654491380 1.361823199 -1.640947873 1.365392692 0.343072907 0.459771369 -0.199280710 -1.416147021 0.813927203 0.338919110 -0.307009942 -1.751081237 -0.472954221 -1.720163674 0.632689208 0.514242627 0.034196618
33.115165277 25.715753604 7.727407030 -0.541859855 -0.156657246 -0.491586142 -0.663467761 0.351167177 -0.594813001 0.198858705 1.609271103 -0.018470946 1.575595291 0.019301048 0.067371873 0.616040203 -1.448303273 0.488987032 -1.001610319 0.477735012 -0.167098816 -0.795930164 0.475563492 -1.928156970 -0.146437792 0.937913335 0.564363702
19.420586557 31.592687177 6.234230335 -0.341497719 0.933690902 -0.046231951 0.097279049 -0.913878537 -0.985267019 0.519494691 0.292035741 -1.718464107 -0.943282837 -1.452894174 -0.624359856 1.444583614 1.136902453 0.968932262 -1.514932889 -1.255715745 0.736249381 1.812109238 -0.428872349 2.842588672 0.446755590 -0.902943045 0.690288727
27.975914247 22.281964635 4.256693457 -0.231018512 -0.338276588 0.551425720 -0.726724895 1.005416968 1.577491400 -0.167152067 0.288420956 -0.465119475 0.120412509 1.552245128 -1.252560651 0.154949676 -0.460741373 -0.339362008 0.379222385 0.936136122 -0.162564241 -0.005807596 -1.274159999 -1.413545775 1.105429573 -0.793530342 1.837946852
23.917714590 31.069410113 3.608532066 -0.018123252 -0.705133065 -0.009786215 0.708775803 -0.818081432 -1.260463586 0.832509604 0.585852053 0.256547378 1.325887116 -0.555664809 0.467350229 -0.639154643 -0.930137247 -1.160408678 1.350952064 -0.738719702 -1.137140315 0.873636028 -0.030126136 -1.401861228 -2.062362997 -0.667542041 -0.394122327
21.649465055 18.935535110 4.976428166 0.268205566 -0.947985341 -0.063242859 -0.159342112 1.242087030 -2.450660363 -0.178925631 0.544578955 -1.115018384 2.396037215 0.046524502 1.654904689 1.314959244 0.884888944 0.072236483 -1.556042780 0.541113329 -0.007405926 -1.521481280 0.318096666 -1.130513535 -1.587532433 0.076408991 0.642837852
27.135056440 32.881715119 -0.109203226 -0.278697332 0.436593141 -0.572567689 -0.635515906 -1.153859861 -0.672306336 0.048158667 -0.896068325 -0.628373959 1.251443458 -0.165817405 1.953798494 1.666962022 -0.150179173 -0.037610118 -0.654258101 0.437468516 -0.794600551 0.571399603 1.195252728 -2.857228642 -0.622858685 1.523997782 0.166835539
31.508166999 32.188909408 4.565950412 0.472566616 -0.461324098 -0.333019114 0.673022392 -0.216030709 -0.105280025 1.090998791 1.428016309 -0.702232573 0.894301494 -1.583449036 -0.072755020 -0.518445866 -0.352103961 -0.633171879 -1.630819772 -1.470354463 0.000813619 0.453025022 -1.006234139 -3.120211840 1.196559323 1.114121119 0.480198232
34.313279043 29.057917593 11.668376352 0.364928574 0.258967872 0.887350861 -0.111226020 -0.445980352 -0.119006509 -0.574558005 -0.578299818 -1.141735804 0.745985318 -0.049048049 -0.207539434 0.957112022 -0.299967975 0.827546836 0.532648833 1.886681263 1.159434258 -0.502613246 -2.390784554 -0.516197415 -0.175788053 -0.288357173 1.789006577
27.280051487 22.034496679 -3.352029302 -0.099121244 -0.434389698 -0.423219817 0.788901487 -0.928717604 0.180271018 -0.698719814 0.712301910 0.836549190 0.490295448 -0.020758900 0.848134325 -0.500495224 -1.433382870 -0.320614227 0.312824930 -0.692876404 0.055417274 1.149752628 -0.142831224 -1.093155448 -0.348626612 -0.095537841 -1.205416780
20.390831092 29.168313409 4.273903442 -0.874582175 0.201169253 0.402548132 0.180532414 -0.267375181 0.712041209 0.048789870 -1.959756691 -0.503205177 -0.302187712 -0.100023513 1.346018190 -0.803097419 0.557351457 -1.314826968 -2.449479660 -0.391948591 -0.122429873 -1.222027293 -0.983567924 -0.428314420 0.032179700 -1.834223092 -0.171872862
20.727908910 26.163044250 4.960328527 -0.520579704 0.486253929 -0.690903825 0.123311768 -0.966551539 -0.316815515 0.644823908 0.354719419 0.882658207 1.724054816 1.188767266 -0.296197642 -1.622201611 -1.253153592 0.042169431 1.560791891 0.970432907 -0.624047868 0.382576257 -0.295017873 -1.036139463 1.997084776 -0.202374340 -1.697169439
21.894855166 21.845479809 3.731998197 0.851390253 0.207766421 -0.363799911 -0.315622205 1.875757282 -0.156202633 -0.068545511 1.628716982 -1.722331720 0.289305145 1.457427128 1.267328623 0.753940614 1.661294486 0.168932518 0.328721620 -0.327817421 -0.421747388 0.034314759 -0.994958700 -0.565492430 -0.204508847 -0.674766405 -1.641959149
29.495483368 20.002766598 -1.548658316 -0.763571570 -0.616641270 -0.183676206 -0.054544050 -0.385123782 1.138603638 1.306349632 -1.012634241 0.589738725 -0.022245919 2.145017129 0.076808215 1.109079012 -0.580540089 -0.064837127 -1.357971187 0.139618870 1.105591777 -0.826166635 0.002274406 0.779574689 -0.501325869 0.614310663 -0.102571062
33.333719648 29.499932744 7.659764081 0.239349756 0.527922144 -0.759955589 0.294070411 -1.942277049 0.647368966 0.697253660 0.527567906 0.819795908 1.652300191 -0.339637014 1.344229653 -0.655880534 -0.802238321 -0.527056085 1.493369488 0.043443585 -1.114726001 -1.101286985 -1.656353005 0.544563897 1.194844071 0.384625015 1.624734320
30.201555999 34.201000318 1.210433575 -0.829533237 0.326183851 -0.337229815 0.302910475 1.037275495 -1.254758422 -1.051715026 1.022480107 0.243207904 2.186698210 2.002345825 0.272534760 -0.555315527 0.650906812 0.174827777 -0.158892689 -1.191752213 0.239356837 0.811961511 -0.604128110 -0.014360879 -0.604374437 0.121576048 0.273234019
31.562856020 18.148699695 5.744911609 -0.951498751 -0.276858187 0.034597237 0.129625240 -1.937565518 0.992820459 -1.118019459 0.241767469 1.526392141 0.493869497 0.019369311 1.410191767 -0.641060922 1.333964891 -0.188593119 -0.415202733 -0.629638987 -1.076712392 -0.393192705 0.565522936 0.748768634 0.161062458 -0.862089065 -1.213823993
24.532981791 20.079610608 0.485348774 0.878226387 -0.276906039 0.064633935 -0.384530769 -0.105103931 -0.126097337 1.052215766 -0.153002207 -1.658327407 -1.369074713 0.388046776 0.217978979 0.944134476 -0.003423997 1.119595617 1.095338727 -1.775938443 -0.480136508 0.205289142 1.435922282 0.337281201 0.502638649 0.028169953 -2.179852171
36.082120661 31.313449643 6.238367852 0.896389709 -0.334743993 0.065143866 -0.283175256 1.086399234 -0.467872927 1.138709705 0.940416455 0.323657088 0.462027563 1.208398768 -0.211187187 0.298046622 0.645790891 1.668580867 0.626249206 0.790841805 0.648991678 0.482926773 0.956652835 -0.258419210 -1.093040052 0.458201009 1.209435242
34.357130418 32.815226730 5.349380196 0.621039377 -0.573855327 -0.075840128 -0.528439618 -0.317626255 0.196962704 -0.303130307 0.245884712 -1.477314419 -0.236841942 -2.563046573 -1.751447312 0.317564415 -0.974588981 -0.750749475 0.543075977 -0.733812131 -1.028039847 -2.283492629 0.632223657 -1.271075831 -1.299802326 0.238212049 0.336432180
23.571713039 18.013684516 3.465256483 0.934246829 -0.255885127 0.062652970 -0.240375270 -0.836016993 -0.768452922 -1.469447394 0.566857494 -0.015348627 0.486988191 0.628998581 0.252104199 1.054602411 1.360214744 0.406374497 -1.119993667 1.364206804 -0.462306117 0.143855646 -0.852449984 -1.230889746 0.685380356 -1.925029358 -0.569722049
35.828473351 28.686545566 6.329608931 0.002092688 0.676598956 0.730203172 0.094935775 -0.606755330 -1.001240765 1.611837116 1.327325411 2.458917035 0.360219619 0.466202951 1.808036548 1.311028001 -1.044225190 0.538304442 -1.480397875 0.390384163 -1.140191202 -0.519482356 -0.056916950 0.357548731 -0.500183148 -0.562788715 0.347518076
28.550570307 17.166090420 3.051094440 0.032583122 0.164470521 0.137849828 -0.976158395 -0.405211803 0.839975151 -2.065702264 -2.669619503 -0.591743033 -0.552332110 -0.538542635 0.818360686 -0.914320923 0.167890623 0.378888663 0.420772096 -1.628900925 0.134415502 0.037485218 -0.593924748 -0.179092558 -1.165549894 1.358180077 -0.073180912
31.393549641 31.590792309 8.512889439 -0.883683213 0.178693705 0.327874953 -0.282259727 -0.893439015 -2.797951884 -1.152104453 2.236116447 -0.808234061 1.033441557 0.265796478 0.194163538 1.206165308 -0.267222635 -0.271960233 -0.355657564 -1.458599427 0.664703314 0.539946611 -1.286466307 -0.072279407 0.930259335 0.188643992 -1.962452469
21.880058566 19.630751838 5.721692002 0.249937393 0.893668404 0.053268529 -0.368850306 1.153027405 1.023433761 1.272500210 -1.195314859 -0.187947633 0.950919899 0.453356282 0.096081756 -0.974798364 0.998176071 0.808168543 0.452940392 -1.843897398 -0.203794664 0.652335675 0.922683327 0.022571623 -0.276089594 -1.765103647 1.314425924
23.330392005 26.664009493 0.153099070 -0.870305959 -0.391756468 0.147091376 0.259727808 1.765828804 0.434985034 1.763108458 -1.101782074 -0.912415811 -0.647640454 -0.839976792 -0.706271464 -1.784112591 -0.391420840 -2.005903251 -2.869993032 -0.359379630 0.144131179 -0.979583399 0.789620880 -0.198625611 -0.583296908 -0.898879735 -0.845116010
33.532421536 26.240236761 8.871584962 -0.450213263 -0.162464370 -0.842190635 -0.248250440 0.540178652 0.588243487 1.280280719 -0.237193524 -0.767545474 0.802737485 0.112964945 -0.533424355 -0.623973495 1.529737259 -1.937755531 1.138030774 -1.770321519 -0.531995683 1.489984125 -0.224655628 0.783743112 1.199668059 0.892365104 0.321598326
21.027852373 31.803247771 5.985830318 0.168256567 -0.084244659 -0.857794952 -0.478309926 0.520229814 -0.716406292 -0.643891745 1.278964922 0.740307190 -0.092735940 0.252792319 -0.177712880 -0.592636352 -1.575472255 -0.621752017 -1.265870445 -2.348952282 -0.848245208 -0.493338942 -1.309454952 0.217222716 -0.136618074 0.828031320 -0.417280483
24.762556290 31.219086558 0.928801866 0.393410863 0.517479695 0.280145571 -0.706371798 0.321590771 0.184130577 0.112575501 -0.755849029 0.930538141 -0.270846992 -0.138794911 1.163723979 -1.433950652 -1.940832299 -1.981977514 0.053711260 -0.276294739 0.386693281 1.044863631 0.603706434 1.432491525 -0.299356486 0.542607592 0.918856230
26.451328646 19.176623723 6.156963347 -0.994231185 -0.070856536 0.036890259 -0.071573813 -0.852146606 -1.135739614 0.720682256 -0.832789696 -0.407086209 -3.044037078 0.053166305 -0.625067659 0.301236617 0.923839465 1.632705738 0.699969859 -0.331088177 -1.065705332 -1.904205464 -0.451078073 0.538976242 -1.625291005 1.393095120 -0.791025789
26.002482297 23.048187221 -1.693188476 -0.327984190 -0.390497400 -0.430894051 0.744492087 -0.107521341 0.806594858 0.137768949 1.196767912 1.751549214 0.063355502 -0.504915539 0.279919626 0.297023574 0.997694941 0.340435278 0.640485829 -1.223661283 2.155355538 0.022400573 -0.286790381 -1.935959901 -1.580740874 -1.803256221 -0.578883253
28.401954189 27.316787730 4.315198689 -0.029676973 -0.173312974 -0.678227361 0.713505106 1.163381572 -0.504688107 0.864391975 -0.466746506 -0.061474572 -1.225212069 0.057617720 0.524508964 -1.537541338 0.898014973 2.550481029 1.177120444 0.687493325 0.939157715 -2.437163861 0.528740332 -0.770395350 1.534779102 -0.629149433 -0.930222489
32.851815901 26.929510669 8.630302577 -0.826343298 -0.205931488 0.372105806 -0.369169670 -0.861594803 -0.260796705 -2.285650883 -0.699070851 0.247560862 0.373127541 0.642684051 -0.483651896 0.412187593 0.123331948 1.440288508 -0.803310391 0.174798580 -0.811983543 -0.990594584 -1.512720808 -1.241025046 1.179662445 -1.751691453 -0.891580765
23.825749811 23.250682887 7.593182919 -0.824880865 -0.510250980 0.238591707 0.047848649 1.536276995 -0.895352201 0.946449864 0.870442516 -0.594357084 -1.125166653 -1.374178958 2.815295012 0.807010665 0.238202029 -0.599014800 0.929244292 0.523864786 -0.101702779 -0.315687863 1.833590460 0.857461481 -1.250674272 0.643632558 1.458281645
33.397233302 25.890011007 3.687679642 0.001856054 -0.820722998 -0.568755869 -0.054102468 -0.433953541 0.628679588 -0.302494922 -1.740930487 -0.519353331 -0.995333457 -1.016851218 0.937972454 0.366668412 -0.315199100 -0.311440022 1.620941182 1.834803787 0.529388949 2.191538997 0.449934554 1.315771584 0.780180298 -2.062821858 -0.009392329
32.455381732 27.152383066 -1.736766735 0.288740992 -0.678949255 -0.302171603 0.603613180 -0.034002710 -0.105219146 0.915703408 -0.357271287 1.017244162 -0.917060044 -0.515256583 -0.549192006 -1.266926973 -0.077877133 0.479180229 0.774467631 0.362897995 0.765433223 0.775101600 0.382377903 1.726864323 0.272212919 0.960802165 0.359013273
18.702758972 26.913497173 6.533434509 0.487211323 0.607529156 -0.002646397 -0.627316865 -0.335996342 -0.275533758 -1.773852208 0.560009433 -0.941740989 -0.546823041 0.860979211 1.109392737 1.253551002 -0.902371018 0.940150814 0.782966755 1.861678049 -0.192165698 0.786384297 0.107061551 0.731701320 1.822183007 -0.979993644 0.158541329
30.340326356 32.396205238 3.771018487 -0.433453191 0.234491224 -0.469559320 -0.732561426 -1.013023319 -2.410267006 1.129865765 -0.035361505 -2.119549124 -0.598574514 -1.525477805 0.505119413 -0.191945094 1.193142487 0.384641996 0.129800396 0.338550882 0.021466722 0.412498399 0.003987496 0.174184345 0.559251534 -0.042578561 -0.745761557
30.805419145 24.659857220 3.781154758 -0.403683151 0.594745809 -0.491075595 0.492099681 3.184935344 0.383211912 0.208663405 -1.149650688 -0.299705888 1.094812932 -0.126388875 -0.031289254 -1.068985639 0.419844889 -0.026526884 -0.912340277 -0.387854049 -0.607823850 -1.314470108 0.683899192 0.673808454 1.024185559 0.408033258 0.638389438
23.099092334 28.778162591 3.586899131 -0.040919977 0.783233315 -0.556646110 -0.273890923 0.052344915 0.833108849 -0.062452036 -0.796066653 -1.366430408 1.033078061 -0.936041683 0.431173401 -0.887579028 -0.374755465 -0.836287199 2.626441686 0.114007605 -0.077445172 -0.272849291 0.596815783 0.320952953 1.415188213 -1.382184317 -0.592092399
26.174372070 27.307363545 7.534048723 0.362851887 -0.814671413 -0.383603593 0.239785905 -1.567153479 -0.429742606 -1.411784887 -1.067757014 0.010320270 -1.626817563 0.141449752 -1.232618626 -2.020764014 -0.228119159 1.534798448 1.124599989 -0.288217249 0.328468259 1.010399866 0.344776590 1.080883409 -1.407242334 -1.143600264 0.300302479
28.830243010 17.691133732 5.165022580 -0.330497724 0.856331197 0.099775745 0.384074129 -1.140908402 -0.257752847 0.559287151 0.312736736 -0.639537226 -0.007546589 0.532774513 -0.459067931 -0.289103784 0.891761677 1.490734702 -0.863292617 0.257318215 -0.023369732 0.690592120 -1.730048618 0.435882374 -0.834844995 -1.204980989 0.086976408
32.589168597 18.637233556 6.505226841 0.211215639 -0.066930056 -0.114892549 0.968353254 1.191513741 -1.471120108 0.322893063 0.107394189 -0.167344154 1.060197754 0.284307988 -0.352427865 -0.104054631 0.268830663 2.133007554 0.222315815 0.690979818 1.323213721 1.617743865 -1.535996553 0.254886165 -0.390079386 1.224623109 0.255020886
24.608477748 24.711334586 8.859692839 0.224681331 0.213555242 0.766556897 -0.562408199 0.072175086 -0.129215374 -0.545671572 -1.002708571 -0.384831888 0.097046344 -0.095761881 -0.920297652 0.290717886 1.235545511 -1.122062015 -0.691673241 -0.510390032 0.832249905 0.831739315 0.800384570 -0.130794653 2.030331785 1.593908848 0.319542872
24.728652594 29.652121147 9.795966566 0.706524094 0.277000282 -0.418231946 0.499175909 -1.437909906 0.913712124 0.646634009 -1.219560887 -0.746046980 0.642828007 0.330117652 0.190904284 -0.724177143 0.289776592 -0.489502655 1.672809905 -0.555569679 1.075152269 -1.192674097 0.330948397 -0.814714980 -1.515407065 -0.117452458 0.088002645
20.886575733 32.680515698 4.457915579 -0.135099687 0.800725603 0.108624980 -0.573399684 -0.095118416 0.818302122 -0.438222468 0.473941817 -0.283425403 0.236293527 0.034260492 -0.011183618 -0.005074069 -0.049969901 -0.810428071 -0.010274153 -0.025696297 0.423216732 -0.056238255 0.220597865 0.518044411 1.046277582 0.329308644 -0.739998134
29.967288815 23.444954247 3.870061252 0.733499086 -0.369319886 -0.436965525 0.366937383 -1.090041690 -0.562949588 -0.269717890 -2.137434560 -1.647157148 -1.376068584 0.409240676 -0.009025345 -1.122246091 -0.502169264 -0.427077193 0.581303641 -0.308106206 -0.168962451 0.778792744 -0.203366876 1.188392221 1.142426895 -0.027494608 -1.428391220
27.972316283 28.058980392 3.742615658 -0.347174287 0.507067592 -0.788863771 -0.006813376 0.496204413 -0.720216438 -3.179055907 0.478177420 -0.926198811 -0.139474793 -0.572859052 0.493857680 -0.335260629 -1.344941999 -0.270992156 -2.226695348 0.980974371 0.253773187 0.026789911 0.226968427 1.514505515 0.766151274 1.052008386 -0.444474034
29.414053374 22.961019988 8.278203279 0.864318070 0.247226747 0.304898355 -0.314436325 -0.882822359 -0.378147777 -0.416793296 1.603445701 1.288337539 1.129664159 -1.201086243 -0.592897741 -2.145421370 0.762432009 -0.959015719 -1.577478934 0.586137976 -1.152637177 -0.401646641 1.084766591 -0.719100563 -0.826884236 0.018205865 -0.319871939
36.078637899 30.172686618 2.213848142 -0.984108153 0.036001277 -0.146894034 0.093044040 -0.070802959 -0.758354468 0.364037407 -2.738713966 -1.012807137 1.165180904 -0.008878781 -0.297404656 -1.449133627 -0.021947168 1.385451362 0.015675386 -0.355745530 -0.763686877 -0.748467148 -0.427270133 -1.638104475 0.163781965 -0.732978016 -0.602705904
23.999278752 33.138800580 4.946768677 -0.071027697 -0.213664063 0.792675188 -0.566541067 1.067819460 -1.023233432 1.117971894 -0.541331872 -0.782913651 -0.041427276 0.008029807 0.283037084 -1.146087052 0.386143078 0.244895602 0.274126199 0.475880379 1.070145909 0.703822752 0.633798558 0.046560931 0.911238769 1.106606596 0.606981782
22.697182208 24.350824397 -0.145778090 -0.188808719 0.133099799 -0.756650170 -0.611650416 1.922506260 1.253632349 -1.718393315 0.263509045 -0.771540277 1.961441184 -0.273959063 -1.268251469 0.282466499 -1.514117798 1.558786242 2.332882739 0.583178748 0.556635547 -0.323185037 -1.190465713 -0.102525712 1.532454842 -1.083651234 -0.126127495
22.057337865 30.297603451 -1.741465275 0.428420262 -0.788978639 -0.313382584 0.309451357 -0.069432088 -2.162864749 -0.166665138 -1.611532856 0.127732108 0.470392487 -0.049685964 1.199915647 -0.715869187 -0.196960982 0.328207770 -0.723530672 1.034239057 0.725775558 1.019674663 -0.123532533 1.491580745 -0.056754362 -0.103885232 0.446120879
20.267378326 32.261880020 2.082765368 -0.465901226 0.521843887 -0.713061803 0.046452881 1.406097035 -1.596085007 -0.139210205 -0.978938654 1.658605060 -0.180930381 2.223576163 0.541135434 -0.908650104 -0.009398913 0.262660779 0.551480629 0.229619392 0.467642083 0.788639296 1.004878109 -0.793419338 -1.183281178 0.029252543 1.178400371
26.936083504 19.301440978 4.830224996 -0.101375645 -0.500599479 -0.742208874 -0.433876857 0.297110248 -0.320380083 0.170353040 -0.910787499 -0.270394773 0.281082775 0.462350356 -0.181280892 -0.171067030 0.160733676 -0.545847358 -2.694332060 -1.034096505 0.188560202 -1.293406429 -0.407189916 -0.824753072 -0.633958626 -0.739476942 -1.338992100
21.668937757 26.500020800 -2.568429479 0.419801759 0.689759762 -0.446754779 -0.385237746 -0.596582123 -1.302635459 0.734688274 -0.430113586 -0.052353300 -1.328600912 0.674089526 -0.042621657 1.550334720 -0.136526231 -1.641311806 -0.560525352 -0.500558858 0.764374384 -0.043466510 0.356899889 0.750672199 -0.681134293 0.588519654 0.966575100
21.987685026 23.868430482 3.767571433 -0.845355489 -0.155089795 -0.224620693 -0.459202349 -0.259809637 -0.388195202 0.498634054 -0.268393930 0.120657049 -1.081091957 0.229375301 -0.985969766 1.545024562 0.640611562 -0.812983516 0.221708476 0.077194985 -0.709387620 -0.830806915 0.304016963 -1.165532487 -0.189245962 0.183700536 -0.208644819
25.031997937 21.113644901 5.866522267 -0.027040009 -0.966278468 -0.157670440 0.201779069 -0.707318360 0.253504454 0.815448155 -2.693292409 3.119958535 -1.721339540 -1.328948304 -0.448137403 0.252118082 -0.393299253 0.878577047 1.250662051 -2.301115827 0.762575332 -0.083377753 0.680421856 -0.339743389 0.415303313 0.285540102 0.164272843
29.376527737 27.683770033 5.054129436 0.450117158 -0.712924157 -0.509145111 0.172930469 0.444370713 -0.951624407 0.000952399 -0.434696415 0.255674277 -0.216466725 -0.974634867 -0.979199101 0.742804830 -1.074062846 -0.354771377 0.317918851 1.158663742 0.201180364 -0.674997623 -0.536312932 -0.221352640 1.765298881 0.379199699 1.021894345
36.083436611 28.629313284 5.393640456 -0.611252644 -0.322194600 -0.097750352 0.716244172 0.703649898 1.417862427 -0.832513517 1.502589329 0.704029424 1.148114429 -1.263976423 0.175259247 1.428590310 0.527405324 -0.694880886 1.781963194 0.574708108 -1.117204543 0.822828167 -2.285339797 -0.086003484 -0.562590074 0.169316762 0.356958782
27.815046181 27.732910919 6.292166237 0.767982910 0.566310042 -0.280745774 -0.103329555 1.064724284 0.313802950 -1.689827219 -1.766018318 -0.187772497 -0.581379706 2.255403306 -0.622329905 -0.799718294 -0.784323875 -0.377613818 0.084747600 0.966495826 -0.621166276 -1.277875750 0.612497434 -1.119703236 -0.700834540 1.286979256 -0.348759808
21.246576558 20.954606859 3.972087537 -0.495721687 -0.699777422 -0.143683838 0.493889181 -0.418607234 -0.199713691 -1.252321705 2.055680048 -0.122571751 -1.342449088 -1.884230418 0.095136395 -0.418767578 -0.635372306 0.545523185 -0.777626590 -0.352777826 0.261518116 0.177940834 -0.401486873 -0.745866048 -0.596787352 1.289960835 1.209417224
24.364722264 26.742145158 12.954934233 0.193032826 -0.021019920 -0.035063319 -0.980340275 0.135725827 -1.338008345 -0.593086331 0.484552580 0.421752038 -0.879575398 1.864019624 0.336615109 0.227116574 0.621025176 -1.284185208 -0.436197802 0.854585531 0.110344381 -0.768018106 0.599079492 -0.526089111 1.578877458 0.025129984 -1.486377974
31.458708392 21.460662115 -0.871091498 -0.803579904 0.424801877 0.160276639 -0.384855951 -0.519368523 -0.334804428 -0.414440979 0.944775071 -0.988683053 -1.066817727 -0.040836201 -2.462356107 -1.755818539 0.756030927 -1.403371657 0.336551603 -1.207804198 0.405683242 0.308519703 2.820525180 -0.305504763 -0.628752859 -0.297373095 -0.216285342
36.503734085 23.664770409 5.501938604 0.647914430 -0.593779654 0.315492770 0.357906308 0.652754125 -0.500940573 1.176285384 0.990639547 -0.197732101 0.907033106 -0.957840175 0.373979664 -0.504183201 2.156766273 -0.697006213 -0.072509016 1.791087400 1.400507219 1.618242233 -1.440934482 0.462866981 3.730709968 0.011890592 -0.025672009
26.528607621 28.863988803 12.659529337 0.417504607 0.087792868 -0.540369080 -0.725247250 0.950955503 -0.270600749 -0.458705179 1.231033974 0.255750921 0.122258273 -0.638916229 2.065845133 0.476313717 -0.981861684 -0.370728303 -1.275499622 1.132844988 -0.595262400 1.565375328 0.324002853 1.490608664 -0.159000765 -1.129584391 1.672159161
23.099554186 23.688846354 1.288798193 -0.450894485 -0.341998114 0.154126382 0.809923769 -1.346699844 0.427114320 -0.582395657 1.418077115 -0.708202758 0.804464702 0.905745205 -0.375912846 1.230698867 -1.731373857 -1.124074305 -0.711846514 -1.850964382 1.124208474 -0.513164380 -1.322899782 1.007020016 0.539836753 0.815818888 -0.857472888
25.922829919 35.941123014 1.518186954 0.749686657 0.324581588 0.079565732 0.571214499 -0.482713098 1.162349759 0.546600813 -0.590279252 -0.588762282 0.740827529 -0.117987853 -0.450628700 -0.454247125 1.584541406 0.017722817 -1.300512172 -0.826441967 0.134631062 -0.083742268 1.376885483 -0.428267299 -0.207460288 -0.517439602 1.312681991
25.482493126 19.772599374 4.578863624 -0.007595247 -0.902420009 -0.041431874 0.428793470 -0.925113779 2.437303923 -0.283627349 -0.405121161 -0.998682775 0.932193779 0.945365798 0.714134706 1.536649809 -1.320978076 -1.366078978 1.674673261 -0.305977716 -0.171672308 0.341114567 -0.974581112 -0.471243549 -1.078677501 0.207822911 -0.706820957
27.945064280 27.411806235 -0.723695244 0.434474979 -0.109839184 -0.783487352 -0.430481609 -0.683073730 -1.737244553 1.226781461 0.459055425 -0.012908385 -0.816038336 -0.270117663 -0.821516760 -1.201546454 -0.478659888 -0.217400174 0.374875514 1.306964689 -0.016757281 -1.918569102 2.170199891 -3.183931588 -0.593833155 -2.536741646 -1.034949493
19.323445374 28.468339989 5.654928623 0.471091893 0.314718169 0.199436005 0.799531226 0.714268020 -0.542366380 0.054474889 -0.715353976 0.280506732 -1.150359251 0.191198490 -0.555382185 -0.394088256 0.086872285 -0.402301046 -1.352185079 -0.156167018 0.277005461 0.426589679 -0.748472132 -1.141429208 -0.324022327 1.341069272 -0.631850970
26.677268577 27.205414592 -1.287319560 0.682209173 0.189535949 -0.527106007 0.469921297 0.010563435 -0.656124552 0.086674834 -1.014658298 0.145998152 0.150276329 -0.541693212 0.732901469 0.325720255 0.313649279 -0.425862740 1.196638574 -0.666782449 0.925776829 0.908344206 -0.360101266 -0.577288267 -0.597891801 -0.637795298 -0.109903490
34.866508273 28.264869357 3.915251054 0.421324787 -0.748577704 -0.461437896 -0.221792499 0.924688032 -2.923882093 -0.993154832 0.359107957 0.226271543 0.706966773 0.197791554 0.524102411 -0.493109592 -0.032087254 -0.791396240 -0.491419523 -0.878863433 0.571646846 0.510627899 -1.131690272 0.003297779 -2.111864576 -0.825530896 0.405448129
23.520832018 18.180065121 1.711737106 0.232592191 -0.276556420 0.917747592 -0.164793131 1.215890661 0.922568111 -1.502456370 0.327985925 0.673195008 -0.313030206 1.355026260 -0.194035045 0.170073155 -1.909392173 -0.664877189 -1.578544797 0.472220810 -1.531758737 2.249864821 -0.496289880 0.469136594 1.007503187 1.310905270 -1.259331146
19.890509504 28.694045168 8.739974345 -0.712065316 -0.701418605 -0.002236698 -0.031143603 1.287092106 -0.383344582 0.856440551 1.120758611 0.008493039 0.505176969 0.030503955 -1.138537331 -1.136144778 -0.652825470 0.593528502 0.645602224 0.877663779 1.158876983 -1.128956599 -0.348346314 0.945474569 -0.123287357 0.343847113 0.062111329
33.684864486 31.018740104 8.775200373 0.361140342 0.895328269 0.069870321 0.251163458 0.276275585 -0.673597619 0.402925131 -0.422713137 0.164512972 0.782097730 0.862280749 -1.037656962 -0.100779736 -1.586934677 0.375287827 0.157880571 1.130035684 1.055937951 -0.497127494 -0.492584243 0.460841496 -0.119294556 -0.277776785 -0.062380004
28.588583130 28.730404464 7.472845349 -0.255657421 -0.806281982 0.489851743 0.211172720 -0.025126417 2.572582753 -0.521121966 -1.633341956 1.482774706 0.572614864 0.483272911 0.892488501 1.226410530 0.709290415 0.551655981 -0.603994734 1.343467352 0.024522661 1.181538691 -2.232582300 0.878525267 1.122943082 -0.118458544 -0.292974406
34.773059178 32.331378881 1.617462902 0.381009868 -0.466655742 0.284334022 0.745800284 2.249415783 -0.146400392 0.002422126 -0.476900538 -0.992106071 0.248817850 0.763454969 -2.362424828 0.246597849 1.056369024 -0.260077032 -0.206229817 -1.339777504 -0.668031394 0.381377802 -0.692704001 0.238457555 -0.424472829 0.118568417 0.313171704
23.244962224 32.701429504 9.101270102 0.002582668 -0.483195993 0.345409751 0.804491806 0.946454547 -0.203584639 2.398068910 -0.339682925 1.455415942 0.430912801 -0.420205992 -0.079022785 -0.960709689 0.151390959 0.209437705 1.149008729 -0.724680712 0.943575582 0.719757916 0.153850123 -0.424469032 -0.393407809 0.976327015 0.317258641
20.574889559 32.271946443 6.816673151 -0.427056352 0.307620854 -0.309192138 0.792081122 0.273289403 -1.268593713 -2.250812947 1.108204312 -0.147280078 1.076232551 -0.370592671 -0.880484154 -0.991816131 -0.662943186 0.699694188 -0.176940414 1.664833506 -0.234214588 -1.091754337 -0.190696648 -0.464584939 -0.341082437 -0.187799965 -0.764288772
19.468561103 27.088137300 6.294066597 0.489918115 -0.810145081 0.285182553 0.149385743 -0.394562691 0.158622147 -0.603702482 0.303769070 2.233425235 -1.098118704 -0.731669356 1.681542368 -0.619695263 0.893732143 1.326588640 -0.157368700 0.873999794 -0.697752019 -0.638931976 0.810552109 -1.072442216 -0.784400240 -0.428859043 0.738233111
29.581460599 22.522413611 -3.185526974 0.882090520 -0.099173299 0.205484721 -0.412137114 1.021883931 0.868220240 -0.493725546 -0.972932886 -0.503719174 0.590404915 1.162652729 -0.449085396 0.297163182 -0.105883931 -0.074269553 -2.187073945 -1.078831029 0.714937582 -2.276034801 0.066749717 -0.363836740 0.552400610 0.141280507 -0.884186420
28.617477514 19.858626597 -1.444405425 0.190541810 -0.493359380 0.578890687 0.620625421 -2.445959917 -0.229030234 -0.225892369 -0.389197873 1.385883011 -0.790827553 0.011349405 -0.121783169 -0.816291718 1.763398166 0.400271226 0.368296094 0.360408325 -0.713024158 1.054784599 0.770581922 0.490997941 0.469284417 -0.535296643 0.388625522
23.928712875 22.544556382 -2.828379356 -0.574699204 0.018570782 0.604142356 -0.551713662 1.401189798 -1.211570640 0.780177095 1.793250839 0.463533792 0.567043398 -0.784498920 -0.582968824 0.786502525 -0.605650446 -1.823147608 -0.313524287 0.641287834 -0.286777151 -0.640075966 0.494110686 0.375873944 -0.426954926 -0.829137501 0.201569442
24.060097127 27.252377413 6.378649816 0.039514239 0.604816632 0.783336025 -0.137913519 -0.786571455 -1.081156727 -2.284304519 -1.027254984 -0.705295901 0.236855582 1.674083134 1.304305035 -0.534798942 2.091491866 -0.668071078 0.806478821 -0.202590765 0.448608409 -1.153773872 -1.237536629 1.512817563 -0.112688050 0.538526969 -0.170990076
22.798209109 28.779088191 2.079573885 0.319717159 -0.702833259 -0.633449472 0.050478848 -0.705288366 -0.380038079 3.676703048 -0.771595191 -0.052659269 1.693822011 -0.393321730 -0.501613574 0.742901661 -0.194978475 -0.292026118 0.628204929 -0.156558164 -0.130636817 -0.239335126 0.278105668 0.768902230 -0.463960330 1.637011847 0.319810164
31.904222972 20.385892092 0.098157248 0.672651488 0.643599741 0.132685941 -0.340167298 0.329565313 -0.142671238 -0.116686339 -0.915564164 -1.411858450 -0.269082890 -1.145726370 0.060524216 -0.378065369 -1.716650190 -0.972265840 1.200837163 -0.193549921 -1.456988578 -0.525945116 -1.090940223 1.007479330 -0.250370719 0.646506327 -0.875173069
31.339878505 24.912878664 6.865717158 -0.709489541 0.411163634 0.140026046 -0.554943028 -0.359348005 -1.815656044 1.759674024 1.919183246 0.337475057 -0.039200960 0.385909083 0.082441332 -1.182568263 0.001464904 -1.564182065 0.815963106 1.083428589 -0.874518115 -0.102107429 -0.600950721 0.811955912 -2.325875264 0.031674073 0.214571464
34.390040469 31.098404240 1.599367062 -0.611896948 -0.261941149 -0.265182677 -0.697600966 1.579737301 -0.530096319 -0.546182840 -0.745821029 0.066811012 -0.731325494 -0.337151000 -0.197264024 0.429805109 -0.250800548 2.309247737 -1.904913716 -0.092789786 1.239359979 0.322152798 -0.593242460 -0.861236718 -0.340834340 0.847382559 0.361819877
24.671519161 24.409359805 6.175381370 -0.244536351 0.143004252 -0.704742960 -0.650453009 -0.192631727 -1.263701827 -1.540786852 -0.049481657 0.103283636 0.923540757 0.172272986 -0.538527802 -0.575753666 -0.269458616 0.625347541 1.228473036 0.723705113 -0.115919592 0.192622602 0.411611233 -1.141503413 0.006396964 0.550476556 0.164111627
27.259360759 29.729448199 0.635803377 -0.195577155 0.429444427 0.237601160 -0.849042254 -0.630755983 2.453657067 0.335929924 -1.296724794 -0.175768778 0.129868051 0.499506931 0.464295770 1.209028908 -0.201331741 1.265746354 -2.245798900 -0.351278018 -0.250863544 -2.250032404 1.117848479 1.728694953 0.411383782 -2.383704060 -0.530804830
27.593772644 27.646939273 10.141446852 0.590574955 -0.708039062 -0.018631201 0.386723141 -1.022304653 -0.039439997 -0.545002715 -0.795086679 -0.140118859 1.803012453 -0.009155231 0.230444951 0.724011250 1.201571352 -0.141852828 0.873251923 -0.124781243 1.195533738 -1.250256763 -0.590456760 -0.834135617 -0.331661687 1.694874432 0.661956362
25.622400977 21.244676208 2.284030111 -0.889589349 -0.128555196 0.318308726 -0.301303678 0.446594389 -0.187308140 -0.547748234 -1.023384575 -1.859224245 1.755304206 0.573989751 1.131825190 -0.861642219 -0.228410411 -0.593634497 -0.221488155 -1.674552120 -0.761230009 0.366651134 -0.306585347 -1.382359634 -1.226304828 -3.088201117 -1.185222626
26.940127408 24.394268022 4.132134980 -0.016455940 -0.233272601 0.316766222 -0.919223725 0.020876625 1.587284197 -0.066201269 0.396832989 0.268735842 -0.520694092 -0.670944118 -0.487001054 1.211997092 0.284752685 0.214657289 -1.183482724 1.210459827 2.158682025 0.770092053 -0.844111039 -0.602672709 0.009334398 -1.835225965 0.579222130
24.116793479 25.802918874 3.012215041 0.312069995 0.165848375 0.869376372 -0.345385812 0.601171541 -0.170516794 1.756009793 0.695216255 1.510747863 0.983279726 -0.784869409 -1.422666398 -0.989545513 -1.233958263 -0.298945647 -1.192406608 -0.820427828 0.897467966 -0.687742822 -1.372357917 -1.124109487 0.193212235 0.591837347 0.332325692
30.498773282 27.732745288 3.579305730 0.033015062 -0.025099479 0.830050810 0.556143574 0.407957640 1.448681967 -0.360537852 0.985715506 1.844229100 -0.267967871 0.683623655 0.608530454 0.466584902 -0.477814312 0.076401395 -1.015899487 0.800301630 -1.526894686 -0.362353789 1.566197692 0.815536798 0.025655675 0.249711906 0.121424634
30.269016561 21.701735655 -1.542536466 -0.501980095 0.243734254 -0.000632520 -0.829824799 -0.656810511 -0.739748468 -0.350022814 -0.415687386 -2.235965956 0.292809869 -0.241859365 1.334271097 -0.498731135 1.148532808 0.615007280 -1.149539633 0.050932265 -0.372080191 1.264090026 -0.509639605 0.360071487 0.106109195 0.287693783 0.451132158
25.649298345 21.145646553 12.554131655 -0.534810803 0.076420309 -0.756295337 0.368991470 1.143497207 0.415086121 2.204005183 -1.607391351 -0.219304956 -0.503698602 0.198043095 -1.955932506 0.371529506 -0.912822326 0.530438747 -0.440765969 1.223034332 0.182801331 0.724028620 0.783475106 -0.225121272 0.292924325 0.175343876 0.368029158
26.271368940 19.582205464 9.244915038 0.514057662 -0.361709217 -0.400900656 0.666475676 0.570951141 -0.884044425 -0.924935616 0.402745954 0.411508082 0.126954774 -0.092859637 0.391595989 0.405054654 -0.542715665 1.311195594 -0.547956249 -1.554093308 0.913251369 1.119431984 0.486932504 0.117926429 1.061659769 -0.647027210 -0.138441083
24.637142641 23.578086393 2.392343227 -0.266880308 -0.155063145 -0.289886943 -0.905922669 1.389302784 1.105435287 0.445045529 0.598607717 1.568903832 -0.603885435 -0.844314088 0.901637517 -0.401607836 -1.006866927 0.398113136 0.256743987 0.440318432 0.659274309 1.326980731 0.281134556 0.088948587 0.316099781 -0.831664656 2.000381015
31.164272603 28.529631293 0.048558929 0.037611944 -0.449422271 -0.532622423 -0.716183160 0.269089654 1.181752296 -0.831428117 1.088521407 0.436682567 -0.546118223 -0.377931386 -0.414838626 0.027819346 -0.060250656 0.668394797 0.801394328 -0.469883383 -1.512038569 0.415442067 0.388898521 0.344184451 -0.663124438 0.951211505 -0.743147077
30.408509809 25.891188716 4.482666819 -0.565964505 -0.490244996 0.659065210 -0.070548376 0.081315323 0.768111190 0.245385672 0.330943853 0.592588983 -0.689955659 -0.849383936 1.137169161 -0.122997851 -0.161832949 0.424204478 0.625106891 -1.049511654 1.488470949 -1.265226810 0.245610965 1.003158863 1.439953669 0.874960804 -0.676547955
31.336887717 34.829659433 3.426483853 -0.731353887 -0.566967512 0.198935230 -0.322636184 0.151301980 -1.142347614 0.080572409 -0.774120944 -0.254096062 -2.001271473 -0.492804570 -1.367537088 2.155567676 1.028644034 0.870970131 0.200706973 0.212129685 -1.000802234 0.179176564 1.950393295 -0.266115553 -0.602371184 0.468682018 -0.370667846
29.118866390 35.134807520 9.725221132 0.758230040 0.035355907 0.623988608 0.185675479 0.111056209 -0.716706773 -2.358495457 -1.074195720 0.611912618 -0.398040567 0.579698956 -0.087925902 0.189584927 -0.268823946 -1.133721036 -0.131434362 0.578207966 -1.700051189 -0.489830406 0.825341994 0.069495773 0.630221656 -1.143502983 0.187261307
27.195927002 19.336418077 0.323080854 0.198416980 -0.630422274 -0.192949246 0.725237235 -0.077995152 -0.723943298 -0.591328625 -0.052210824 -0.752644474 -1.283975486 1.278598753 -0.060413403 0.398431683 -0.335148441 -0.054098349 -0.536175447 -0.150314100 1.112843524 -0.008049840 0.697925690 -0.866990347 -0.084585939 -0.208633701 -0.611874499
26.985549234 21.092545500 0.627413725 -0.540532016 -0.498629911 0.674620545 -0.063878573 1.413970436 0.577551517 0.267509470 0.100645441 1.364640344 -0.720034856 -1.095582537 1.132950908 -0.878902401 1.631895141 1.579214603 -0.290863675 -0.588109233 -2.131302811 -0.550129432 2.228956301 -1.623823529 0.166365093 -1.759491872 0.511990518
22.244183152 33.738541117 8.490908167 0.324740205 -0.274381859 0.033187656 0.904520301 -1.780329518 -0.526569515 1.058879207 0.561613226 1.733135825 -0.529147236 -1.461980984 -0.958954586 0.610354903 1.291297609 -0.145947560 0.397607646 -0.638167061 0.812814385 -1.125674450 0.610751128 -2.215258563 -2.017339467 0.951023512 0.086424825
28.153591874 29.463099214 10.222631179 -0.234833036 -0.058838743 -0.967432751 -0.073927799 -0.109686041 -1.272705230 0.301983557 0.513197227 0.348513032 0.706266377 0.746106711 -0.973963070 -0.203564885 -0.258022821 -0.361174449 0.345636228 -0.501948177 0.284126775 -1.698309532 0.837674063 0.501676189 -0.260730073 -1.037595671 -0.394611407
31.094329874 29.401446994 4.957159975 0.055467497 -0.357973985 0.426645023 -0.828705018 0.798449541 0.001267802 0.745156688 -0.383866350 -1.093908933 1.911621531 0.279599390 -0.876735791 -0.328142115 -0.327865569 -0.583059035 0.117216906 0.262108196 0.048638575 1.391649194 -0.255612630 1.319624362 -1.970096186 -0.624741330 -0.576501097
26.250043146 22.601252835 4.945053448 -0.009125418 -0.758266398 -0.369870562 0.536790988 -1.325398829 -0.784806271 -0.921404651 -1.463845632 -1.062621148 1.333692938 0.209193567 -0.507445513 0.477235462 -0.130493674 0.966846352 1.070307416 0.509041080 0.646766637 -0.779296493 -0.589236451 0.787364134 0.600300927 0.216463363 0.496287651
30.824273522 23.862529539 0.304565472 -0.406092086 0.185696223 -0.870334344 -0.207663815 -1.238095700 -0.888799082 0.558987836 0.475202363 -1.837108933 -1.697122066 1.206786142 -1.672804066 0.967932026 1.684439814 -0.989546302 1.241497901 0.804733774 1.196838048 -0.431316042 -2.148559378 -0.673008713 -0.996985114 0.225186309 -0.973231606
28.439664668 33.080758660 5.371266123 0.029107063 0.580031532 0.515770501 0.629838861 0.446350935 0.368286611 1.268559808 1.358502813 -1.753824387 0.585335445 0.250831916 -0.320616822 0.613834660 0.628600610 -1.420612302 -2.469612957 -1.263943112 1.786336700 0.523459980 -0.040762827 1.114934625 0.871006255 -0.637595056 0.517837359
29.280632072 25.003947344 3.067525395 -0.751125752 0.171294881 0.480270233 0.419295447 0.780014147 -1.029990819 0.353509357 0.430782617 -1.382058307 0.631492415 -0.758520609 1.011314742 -0.217049797 -0.041155174 -0.070900981 0.052904461 -1.327923947 -0.988612172 -1.180477229 -0.393567406 1.479091665 -0.402749289 -0.325375492 0.565117393
25.030094117 29.698636738 1.509458339 -0.854856628 -0.502053087 -0.094152337 0.091094351 0.308614270 1.832996698 -0.362959715 -0.753248148 -0.509075170 -0.695511262 -0.532902357 0.353840766 0.020690583 0.012225040 0.541305926 -0.001632803 -0.930356817 -1.133783249 -0.557527198 -0.620731793 0.726215801 -1.033185561 -0.964836540 -0.367767884
26.845249861 17.810265214 3.479480008 -0.481906645 0.491425748 0.703113027 0.178602324 -1.077672025 0.328759938 0.805497520 0.931001060 -0.260936508 -1.915686236 -1.066576109 -1.351009324 -0.999145382 0.679092338 0.079712662 0.920608760 -0.650788038 -0.510790474 -0.019299085 1.908266456 -0.324882767 -0.839743516 -0.043179751 -0.483167024
29.461410647 31.833766427 2.605698726 -0.662116093 0.216774923 -0.305560374 -0.649032950 0.370230940 0.769975364 1.789074821 -0.604393433 0.179525977 0.159905022 0.091125016 0.408485915 -0.259017586 -1.311754895 -0.137870891 1.386824981 0.070747193 0.739120896 -0.500489632 0.214239441 -0.215546544 1.272444708 -0.402604319 0.399075642
27.304576545 31.256606410 5.374129944 0.158515364 -0.378592840 -0.684028886 -0.603029705 1.109982966 -1.416335363 1.035396021 -0.238108149 -0.998798288 0.489720932 0.880897925 -0.132954932 -0.256872534 -1.321949660 -0.743236400 0.683596767 0.511858891 -1.052196528 0.124765484 -0.081656090 -1.198471954 -1.575803895 0.117244427 0.289261813
29.963442624 27.811854593 8.434369264 -0.540715725 0.480619324 -0.013832296 -0.690246505 0.819874808 -0.201895934 0.505361091 -1.602594540 0.181598419 -0.659972115 1.480552052 0.467972108 -0.533066152 0.108944678 -0.428079080 -0.359906939 1.044688703 -1.623304761 -0.371421980 0.553175927 -0.371265372 -0.304682640 0.120464487 -2.065953486
20.821466796 23.572903173 2.570351548 0.567148118 0.548519516 -0.544752486 0.284102238 -0.815178046 -0.318323876 -0.785819038 0.590434837 0.539923280 0.920183472 1.073386192 1.031327082 -2.270708936 1.224609587 1.018800562 0.026589765 -0.213245881 -0.805347556 0.487657450 1.762233784 1.084821750 -0.376118527 -0.326433069 -0.197716707
33.349489115 30.388242176 9.754826995 0.094183483 -0.104472011 -0.986898578 0.079033335 -0.785123060 -2.672958153 -0.022075143 -0.228089683 -1.434440319 -1.383487147 0.244177165 0.490834832 1.052565724 1.254369193 1.383196869 0.375125647 -3.141275207 -1.378976676 1.198341633 -1.379963879 -0.328917194 1.505132084 0.483943368 -0.279436126
33.392011134 24.289815626 4.477325118 -0.083185634 -0.461895710 0.639391507 0.609024634 0.163232290 0.003502470 1.915005251 -1.030120991 -2.480881799 0.408478312 1.377549048 -0.811213503 0.659950084 -0.375740778 -1.104926291 0.462753861 -1.176712517 -0.517529875 -0.265057409 1.926648501 0.158793296 2.410080395 0.695486330 0.693950992
23.968573875 33.112842230 11.631842611 0.740295244 0.113328871 0.363305306 -0.554192000 1.038697431 -0.258950830 0.088322887 -0.197597360 0.119741815 2.509261051 -0.240006511 -0.235758737 -1.315385091 2.454064373 0.417418992 -0.179131123 -0.393353631 -1.672081015 0.801142913 -0.958597122 0.955436628 0.273364244 0.173205483 0.041529892
31.548425084 29.706177803 -1.864297800 0.368349391 -0.042063153 -0.510979814 0.775531461 1.250725499 -0.770879281 1.844124530 1.036970538 0.482014085 -0.528242804 0.265582461 -0.567433920 0.954455374 -1.567960835 -1.682416608 0.212364098 -0.956367718 -1.615640173 0.131875141 1.041157364 -0.422648232 -0.063013732 0.665784298 1.121469374
30.373350526 25.815898383 -0.953855319 -0.427756015 0.534785564 -0.179417977 -0.706284915 1.270687690 -0.900201937 -0.703063399 -0.090862949 0.707129261 1.095628559 0.624044150 -0.668675039 -0.717443760 0.033851888 -1.265948216 0.790673634 -0.916422145 -0.755597062 -0.580449689 -0.944618891 -2.663780421 0.621949758 -0.272749633 0.534560202
23.907967474 32.998576605 10.060433452 -0.832369051 0.526926869 -0.083162982 -0.150312196 0.190461403 1.543932339 0.030067827 1.148024435 0.816632700 -0.226678481 2.627713471 -1.454868563 0.403766182 0.180258940 1.133420046 -0.773510927 -0.653653355 0.480030987 -0.194950038 0.217588607 -0.288357232 1.343959523 -2.370522244 -0.330306099
24.251114031 29.292500911 11.864902960 0.470053110 0.148868441 0.845476042 0.205081749 -0.685050782 -0.705987751 0.127687592 -1.348248177 1.412835051 -0.359333691 1.153029323 -2.349025592 -0.986739691 -1.032225357 0.652643524 -0.422800967 -0.290831715 -0.256773298 -1.408893654 -0.442786848 0.750081160 -0.194337932 0.472145944 -1.216196406
24.844804607 18.024738693 4.945461478 0.411976151 0.046814024 0.150509976 -0.897457991 -1.213757873 0.648688445 0.429744598 -0.115525054 1.697775593 1.379953496 -1.465442747 1.841278911 1.206173861 -0.938694710 2.101637659 0.322305643 2.521138386 0.245465802 -0.153842224 -0.036625441 -1.653361063 0.710004211 1.059526440 -0.700435870
31.216861935 25.241110797 13.422788666 0.384059405 -0.836758631 -0.008601648 0.390204277 -0.082027475 0.758229782 -0.412131287 0.548101857 1.103028723 1.844580307 -0.141828851 1.068641317 1.034347097 0.714023805 -1.103854255 -0.949869094 0.320591671 -1.653299858 -0.432198435 -0.049704090 1.040396586 -0.504119932 -0.173082625 -0.651299831
