-4.060342232 -31.515275212 16.628553128 -0.013185911 -0.843934572 -0.316783108 -0.432722812 -1.293700380 -0.266066516 1.377908590 1.844556283 -2.106788761 -1.991811824 -0.961960105 0.172636665 0.857854152 -0.488430969 1.985882309 -0.021823138 -0.716231437 -0.857958227 0.120711456 -0.079417620 -1.081620352 -1.053176928 -0.202133975 -0.537306603
10.891390325 -25.925299704 21.668013430 -0.021064020 0.866072427 0.075716654 0.493702185 0.293820082 1.543012167 -1.185428858 -0.943310323 -0.130834161 0.215785618 -1.739142431 -0.122734559 0.035613615 -0.343615721 -0.293326400 -1.748171967 1.033667870 -1.246162991 0.906226611 1.264887846 -0.905735955 -0.382580235 -0.906472410 -1.103221702
0.309242486 -31.392467660 26.751336284 -0.030667042 -0.810855533 0.465991673 0.352738711 0.226471956 -0.262674424 -0.309043128 -1.146351106 0.104790196 1.077567360 1.326611547 1.539812772 0.262810915 -0.116750501 0.719640130 -0.434750227 1.444407231 -1.509496953 0.414305780 0.278026414 -0.165836954 0.430578154 -0.438701293 -0.360464359
0.001405830 -30.491454924 22.130761971 -0.667259416 0.525840877 -0.527063920 0.021444526 0.714483167 0.324800955 -0.924098507 -1.028664310 0.114432629 1.108400051 -1.591284823 0.086335210 0.124477333 0.223646948 -1.819441697 -0.233010643 0.766943178 1.497050505 -0.053503372 1.068563554 1.210138263 0.053217079 0.113510686 -1.760573570
-5.932098825 -32.127809081 20.906297745 0.745437270 0.630957487 -0.211882953 0.036352996 -1.581773073 0.729821396 0.812323652 -0.828543346 0.448526847 0.862501372 -1.885136692 -0.737756178 0.862916596 -1.086815484 1.079689137 1.335885752 -0.042977422 -0.676736380 0.511453090 -0.253894182 1.701287695 -1.083697671 -1.596398359 0.412950559
6.294156027 -26.504272984 23.721804386 -0.088227409 -0.826156576 -0.488415743 -0.266704513 -0.560518548 -1.445724699 1.208106048 -1.619553329 0.998477354 0.251218751 0.828951603 1.106806099 -0.557360138 1.808239523 -0.665868962 -0.590538655 -0.212650885 -0.115246331 -0.036203527 0.614975248 1.219395415 1.424987531 -0.393747075 0.361314946
2.577364850 -32.363940295 19.729051646 -0.838373326 0.100777315 -0.418636089 -0.334242315 3.621910765 -0.819621094 0.854450347 -1.449869887 0.136555430 -1.477746207 0.691272802 -1.657335356 -0.016574939 -2.145716594 -0.069413392 0.357299599 0.627005164 -0.432157615 2.630530644 -1.681998369 2.747633898 -0.399695568 0.519803992 -1.152594588
5.733255454 -37.035871285 20.179766245 0.069150129 -0.508050031 0.269675859 -0.815094078 -1.263187476 -1.191974678 0.654843989 -0.437318085 0.686425516 0.374031280 -1.578054284 0.478233085 0.157848396 1.134120303 0.666828860 0.003648747 -0.425380161 -0.047867284 -0.122581470 0.311557990 2.366505453 -0.182241027 0.607010665 1.714675259
0.799089997 -23.137135460 22.057067138 0.120828913 -0.134605855 -0.504940899 0.843988345 -1.031174646 0.272615347 0.764361816 -1.686751620 -0.080198295 1.211965044 0.538766278 -0.921851343 0.617874817 -0.283074430 -1.315557700 -0.528030362 -0.380697972 -0.606326290 -1.471433272 -0.338454043 1.591689750 0.438946191 1.215734188 1.178937535
-6.173104886 -28.946851389 15.048224001 0.731378285 -0.663941041 -0.097889304 -0.121184907 1.377275019 0.480390810 -0.456441139 0.608101145 -0.475091111 0.602372571 -0.199045848 -1.300407939 0.215285258 -0.286500547 -0.449977797 -1.581698521 -0.750033110 -1.102889815 -0.239583118 0.397493524 -0.939970131 -0.153809724 -0.285716454 0.503446777
2.004043783 -21.801177676 20.377319714 0.411137914 -0.590227495 0.671078655 -0.179584404 0.123679314 -0.001158808 -1.213590808 1.648558281 -0.289222307 1.797023452 1.257248154 -0.372655661 0.217298961 -1.534198571 0.351246366 0.865089013 -0.347279523 0.156572661 0.244440269 -0.404692847 -0.398229142 0.283579515 0.955166635 -0.557788645
2.586716849 -35.712331144 26.845621756 0.444198067 0.090347438 0.582569260 0.674639515 -0.528251325 1.362441675 -1.287502718 0.794528534 -0.091039130 -0.281642677 -0.541045176 1.447031469 0.374674783 -0.925723052 1.453276150 0.281238515 1.846822848 -1.657500967 1.100963272 1.296879455 -1.136166099 1.454707882 -1.370618881 -0.601442537
-4.374328343 -35.058176687 19.692714230 0.354573345 0.103830057 0.214851781 0.904066245 -1.208863531 1.498745373 0.353958626 0.920434786 0.099151081 -0.238338974 -0.148737036 -0.965468071 -1.351690303 -1.294625375 0.303014179 0.004706192 0.148398071 0.617796003 0.021255590 -2.068484716 -1.672295316 0.235583458 -0.143517396 -0.478475586
6.928301480 -26.905917947 20.157921976 -0.209167532 -0.327667946 0.076926526 0.918131238 -0.067284932 -0.320590660 -0.579419735 -0.911514516 -0.529274908 0.633709214 -0.348917685 -1.632106297 -1.141673089 -0.566398660 1.479494855 0.319296660 -1.484302037 0.389610173 -0.555146096 -1.145295614 0.091378450 0.129653695 -0.308537312 -0.101932208
6.711673664 -21.252575956 19.679407459 0.511934971 0.230708382 0.726425770 -0.396234564 -0.375391445 -1.090824272 -1.811190477 -1.232943054 0.110205817 -0.065429204 -0.234380402 -0.279349798 -1.260783342 -0.943033361 -0.000638943 -1.093401242 -1.453784041 -1.284572542 0.412322624 1.097113016 0.985918507 -0.020099970 -1.478338979 -0.534464514
7.974940075 -23.720283923 25.107490288 0.594382215 -0.149679804 0.710112593 -0.346476324 -1.092919563 1.914064643 -1.407392507 -0.174760268 -0.129435583 -0.191880625 -1.399049506 -0.750918162 -0.106891872 1.838415181 1.199538656 -0.616468517 -0.094173832 0.305918490 0.724837812 1.799358068 2.921753325 -0.254195295 -0.105362682 -0.518007134
-1.703675270 -31.307917152 20.343848255 -0.993091230 -0.043414360 0.048873333 0.097449474 1.454136452 0.219659751 0.147221975 0.224731594 -1.001252183 0.355596351 -0.091169794 -0.132747888 -2.137661981 0.085794463 0.731741167 1.442470284 1.245676867 -1.570246737 -1.489151375 -0.519700069 -1.813874315 -1.578578282 -0.406740270 -0.848069867
3.991435638 -26.682797322 23.108144752 0.813441401 -0.352016679 -0.357695346 -0.294026163 0.590922132 0.211598091 0.198005991 -0.310449712 1.050760617 -1.221902492 -1.952489363 0.495142763 0.266612467 -0.527072255 -1.542558784 -0.173418919 0.270034476 -1.071830581 -2.412687575 -1.413499398 0.508109684 0.037687181 -1.089829534 0.690166182
-2.996537774 -28.617300888 24.140885166 -0.213340484 -0.766435862 0.576218177 0.187175108 -2.232619504 -0.267576116 0.398206722 -0.257372165 -0.371286340 0.097670387 -0.013663796 -0.262161354 -0.092889161 -0.831542222 0.299029235 1.754685061 -0.781193836 0.548028461 -0.217265867 0.113262801 -0.904955538 0.942622282 1.303270436 -1.365413351
-5.895860604 -32.812021028 17.436276566 -0.321269578 0.210285793 -0.912847240 -0.138836808 1.293927777 0.878426027 -0.593563577 -2.217807391 0.711496773 -0.273379594 -0.661729968 -1.267422341 -0.436094706 -0.230661587 -0.970970305 -1.396006726 1.132380582 -0.654493510 0.413396699 -1.228949499 -0.160683171 -1.301356305 -0.389677994 -1.783412808
3.392737327 -32.867838259 26.204120085 -0.088900104 -0.952404783 -0.123302773 -0.264231579 -0.841634022 1.455379998 -0.084493634 -1.074627015 0.994246535 -1.204299083 0.713337112 -1.256883594 -1.492785933 -1.269681351 -1.447049331 0.888089877 -1.325039247 -0.863893346 -0.267637413 -0.477727560 1.650476768 1.182391134 -0.465314303 0.706396691
4.539123360 -22.553100018 24.241826555 0.782219187 -0.024493103 0.545097754 0.300668705 -0.050907711 0.532486790 1.120616521 1.285677864 0.066124429 -0.133088502 0.306545661 0.758035353 -1.865583087 -1.034056825 0.954930810 -0.235061755 -1.369556823 -1.488365265 0.805833646 -1.171371114 1.476586002 -1.550154692 0.108422869 -1.202016750
7.426077387 -26.254541246 23.646548271 -0.750490704 -0.476226119 0.237498264 0.391876206 -0.772000894 -0.937707462 -0.409858227 -0.366969916 0.558160453 2.538416824 0.200272498 2.003436308 1.259099838 -0.197553391 0.627602741 0.571870537 2.210476909 -0.487936974 0.114023293 -0.900711428 -0.398256972 -0.477931963 0.860328880 0.150757225
9.238521594 -26.404947814 25.410807407 -0.221611115 0.917983785 -0.169629499 0.281815750 -0.264156345 -0.057014646 1.724352069 2.184913667 -0.611712540 0.071077968 0.923741940 0.758943567 0.439744433 -0.338085513 -0.240552686 -0.283245978 -1.970949274 -1.166784143 -0.296001175 1.419818151 -1.934055053 0.707077563 0.660538097 -0.232738380
-3.849972593 -26.342926527 29.019088658 0.367676022 -0.552976372 -0.367964286 0.650871538 -2.065051929 -1.871370058 1.093458878 -0.874038119 -0.430322879 0.029940937 -1.191407798 0.729768366 -0.205599088 -0.890631944 1.313591094 -0.502632781 -1.347079468 -0.678304127 0.883026743 -0.431120942 1.149879300 -0.806007040 -1.055270882 -1.177357787
1.607690947 -24.408161544 15.664358736 0.751586203 -0.094313312 0.607182776 -0.239900511 -0.732941934 0.486230741 0.114571430 1.312371562 0.169469391 0.469834783 -2.350538799 -0.560151157 0.412403355 0.892731305 1.273561867 1.318075919 0.049774155 1.778052708 -0.199223688 1.059646299 -0.220751124 -1.552711473 -0.503399981 0.668905223
7.754710247 -26.950086296 15.598058321 -0.798683762 0.223001738 0.083517358 -0.552629464 0.214873774 -0.624874105 0.756620769 -3.195126084 -0.683585791 -2.127107259 0.093162557 -0.592834565 -1.304985048 0.274798087 1.164040500 -1.306051733 -0.362611859 0.779440903 1.287244109 -1.413268812 -0.170070275 0.552214617 1.422092802 0.484915786
-2.414067775 -29.948391823 12.983064468 -0.122406259 -0.385661432 0.886129799 -0.225955631 -1.363589851 0.695204632 0.728476301 0.574770787 0.496022611 1.364742090 -1.222058947 0.467865946 -0.473494380 -1.526428407 -0.310130777 1.353769535 0.209937903 0.886738814 0.254586646 1.300110526 1.814222411 -1.858293266 1.273269706 0.464129127
-0.031421086 -24.519206272 26.204618195 0.193364212 -0.483834191 0.350381558 -0.778297835 1.665632191 0.756029860 -0.549405095 -1.108372576 -0.672255217 -0.401614508 -1.384529471 -1.215557319 0.405441164 -1.665178045 0.367516547 -0.527024642 0.903489841 0.180845837 0.081765828 0.218504978 0.084412678 1.437678304 -0.417198429 -0.714782556
7.252442091 -35.406529834 20.209278448 0.831002833 0.152892339 0.515417184 0.142840299 -0.110710678 1.531237504 -1.232735088 -2.058063397 -1.193431181 0.864581788 1.512308859 -1.118163326 0.612581670 0.349440571 -1.507189773 1.738580985 2.206572091 -0.595219710 -0.871861244 0.376535616 -0.442367420 0.686225613 -0.099456496 -1.867226524
2.343719809 -24.923115880 16.080048623 -0.750193248 0.126661983 -0.610570718 0.219932333 -2.467251786 -0.365483116 0.693825027 0.233318385 -1.067107516 -0.800185086 -2.382546247 1.243648061 -0.214805466 -0.672384577 0.348457664 0.344343376 0.148539189 1.798015470 2.070847199 -0.654506831 2.364454275 1.055086558 0.375831545 0.370833713
-3.052333317 -29.931571617 22.778404015 0.014764277 -0.623623136 0.450244657 0.638870839 0.216783596 -0.664908182 -0.325412003 -0.074438401 0.951756549 0.225239510 -0.006304971 1.181433605 1.280434688 0.750951893 -1.619851681 -0.407954019 -0.843469935 1.878904060 0.109211720 0.911376125 -0.518979303 -1.154236469 2.194755150 0.250477040
1.750545949 -26.042965145 29.768143270 0.038258839 0.199618629 -0.489018095 -0.848262912 0.719665508 2.422234950 -0.955400860 -1.126076010 0.491804012 0.110086377 -1.141951940 -0.482793930 0.390419704 0.908109494 -0.512522030 0.034968056 -1.194871669 -0.791514459 0.506954813 0.777216631 0.738333909 0.420575529 -0.204283821 0.241137911
1.612659917 -28.693669527 19.287082668 0.300656178 -0.582824383 -0.616542352 0.435657124 -1.425566788 0.487374413 2.570683301 -1.868858485 -0.357819100 -0.141975440 -0.637071600 -0.438835704 0.060914635 1.828116129 -0.517068597 0.415561135 -0.366337248 0.795123238 1.405592074 -2.019072993 0.646785086 0.570489771 0.701479286 0.655441348
1.626850546 -34.066015015 21.388909000 0.699247194 -0.090481472 0.703589977 0.088473775 -0.469141345 0.553808025 -0.827407614 1.230337796 0.690863796 0.521025891 -0.978187467 -1.350588396 1.136718889 0.675049569 0.494198639 0.499947055 -0.505595562 -0.756157241 0.985058023 1.342635865 -0.082268980 1.259911793 -1.078534760 -0.499127363
-0.803014833 -31.877146035 19.490083355 -0.304325570 -0.525583744 0.594314774 0.527197899 -0.599139854 0.104808548 0.956105891 -0.899165370 -1.350585697 -0.118569970 -0.437130074 -2.032412294 0.905003360 -0.036625947 -0.276859543 -0.318464669 -1.171805460 0.878902918 1.483754094 -0.186145851 -2.147876542 -0.290087862 -0.024250969 0.419032447
-4.738325794 -31.283988596 20.032633488 0.983073106 -0.130473233 -0.004979560 0.128527067 -0.067524992 -2.293201334 -1.184947891 -0.651752456 -0.377821775 0.796978043 -2.457046249 -1.479291910 0.628617652 -1.431339889 0.140217208 0.974863625 -0.365184794 1.358184901 -0.046214151 2.216503143 -0.533208691 -0.950813892 -0.587754386 -0.178175594
-2.175031952 -28.117310888 20.029551328 0.275032974 -0.313939314 0.419001996 0.806372307 -1.326850725 0.010876014 -0.371885108 -0.548620584 -0.348754336 -1.218515053 0.219936866 0.367717362 -0.311825610 -1.279378722 -0.342376820 -1.116464018 -1.064615821 -1.037398898 0.566604042 0.717532252 -0.233487117 0.908393994 0.205957383 0.549461381
-0.096709062 -22.741533060 16.325943807 -0.300618150 -0.201365252 -0.829996589 -0.424483715 0.191465200 0.208427020 0.947912423 1.345052491 -0.341791026 1.487844668 -0.396743007 -0.378435535 0.118530174 0.326622856 -0.007816509 -0.817563152 -1.631436122 -1.365119210 -1.408762087 1.207602440 -1.820072917 -0.247786860 -1.963691888 -0.338045813
3.647280047 -23.101277023 24.841062808 0.148739362 0.796418220 -0.401334925 0.427229329 1.399574881 -0.656095629 -1.699800014 -0.419662614 -0.990612773 -0.035213224 -1.770510810 -0.737514747 0.197453582 0.414890913 -0.536782437 0.859983618 0.283734055 0.385844589 -1.662502234 -1.456783692 0.657139846 -0.322110538 1.014434927 1.258133453
2.169124599 -26.635830447 28.363331361 -0.600120544 0.228514181 0.090085002 0.761262960 -0.806357612 0.192996209 0.290505710 -1.161890306 -0.628791324 0.216445624 0.316085968 0.274001129 -0.457151165 -0.501551934 0.043835128 0.045855262 -0.700445596 -0.367879725 0.660773956 0.469364705 -2.037177053 0.380910388 0.116583974 0.180676673
-4.021185636 -21.304577466 21.119168313 -0.406554640 0.143971984 0.307332147 0.848252524 0.694191931 -0.589198027 0.477920119 0.105989445 -0.950170755 -0.170749020 0.024997384 -0.535334230 0.946438582 -0.298303163 -1.589304451 -0.815609019 -0.483902168 -1.349429895 0.106517515 -0.455460705 -0.994546132 0.475084853 -0.763168852 -1.169570000
3.089597333 -28.149175858 20.347942579 0.218614614 0.548199511 0.390763657 -0.706391330 0.313411063 -1.391306781 1.865312609 0.093681706 -1.249373334 -1.785196333 -0.086319310 -0.749213818 0.415913236 -1.821408603 -0.707332864 -0.855053485 -0.236909793 0.495427977 0.277309483 -0.535420387 1.166439633 -1.912820032 2.621620964 0.485244318
-6.603765925 -28.113531915 22.894765219 0.419763296 -0.155316482 -0.051115665 -0.892783711 -1.221610699 -1.990661282 -0.402217093 -0.316928711 0.044928168 -0.593298581 -0.389927687 0.219836371 1.196672709 1.084845249 -0.198262349 0.873472291 0.278058683 1.113714028 0.860635120 -0.165542586 1.190597307 1.288657621 1.341850249 -0.911348607
-2.427172083 -21.480276299 23.820705470 -0.230859179 -0.956724848 -0.167362798 0.058062893 -0.143266979 -1.633591761 0.309895995 0.552143917 2.133190457 0.950901896 0.645219861 1.461930799 0.407654381 -0.088652935 -0.998905441 -1.516985606 -0.700615559 1.148212224 -0.822246871 0.934049608 0.068984415 -0.101955682 0.065223750 -0.820241469
9.185395867 -25.221853847 23.882044772 -0.906595887 -0.203288191 0.334367951 0.157974310 -1.014539984 0.565864529 -1.290493641 -0.046714275 1.435784566 0.868282194 0.386510827 -0.189888170 0.130601094 -0.185713183 0.112556998 -1.441080826 -1.780664172 0.272634960 0.024159882 -0.367233880 -0.719006061 -0.775943950 -0.462574288 0.811633281
3.681338717 -37.413977074 23.138357185 -0.408192395 -0.481272870 -0.703768573 -0.326290040 -0.579254549 0.474079158 -0.266864111 -0.082972806 1.794008587 1.878892494 0.210264768 -1.634258252 -0.289622979 0.858535223 -0.091205886 -0.433809738 0.101389050 -0.084828164 -0.793574995 -0.256357084 -0.332462598 0.147436827 0.377288324 0.645619132
-1.276203918 -30.012724291 28.648530945 -0.270470840 -0.348996688 -0.148221172 -0.884916561 0.411728441 0.353778383 0.733146478 0.541676670 -0.271700047 1.831543298 0.915485469 0.541589942 -0.350268823 2.790702757 -0.590545307 0.946502816 -0.922547591 0.868078747 2.064429363 0.598742790 -0.073281297 1.108468701 -0.855673336 -0.680086143
6.762556678 -29.388673768 20.909453537 0.049593801 0.843156062 0.535359635 0.004286042 0.854872972 1.111500071 0.807771814 -0.839288377 0.689987638 -0.858357459 0.901907120 -1.099293320 -0.617486833 -1.176388196 1.324742928 0.914045134 0.947199768 -1.286085634 0.851426159 -1.300630803 -1.293464378 0.796727180 0.260262687 -1.823457098
8.857274058 -24.059830514 19.261149278 -0.602601694 0.149241681 0.680204562 -0.389768998 1.524966867 1.208025382 -0.389860127 -1.182644719 0.403160900 -0.850972807 0.494222693 -0.490183166 1.605717918 -0.233861770 0.862043477 -1.253168663 1.214449874 -1.804444095 -1.259559024 -0.939045943 0.026591210 0.334444551 -0.757122459 -1.401477030
-2.100026104 -23.552504121 23.152548948 0.000580995 -0.218911596 -0.974075599 0.057044745 0.406075492 1.049488721 0.397178872 2.646867222 -0.408443369 1.786400481 -0.333791602 -0.791489900 -0.757074649 -0.015372870 0.527981729 1.153735640 -1.113427350 -0.391756378 -0.639950380 0.159854732 -0.502956621 1.965837623 -1.534298624 -0.312452870
2.039632384 -38.061798558 20.780509698 -0.190019915 0.665099885 0.620248324 0.369900786 0.232896836 0.237958950 -2.659708568 1.552095500 0.094059143 -1.936782249 -0.760430232 -0.251035989 0.134156275 -0.419495610 -0.213007853 0.101484938 0.627390888 -0.379720545 -0.675571935 -0.403202101 0.802848677 -0.941356471 1.345956269 1.978000052
3.212584520 -23.242084440 22.643954163 0.581509378 0.697522652 -0.126205828 0.399225603 -0.053617425 -0.645783074 1.697973369 -0.068465744 -1.378926479 -0.619801846 -0.701985141 -0.285218116 -0.675233992 1.430925636 1.327966786 -1.719761529 0.302014358 -0.182355533 1.144428114 0.398875777 -0.085862562 2.241866571 -0.002043575 1.053236959
2.042310116 -25.568044912 19.059710358 -0.057287758 0.722893409 0.536235220 0.431966459 -0.812194540 0.678513264 0.136646822 -0.198451368 -0.703007736 0.997675291 -0.238516997 1.017581844 -1.321366343 0.377167521 0.284468006 -0.163969796 0.227305589 -0.101809276 -0.423981040 -0.093627807 -0.452373288 -1.169495582 -0.875951415 -0.890601616
9.510320386 -28.117333621 16.717377695 -0.395270248 -0.868224062 0.260222084 -0.149106928 -0.061166360 0.492507564 -0.517633337 -0.044300884 -0.223320075 0.473048252 -1.092336012 1.134508181 -1.167627799 0.227199599 -0.547324110 -0.984328837 0.060469358 1.682629593 1.059149871 -0.268268869 0.176910238 -0.080532440 -0.011731405 0.145736030
4.237807908 -19.968220958 20.836373166 0.847157075 -0.255940366 0.365935447 -0.287942127 -1.357550127 0.654150129 1.386540184 0.547364986 1.211635913 -1.304344287 0.651800646 -1.645887020 0.556134165 -1.682562060 1.568134252 0.680933823 0.909149841 0.502840930 -0.097532229 -1.056814602 -0.714090523 0.139510268 1.887050483 0.594430292
-3.521929118 -25.936669290 19.764622072 0.461050651 0.063951324 -0.884747145 0.023770058 -0.480433586 0.323673500 -0.832242328 -0.140769738 -0.840847811 0.387243116 0.797913247 -0.689787323 -1.449251769 -0.435483157 1.535293268 1.596708546 0.194939415 0.187743699 -0.316329560 1.065128200 -1.044252386 0.217211176 0.486985477 1.705551426
-7.121719812 -28.960097470 16.523854802 0.036205736 -0.097497730 -0.945431059 -0.308777348 0.252927136 -1.036149506 -1.305163980 -2.769129813 -0.210911280 1.179654153 -0.034553492 -0.011930634 0.143723175 1.180569746 -0.027047766 0.620253919 -0.466593442 0.887519228 0.247359892 -1.123784136 -1.042403027 -0.061221738 -1.125003982 -0.455723684
-2.355541570 -28.858598759 15.771304386 -0.343997796 -0.722650058 0.534478151 0.271616488 -0.385506032 0.403362286 -0.227715292 0.203766064 1.706100757 -2.076511922 0.506316198 -0.198062989 0.712915885 0.738953985 -0.587418042 -0.171096841 0.271468418 0.683550136 1.705022047 -0.259914417 0.308244778 -0.285947724 0.709853657 0.525813323
6.569825750 -28.259836211 22.394135325 0.086791017 0.412489246 -0.868725398 0.260069459 1.822464111 -0.209238016 -1.106951818 0.831632682 -0.692640015 0.676485463 -0.043283042 -0.819012623 0.194676979 -0.190990803 -0.003755861 -1.013600479 -0.493938628 1.046193310 -1.495728175 -0.077778557 1.426343912 1.395659613 1.118641541 -0.189981159
8.297495429 -33.987380369 21.908113424 -0.027361777 0.806519573 0.302487580 -0.507226552 0.095430791 0.282370040 0.412220471 0.121087963 -0.986432157 1.172572341 -1.784129989 -0.000791561 2.177053300 -1.464604961 0.360222363 -1.976547151 1.752101860 1.065406474 -0.802982730 -1.731700617 0.477001032 -0.295389068 -0.002760479 -0.394096992
-5.558485975 -27.833512329 23.244703846 0.092324792 -0.345702139 -0.827824968 0.432055537 0.051655080 0.369846764 -0.136273966 -0.475069606 -0.432908061 -0.273029592 0.198270720 0.289375650 -1.834170823 -1.674701404 -1.176889536 -0.631352062 -0.899971586 1.117063561 -0.720575127 1.167519328 1.418999994 1.938771183 -0.104503780 0.025444581
8.562653507 -26.552188339 16.812823878 0.442477265 0.611638854 0.156161384 -0.636965779 -0.014010032 -0.168753601 -1.080705964 0.636161151 1.971270655 0.004281300 0.091501770 1.441633800 -0.970769745 -1.480785521 2.702284318 -0.442432940 0.585472110 0.568069216 2.493393423 1.085459819 -0.001770153 -1.569910622 -0.660353180 -0.169024325
-5.212057658 -33.729138215 17.403530216 -0.839777549 -0.154832259 0.489887900 -0.175529157 1.278736661 0.737807877 -1.107508038 0.402131217 -0.180668968 0.511949391 -0.556170522 -0.792764477 -0.027694121 0.045544298 -0.042731410 2.376038333 -0.046538909 1.303851329 1.696846046 -0.069808204 -1.483852984 1.480781788 0.770031869 -0.620911854
4.908302444 -34.081135121 19.502323053 0.667720447 -0.444681558 0.535097973 0.264722262 -0.070071456 -0.088064445 0.363591471 -0.085092331 0.370665896 0.619554318 0.825968156 -0.458100805 -0.827250631 -1.073863133 1.076508332 -1.285266799 -0.198148702 1.225404481 -0.132318979 1.092771528 0.582817264 -0.017801701 -0.034438679 -0.404008206
3.603574392 -20.789905356 23.323134110 0.293692092 0.696577020 -0.291946879 0.585911623 0.675276707 -1.457075321 -0.575576671 -0.304544478 1.101193447 0.347773178 1.766254183 -0.205075951 -1.130710772 1.119677580 -0.697733335 1.557006734 1.043929479 -0.322743671 0.144919316 2.379996708 1.044013313 -0.687062811 -0.633004945 0.416276529
5.396178181 -29.607476510 27.602571055 -0.021331745 0.682036831 -0.230605137 0.693680034 0.284892746 1.540803525 0.711869032 -0.321072981 -1.184723062 -0.109990750 -1.149334875 -1.428879646 0.202887013 0.605008091 0.587922941 0.230325435 0.271648332 -2.295398873 0.377990310 -0.111710594 -1.437457778 -0.317155695 -0.997905260 -0.144824259
5.446453740 -35.705151659 23.087922899 0.560116960 0.321747011 0.762602279 -0.034432768 0.873476932 -0.934862594 0.635180144 -1.645453607 -1.491805227 -0.884154750 1.967184182 -1.366075590 0.496792232 -0.379950242 0.305188928 -1.335200870 0.367811547 0.358669176 0.116113112 0.316174508 0.759521914 -0.014461669 0.108171915 0.010625317
-2.984440034 -34.480267217 22.104486982 -0.065728393 0.553896652 0.664542643 -0.497253812 2.087633458 -1.152474516 0.260079358 -0.298130713 0.450730637 -0.413223007 -0.209449835 0.444906733 2.809793443 -0.215035234 -1.223793435 -0.101740289 0.876947289 1.605870847 -0.336888361 1.243095115 1.219663263 0.829739532 -0.977237197 0.888777704
-0.777280017 -30.421888297 15.179497894 -0.853220096 0.471983160 0.153064020 -0.160682203 0.848128523 0.468380904 0.626382830 -0.646499777 -2.390074324 -0.339560182 -0.744289639 -0.263749422 0.162814874 -0.134546473 0.315946789 -0.261410908 1.019916277 -1.334418095 0.587556379 0.084997736 0.419477727 -0.182161812 0.136510190 -0.169458533
8.547502087 -27.990287137 17.446903782 0.502596344 -0.442251453 0.334524555 0.663252508 0.927828544 0.977783236 0.395537328 0.408835033 0.193719374 0.713012999 1.392811410 0.052652573 -0.504371813 -1.466365725 0.663216209 0.686168279 0.038508042 -0.035287886 1.451348888 0.310010329 0.815408138 -3.145144171 -1.478599731 -1.600720714
-5.810406313 -23.227583845 20.975065660 -0.468491405 0.737227038 -0.023684953 -0.486262399 -0.051679161 -0.313245077 -0.302439510 -0.772420542 -0.304240761 -1.315552041 -0.788562088 -0.937940504 -1.404718983 -0.092517989 -0.070905222 -0.121704815 0.904105260 0.037859240 1.570372092 1.073817827 -0.116098208 -0.921897161 0.303239941 0.023110478
5.640129288 -23.481921027 21.324268086 -0.354819726 -0.753030303 0.165633738 0.528785202 -0.798714617 -2.157274870 -0.360439629 -0.282632795 -0.136991142 -0.444914047 0.531423470 -0.551533963 0.369854527 0.124059092 0.700221265 0.869256072 -0.249765664 -1.707404080 1.999509459 1.529998742 -0.401358101 0.097009281 1.285794344 -0.904630168
-1.723276790 -25.216799293 15.353498582 -0.069750049 0.113962706 0.147545367 0.979988672 -1.551201096 -0.229848347 0.737376829 0.858632315 -0.056421769 0.429725062 1.442508703 1.471016823 -0.715917464 0.111880778 -0.160465387 1.101026741 0.807540861 1.458103524 0.464019546 -0.079654204 0.997778557 -0.464770626 0.594153752 -0.907569623
-3.461519078 -25.772623406 23.852282583 0.085478161 -0.764725173 -0.577706340 0.272294471 2.554153630 0.364192695 0.444464287 0.143320752 0.630203766 -0.380766076 0.877896203 2.530296498 -0.549358699 0.605075216 2.611454310 -1.004804467 -0.093388212 0.594424456 -2.020803844 -0.258241172 -0.499449314 -0.246892707 -0.123379647 -1.244236238
2.407391917 -23.905246356 20.597354569 0.126046843 -0.254569868 -0.957007957 0.058669812 -0.838751887 1.588784264 1.867276992 0.541172692 1.125024956 1.048775307 -2.453388340 -0.220306163 0.418221032 -0.149718844 -0.792384738 0.297624110 -0.832028197 -0.419357980 2.157337873 -0.430960030 0.618230682 -0.450020909 0.474664906 0.400448244
2.146152781 -35.642239873 23.519645187 0.059883708 -0.448811300 -0.373599222 0.809571479 0.240130020 -1.317698143 -0.315515467 -0.075727988 0.324746996 0.041953529 -2.082992738 0.501777753 0.818980699 0.441629379 0.431501200 -0.385690570 1.765659622 -1.117027171 -0.772426380 0.719364929 -0.478857472 -1.095474272 0.857626727 1.915283589
4.092794656 -36.923249874 17.582493322 0.072426784 -0.823641402 -0.019870193 -0.562115982 -0.236805394 0.339472525 0.258294665 1.684235772 1.071403049 -0.649121305 0.769678167 -1.540746079 -1.114469843 0.452294097 -0.318771512 0.743171586 -1.089186948 -0.411478920 -0.395393049 -0.505094132 1.507444338 0.495519440 0.706752233 -0.867098861
-7.501185298 -29.822128081 20.129819538 -0.327003929 -0.768207428 -0.085320162 0.543733619 -1.239683356 -0.166656230 -0.550583668 -0.609020221 -0.734755018 1.905460659 -1.311996135 1.915756827 -0.314456265 -0.443959243 -0.339230748 0.983671624 1.286276321 -0.070458841 -1.331878583 -0.717442844 -0.568559590 1.376352857 -2.889627071 0.069467772
3.857046293 -33.386327148 24.480187163 -0.041200921 -0.239411639 -0.950616216 0.193166665 -0.967207616 2.767755365 0.148708280 1.846970062 0.138894607 2.133241450 -0.720036004 -1.083471056 -0.421597970 0.548144055 1.724495915 0.770348255 0.439124055 0.386529682 -0.445080987 -0.637490731 -0.094762408 1.126834779 -0.788590096 -0.330031697
5.052092109 -36.036244582 16.694614305 0.587916200 0.376159231 0.593452317 -0.400840520 -0.126918802 1.023180674 -0.047007957 0.191047333 1.005990038 -0.792472180 0.437327591 -1.068638065 -0.094961782 -0.759585316 -0.261872425 -0.191738155 -2.292658902 0.377633235 0.783340412 -2.521039897 -0.236517446 -0.001035713 -2.106897749 -1.769216462
3.572244950 -35.004559854 25.739288209 -0.178211966 -0.741138329 0.192551816 0.617963000 0.002537337 1.017260703 -0.515488490 0.940370578 0.069246695 0.527767092 -1.858357540 1.201292591 -0.257231638 1.211582156 0.265642600 0.032479186 0.454356654 -0.514114667 0.389130380 1.325727927 -0.852522363 -1.834468485 0.161267652 0.394894279
6.453278360 -30.678021408 21.810919199 0.401831592 0.263247350 0.164771505 0.861442137 -0.124048240 -0.508917764 -0.060597342 -1.010839642 0.773583640 0.329840343 2.262808755 0.818912584 0.967813912 0.479144851 0.722927686 0.042169116 1.266273412 2.050725831 -0.814191374 0.007437606 -0.308197174 0.970131234 0.404806256 -0.624817969
-1.774288716 -31.669039570 18.257700583 0.384910395 -0.732874443 -0.540449285 0.150511159 0.009831701 0.484127644 0.898433425 -0.345572625 -0.039001072 1.111911857 0.925639987 -0.132330003 -1.333816685 0.605681095 1.306902244 0.220525230 -0.956406609 -0.770043905 -2.085870080 -1.498962230 -2.254966874 -0.519919422 1.053247720 -0.743313677
-6.916910727 -23.408221708 19.292777260 -0.579390352 0.727639642 0.068274665 0.360812891 0.099637066 -0.720274275 -1.041246046 -0.454040682 0.373086821 -1.535301458 0.509180444 0.705259271 -0.445512751 0.799982221 -0.857472413 -0.569037835 0.137247850 0.057747136 -1.629471545 0.618308061 1.129547734 -0.732371524 -0.334928970 0.928167014
1.369437590 -30.411809611 23.978256081 0.490181584 -0.263700300 0.398652483 -0.728876096 1.896800521 0.248660703 0.053720075 0.555505262 0.396807274 1.139691306 2.878936306 -0.256389356 -0.647029190 -0.398809760 0.068951327 -0.188987085 0.305096415 0.622508937 0.544771319 -1.786226502 -0.150594985 0.227972286 -0.556699190 0.705711790
10.238138936 -28.547439591 18.444800097 -0.715333191 0.203947442 -0.184156652 0.642487505 1.305440098 -1.097425276 0.462887486 0.178886697 -0.694972801 -0.480054006 3.343745993 -2.719650588 0.374298112 0.385714988 0.029912071 -0.473153924 0.386511584 -0.789079123 -0.052753060 1.158297812 0.287548972 -2.208728936 -0.463308362 0.786797932
2.894120014 -21.748576901 20.439619714 0.681845722 0.101948641 -0.696622023 -0.198521139 0.078579187 -0.318160120 1.507275051 -0.109892883 0.359705758 -1.873865348 1.252780413 1.469989375 -0.150843510 -1.128272268 0.928203129 -0.978551479 0.492122438 0.067168803 0.327336590 -0.682099412 0.532112701 0.388996496 0.137403443 1.015127769
1.758995162 -34.502747924 28.982573883 0.774156444 -0.343710625 0.408617322 0.339965719 1.092623482 0.901314476 -0.282940684 1.771930387 -0.300832436 -0.534379281 -0.472982179 -0.769658811 0.947029872 -0.947982056 -0.423483947 0.482232574 -0.877764194 -1.333093511 0.815169181 -0.202680310 1.204558378 -0.559845161 -1.365387691 -1.241165665
0.357268903 -25.858572520 25.452164114 -0.460706020 0.329182435 0.474269698 0.674134364 -1.284339896 1.140787133 0.728190636 -0.482756365 -0.748879636 -0.558838222 0.410374505 0.593160477 -1.574413671 0.667586415 1.769500696 -0.884824549 0.154631722 -0.364846540 -0.401809425 -1.451193939 -0.104755221 0.614024922 -0.178567612 -0.403367759
6.115911170 -29.839487390 24.749152700 0.878196127 -0.429552559 -0.171221168 -0.122227136 1.289128042 0.659034368 -1.461164118 0.256982503 -0.155699863 -0.390369542 -0.931823203 0.382541157 1.618762154 0.436442442 0.113372004 -0.956956884 -1.086656025 -1.881695111 1.156517097 -0.101519120 0.549457797 -0.592986808 0.888152850 2.061428338
4.434747584 -25.814922645 29.146616605 -0.764239493 -0.407828400 0.187248833 0.463197439 -0.484323799 0.128147261 0.960933504 1.475136835 -1.477368003 1.587206428 -0.741142570 0.555122646 0.847768868 1.044112698 -0.591807508 -1.114790746 -0.168143153 -1.360896842 -1.159639263 0.288136769 -0.417915625 -0.485236671 -0.194244604 -1.174806601
-1.502574205 -21.505199176 25.321706406 0.905647374 -0.256334258 0.043398312 0.334980847 0.824125894 0.851115811 0.487695920 0.696647420 -0.721986626 0.995498410 1.536278142 -1.401773730 1.104354693 0.433225766 -1.687538891 -0.052261270 -0.682940176 -0.702610730 -0.515593836 -0.130927641 0.237666740 0.699355346 0.225327189 0.544234457
-0.667390105 -33.677233176 25.914596467 -0.141387058 0.660862898 -0.605608701 0.420128590 -0.764571863 -0.042478539 1.091104509 -0.385434141 -0.285413779 -0.245539613 1.943264565 -0.781495948 -0.503573405 1.176624594 0.827556997 0.372589995 -0.231613667 -0.766227617 2.156848322 0.836713855 1.606342331 -0.377918295 -0.853044987 0.365062572
-1.040977647 -20.675443079 20.976227463 -0.656732403 0.286508919 -0.499008632 0.487448023 0.857835475 1.616766826 -0.101058919 1.108414023 0.248724185 -0.070391382 -0.917525634 -0.324086820 -0.267085350 -0.519496123 -0.630841451 1.218479850 -1.169944678 -1.354560666 -0.180288238 -2.661535849 -0.466111567 0.189480765 0.401711479 2.278014797
1.595189236 -27.922817786 20.249432330 -0.421249002 0.693283589 -0.534654497 -0.236752428 -0.607654503 -0.423967591 -0.980821804 -0.190423453 0.954063950 -0.175463676 0.797625762 -1.304937261 -0.522079257 0.159082631 0.865686808 -1.523020584 0.132977691 0.081704647 -1.006724398 -0.492633960 1.533672303 0.837656687 -1.719713799 0.862373587
2.389861094 -30.722605680 30.297709940 -0.789522743 0.498454437 -0.355686935 0.041034333 -0.875342848 1.249153502 2.200611199 -0.777569196 -0.399680683 -1.202360860 0.031356484 -0.805336312 -0.583449279 0.708228636 -0.225809722 1.292953146 0.311225321 -0.090921928 0.470671076 -1.607472846 0.297255543 -0.740122565 0.093232335 0.721788169
1.770598850 -28.596040513 30.415185343 -0.216226129 -0.232007642 -0.628867861 -0.709890082 -0.416102904 0.560310829 1.021981132 -1.018865439 0.993580060 -0.431728669 -1.400808773 0.196170263 -1.605739199 -0.807789809 0.622786830 0.072905571 0.175522651 -1.331683461 -1.385624059 0.573031016 -0.499073927 -0.056365088 0.719923118 0.428664630
9.128806330 -23.175366908 23.027278821 -0.680981453 -0.371718099 0.615435031 -0.139031069 0.307859243 0.204805768 0.885615547 0.633451254 -1.058194568 0.796084242 0.451168871 0.110995714 -0.624772932 0.394103867 0.031545389 0.719233830 -1.795136770 0.425299426 -0.484309986 -0.206960087 -1.880109694 1.480401101 -0.558252819 -2.006721046
4.699421361 -26.832803535 16.753072648 -0.471404549 0.605871911 0.517068123 -0.378599439 -0.769441157 -0.555005089 -1.277062200 0.687972902 0.957394170 -1.045014766 -1.072552564 -0.595246979 0.151357610 0.910016648 0.096344766 -0.158313777 1.037963425 -0.082874213 -0.243994643 -0.931966043 2.336250061 0.413790836 -0.665973748 -0.443603271
-1.439931750 -30.500165654 28.794513985 -0.774753870 0.147799307 -0.614730899 0.004210382 -0.098289796 -0.453654878 0.261714596 0.850284196 1.502993207 -1.896581800 -1.631886528 -0.242267873 1.038960223 0.263995718 -0.546446588 -0.604783749 1.024052802 -0.498043499 0.036637080 -0.240933703 0.558253677 0.270555105 -0.864230448 1.091558642
1.866855235 -22.248343110 15.549735273 0.476064167 -0.497342967 0.250183054 0.680750558 -1.111169062 0.877267903 -1.160143808 -1.385275455 0.162581666 1.575575555 2.174553674 0.620588716 -1.042613990 -0.538116761 -1.250533245 -1.610516460 -0.658363351 0.269300928 -0.287808296 -0.144981557 -0.964936406 -0.306639136 0.843686246 0.997694477
5.020318872 -28.373852792 22.923742281 0.247596947 -0.732420923 -0.273721975 0.572129027 -0.204711902 -1.237824334 -0.372897735 -0.170568717 0.517194330 -0.770372619 -0.202586772 -1.478786217 0.966256457 1.185694030 1.179324491 -1.211290852 -0.246353838 2.136089246 0.261773304 1.122249166 -0.025809619 1.447372606 -0.104981519 -2.110438993
-2.011976030 -27.413452215 12.830487353 0.218368279 0.905295116 0.119974031 -0.344038195 0.775666035 -0.192362632 -0.540543620 0.850299801 -1.904077919 0.332505676 0.588425936 0.524949822 -0.826718773 -0.146573569 1.788446209 -0.267949614 0.948696060 -0.395761805 0.615473901 0.750638508 -0.893436148 -0.477416020 0.836710339 -0.376643064
0.003611188 -35.114158216 14.385433756 0.018187551 0.416482215 -0.688467305 -0.593485087 0.211811614 -0.341109094 0.315617963 0.658870348 -0.774863560 -1.457756006 1.086301348 0.722781719 0.906280324 0.946327946 0.031557983 0.537013986 0.267879542 1.959534413 0.572109807 0.092959456 0.210649231 0.815957060 0.446531448 0.366242667
0.066557806 -32.009094733 19.672146007 -0.027460590 0.867323988 -0.417160847 0.270133012 1.386428882 -0.546087703 1.078850493 -0.078507134 -1.842460196 0.370365385 0.161935296 1.273741873 -0.480360184 0.625718015 1.895421950 1.052785421 1.406857560 2.271304326 0.386076814 -0.744042265 1.349525078 1.239082699 0.884709467 -0.396646647
7.181269759 -22.177008457 25.304579965 -0.165809992 -0.472283921 0.725792543 -0.471889954 1.396671587 -0.225500630 -0.375894308 0.572556968 -1.346457456 0.905694799 -0.712106552 0.636718314 1.116310554 -0.010655157 0.088182582 0.302368008 0.174550374 0.524132551 -0.216281983 -0.459183058 1.172211302 -0.839863050 0.202874450 0.745374453
0.457400857 -29.024665591 17.586315860 0.659453749 -0.750693997 -0.039406086 -0.005141580 2.553051801 -1.197455682 -0.730280468 -0.675336839 0.596242272 0.192964227 0.806736930 -0.355707588 2.878693978 0.517349901 -0.653311906 0.899870105 -0.277616650 0.970617464 -0.870613733 -0.975690854 0.811940349 -0.647391723 -1.092908373 0.043834546
-0.168288700 -32.500925267 25.344576055 -0.212588217 -0.470492887 0.602168628 -0.608962754 0.182068190 0.763972290 0.240013966 -0.995008851 0.054263375 -0.460039422 0.176149967 -0.962740266 0.716128905 -0.153491532 0.616578709 1.303331274 -1.317150352 -2.507919639 2.264147236 -0.858541431 -0.034305451 -0.930318081 1.008472044 0.649981757
6.852974995 -30.029452615 19.227228456 -0.321653994 -0.090161311 -0.271805596 -0.902513914 0.712414729 -0.025157487 -1.563047391 0.506935085 -1.258768290 1.018264913 0.338096736 1.724087409 0.420222637 0.676317591 0.104348091 1.612537886 0.043587539 -0.757742985 -0.723251285 -0.707806386 -0.258355190 -0.217456799 0.511650164 -0.823223330
1.334707801 -34.510804853 25.237810921 0.261481738 0.487269352 -0.167314364 0.816211849 -0.063257473 2.388517657 0.866958336 -2.034154356 -0.707670228 -0.865778893 0.342839095 1.079878362 0.103292245 -1.025402684 -0.156455828 0.909907528 0.068741248 0.982504863 0.103536563 0.232434192 -1.917659651 0.551198995 -0.353229007 -1.771899948
6.681296564 -23.408538925 22.759230908 0.641333653 0.255706369 0.620024642 -0.372659150 -1.218919307 0.807442644 1.204145728 -1.645425692 -0.783536760 0.750083732 -0.428421387 -0.788211345 -0.427834345 -0.919267846 0.793938736 -0.556554795 0.611611596 -0.488463814 0.193446676 1.658179515 0.821445846 0.114793981 0.619792575 -1.217328921
5.889767152 -34.623604574 23.165286829 -0.497425581 0.763639560 -0.383268945 0.150091073 -0.907446842 -0.845055789 0.509805650 0.353254284 0.881657543 -0.943105494 1.806739341 0.509805013 0.066038731 -0.178369409 -0.381466083 -1.734276247 -0.904499351 1.232119874 1.015520749 -1.832025117 1.489553673 -0.257044361 0.413916831 -1.295895091
-2.781260174 -30.303242084 19.434418986 0.115515499 0.769937063 0.586090200 -0.224391098 0.195264830 0.912126222 -0.029627864 -1.892599560 1.488219450 -0.071963703 1.356076350 -0.226416101 0.982000440 0.659790200 0.825228890 -0.907939222 0.571565738 -1.894814809 -0.951237164 0.239828329 0.430071512 -0.418085645 -0.065527452 -2.012233275
-0.370448292 -29.893308001 21.239036125 -0.167731748 0.876952020 0.446395490 0.059601027 -0.882995033 0.028794764 0.458482570 -0.450674415 0.006896133 -0.541750068 0.758984147 -0.219150727 0.126863465 1.497276684 1.310311797 0.013953384 0.847674759 0.075719408 1.568711419 -0.871928944 1.069468659 2.128579843 1.055331773 0.577419253
-3.100828768 -25.202248756 27.594450237 0.480352144 0.397525411 -0.028944238 0.781279461 1.041154067 0.438941226 -0.088707993 0.240692930 -0.887386545 -0.034115130 1.856741309 -1.662206343 -0.738779187 -1.527685591 -0.209837111 -0.178241813 -0.654672200 0.635968295 -0.212666913 -1.020124504 1.459953051 -0.293769748 0.291755477 -0.150439517
3.932404936 -32.724252002 26.334367579 -0.964001368 -0.094499616 0.233579961 0.084921063 -1.090338784 -2.007321113 1.512001003 -0.358357070 1.580193655 0.363024629 0.854877640 0.899743380 1.640552539 0.323825788 -1.407987408 0.078898060 -0.298695684 1.290242664 -0.457356418 -0.709095980 1.677873284 -0.356130571 -0.709548238 -0.401503970
2.385283412 -26.126217234 26.532180398 -0.084729677 0.474711164 0.750077242 0.452608356 1.463316016 0.241196457 -0.978644428 1.256180889 -0.583239540 -0.033596446 -0.187665786 0.106053256 -0.265624085 1.113109267 2.520928375 -0.804956491 2.072328578 1.540493658 0.874911716 -0.055911582 0.454372532 -2.191541948 -0.391910151 -0.242209942
1.838281088 -25.122194289 23.547037292 0.498978912 -0.269924779 0.390518121 0.725021556 -1.594422446 0.518056007 0.181792634 -0.700061143 0.460571051 -0.335368992 1.393034237 -0.860614920 0.110249811 -0.196641133 -0.303137495 1.982692422 -0.331000346 0.703209162 0.962854177 -0.666198862 -0.255254314 1.116311634 -0.286007150 0.650241114
7.975233301 -23.912474745 21.326381502 0.019842783 0.113064744 -0.286378725 0.951214935 -1.424642844 -0.156506565 -0.554183174 -0.804293768 -0.386985550 -0.911893190 0.491450075 -0.230880834 -0.904321035 1.812728351 0.777946393 0.234283931 -0.682061762 -0.084286813 -0.361827965 0.217896639 0.510477811 -2.364350530 -0.062386207 -0.649416284
-1.164205330 -35.887361824 17.915874303 -0.063006644 -0.912947728 -0.193954495 0.353466069 0.299221144 -0.882771677 0.705670540 -1.821714921 -0.831365791 -0.475056203 -0.820000480 -0.574675886 1.077667768 -0.822710272 -0.796963790 -1.209097831 0.001985262 -0.576862324 0.629017465 -0.211768124 -1.159701280 -2.327542165 -1.452655988 0.448420363
-3.843694018 -34.296398061 23.341849639 -0.957944690 -0.160120760 -0.072765490 0.226734418 1.802090711 -1.135886780 0.204082477 0.689168031 -1.399935687 0.434467564 0.842205904 1.043479832 -0.532931120 0.584125547 -0.267863078 0.037385700 -0.439801323 0.532942582 -1.446796014 -0.609598570 0.742819170 -0.369770818 0.291825811 -0.207189506
-5.283144781 -25.498396947 27.710430365 -0.909360352 0.153302568 -0.265865400 0.280851672 0.566076722 -0.027257173 -0.481616794 -0.139915903 1.098090294 -0.520750352 -3.038901307 -0.931580389 -0.245871798 0.671002989 0.670957595 -0.878948022 -0.790532603 1.532857932 1.364999865 -0.533970010 0.043585154 0.172603251 1.539775689 1.099813147
3.840138432 -36.988952632 23.403694646 0.226087451 -0.750962416 -0.451107294 -0.425960237 -0.263854483 -1.032862586 -2.752024619 -0.252324093 -0.681053306 1.779448058 0.718524280 0.967136488 -2.281689874 -0.062041785 1.060387074 0.947120762 1.717502650 0.150019930 -0.390257887 1.116940139 2.235327554 -0.736666667 0.138765469 0.866917174
-6.466041437 -32.291344397 20.719476002 -0.064956967 0.017424883 0.190660095 -0.979349628 1.324881390 0.226805501 -0.316520547 -0.524458709 -0.424311585 -3.312896495 -0.882033438 -0.380499932 -0.544977720 -1.379148555 -0.874891108 0.337791167 -0.330222286 1.756902983 -1.612784314 0.447281073 1.847853909 0.120672512 -2.008147002 0.690511196
-3.578580315 -32.280097228 16.730244881 0.081012404 -0.153548059 -0.854082621 0.490308943 2.332335734 0.366362053 -0.284665188 -0.684169520 1.635270942 0.521402541 0.837015230 -0.598543052 1.009870503 -1.784726840 1.077861450 0.332836935 0.295574982 -0.270003333 -1.214540335 -0.628664522 0.571945123 1.420375763 0.342820824 -0.361156470
3.976766295 -34.655981476 23.976386127 0.408188081 -0.248836365 -0.642573044 -0.598801167 -0.959227780 0.748614760 -0.355434893 -0.563319223 1.373273060 -0.173085705 -0.112646019 0.119472401 -0.386552927 -0.769747976 0.659855715 -0.866702109 -0.207718384 -1.130396028 1.496164968 0.006403120 1.304954184 -0.829036743 2.378468309 0.219833603
-0.274840047 -31.733941313 12.297016417 0.349584776 0.672532309 -0.558668333 -0.336720168 0.187867709 1.258483781 -0.021121578 -0.429278295 1.103902374 -0.221194975 0.827162123 -0.622307512 0.087950608 -0.245069774 0.780918496 0.452216877 1.475020892 -0.958990719 2.508740282 0.960677974 -1.523144528 0.715921797 -0.986018458 1.560730796
3.220951856 -19.046514640 23.434113892 -0.488177490 -0.520210739 0.573308589 -0.402964995 -1.117099879 0.823046669 0.882684425 0.372928593 0.357469337 -1.088918651 -1.548245340 1.479047102 -0.598300095 -0.427144454 0.715388923 0.530720838 0.177928930 -0.967976103 0.001631562 -0.050606791 -0.835764252 -1.363738726 2.145533378 -0.666884178
1.950780555 -27.792673422 20.019885617 -0.751668554 0.630195660 0.142746646 -0.132178705 0.455433758 -0.630443715 0.205202303 0.731244733 1.745397242 1.386237058 0.586116023 0.462808775 1.397532209 -0.603997339 0.433204263 -1.747064675 0.428233958 1.251578784 -0.723174362 0.544317723 -0.803304891 -0.278646369 0.491756973 -0.783358679
-1.493057744 -31.301491531 29.959965754 0.902248050 0.103828527 0.227420212 0.351351875 0.282946055 -1.704233406 -0.661322664 -0.717586354 1.071677243 0.515554020 -0.056612113 1.063769017 0.170372429 1.365673969 -2.134756895 0.343154364 0.051461284 -0.297849365 -0.495593132 0.759264806 -1.310401264 -0.431479990 0.423448818 -0.227103123
0.468760330 -37.746680777 24.047390022 -0.929927377 0.091409847 0.218357700 -0.281423575 1.137283671 -0.217981711 0.952798081 -0.045140773 1.550371116 -0.819884026 0.213940391 0.301416209 0.563588612 -0.338961038 0.074493415 -0.758483947 -1.253431680 0.375075235 -1.408088865 0.490720462 0.246607502 -0.428978546 -1.277057337 -1.437507891
9.259127826 -31.336229398 21.638631938 0.703518952 0.114455614 0.590262394 0.378881646 0.681053360 0.049004790 0.320324853 -0.371198880 -2.770085030 -1.437271552 -0.164398127 0.667326987 -1.642570130 -0.636778826 -0.193937032 -1.475629911 -0.504060068 -0.189500662 -1.711791603 0.086448632 0.323898248 -0.300534255 1.610735146 0.511899627
10.870389003 -26.614494938 21.510487987 0.255433754 0.065531179 -0.020724778 -0.964380498 0.447802177 0.273444984 -1.109031727 0.368187541 -0.534283267 -0.226218105 -0.164599156 -0.134525467 0.852973690 0.751751798 0.505098001 -0.164405262 1.624702293 -0.292268988 -0.995052293 -0.396457197 0.129202883 -0.038733401 0.353932657 1.551230703
5.085939869 -23.542097856 20.613839861 -0.473300475 -0.635298307 -0.609543525 0.028972603 1.184569124 1.108422184 0.131831670 -1.047176353 -0.675359622 1.052703697 1.834562787 1.494056683 0.015661051 2.400958747 1.061977377 0.491124816 0.960839439 0.765130570 0.631984699 -0.580922103 -0.479560970 -1.018301012 -1.813339894 0.339985613
6.323187920 -30.436604294 24.597471790 -0.513342039 0.676745057 -0.495827595 0.180696085 0.586943460 2.992623626 -0.031681549 -0.705242289 -1.689338752 1.683070360 0.184146602 -1.132975469 -0.540314266 -0.772368186 -1.430010813 -0.388969362 0.314758414 -1.487309628 -0.848555477 -1.836237088 0.059678465 0.362082471 0.598807663 -0.486447225
5.196699898 -31.076307025 25.781350976 -0.145131865 -0.276927059 0.545848611 -0.777365705 0.154766485 -0.203113382 0.929775586 1.482260825 -0.905389795 0.082805856 -0.046928022 2.246240394 1.924078912 0.747349166 -0.753626989 -0.443464168 0.187105817 -0.143678030 -0.083398150 -0.796698184 0.007708504 -1.525124531 0.535487916 0.933129108
7.271965929 -21.168088733 21.891513767 -0.348795506 0.215083671 -0.706092798 -0.577506424 0.257908227 -0.568807884 -2.222454996 0.007201738 0.193929155 0.291282723 -1.974950686 -0.241086664 -0.645962368 2.320729648 1.401881374 -0.056236742 0.238793655 0.099929683 0.233193099 -0.694469965 0.853013252 -0.623136190 1.668677537 -0.684001294
6.571015640 -28.123096842 21.751815089 -0.586603529 0.780154853 -0.217192962 -0.009051156 -0.925446524 -2.055093211 0.338291360 -1.158493559 1.625309112 -0.471216912 0.562071999 -0.486557526 -2.169647978 -0.945166350 -1.533112563 -0.041689381 0.035087500 0.578218525 0.330994452 2.132426483 -0.932720603 -2.367736064 -0.451625748 0.568744133
3.611789633 -25.228250316 15.151924163 0.478446838 0.864454005 -0.134005280 0.076488443 -1.531157679 0.728728710 -0.803813997 0.798626505 -0.296932492 0.053824188 -0.860684983 -0.209948364 -0.659035743 -0.400857882 0.041818528 -1.779104615 1.418086427 -2.063524481 -0.810481504 -0.370140197 1.626918028 -0.456801727 0.691678832 -0.967886961
9.309401090 -23.638347691 22.417179724 -0.375149545 0.837300929 0.093800239 0.386511950 -0.545264512 -1.471927151 -0.309735005 -0.459270348 -0.061289695 0.472502308 0.958046476 0.880911879 -1.582058178 0.645536597 -1.249205038 -1.159605677 0.092203392 -1.424517682 0.093167069 -0.398610570 0.420134575 1.585744654 -1.110012403 2.249289947
1.891836432 -25.799362358 14.119009100 0.171914672 0.000893788 -0.834306503 0.523810277 -0.362147334 -1.998457679 -0.348269654 0.848118112 0.332431658 0.801987661 -0.507957907 0.332407108 -1.351964046 1.005306864 1.147793087 -1.478362507 -1.083652251 -1.013973080 -0.092807041 -0.772430349 0.375947619 -0.281140621 -0.154735324 0.836826267
5.633213507 -28.738369838 21.635271057 0.110762985 0.087399727 -0.176678598 -0.974103445 1.041160822 0.179145425 -0.120928932 0.548111326 0.018966510 0.444459018 0.736917795 0.435152702 -0.339458393 0.733836938 -1.526402390 1.362768478 2.392586645 -1.220006741 -0.084006328 1.191255076 -0.151044395 -2.366863697 -0.470509754 1.282876782
-6.623718443 -32.840227132 25.080785034 -0.771455023 -0.186230110 -0.327494895 -0.512759776 0.374865025 -0.001374459 1.694275804 -1.331491112 -0.633029659 1.014603608 0.267285680 -0.216127616 0.139600734 -1.094597832 1.004216922 -1.641083441 0.683792301 1.985222073 -1.697895192 -0.259615144 -1.968411805 -0.089420460 -0.998888251 0.413314368
4.139815956 -27.471097543 16.055466110 0.669473001 -0.698246012 -0.249851941 -0.042806717 -0.023562763 2.512295780 1.163635551 -0.061135479 -1.255909318 0.840693482 -2.471908248 1.146741919 -1.463823009 0.486358682 -0.529879999 -1.105641735 0.130914089 -0.687507088 1.211063092 -0.989900881 0.017395382 0.576814667 0.243535876 -0.183294266
4.790664412 -27.333981083 18.465851647 0.474439726 0.150999156 -0.325442894 0.803861383 -0.732727765 -0.004623224 0.070281902 0.962951884 -0.688335188 -2.138510410 0.958213244 0.793891900 -0.535667362 -1.825209845 1.423371927 0.064929608 -0.231021286 -1.011139607 -0.460631893 -0.707532040 0.127503083 -0.886721754 0.841634369 -0.632910189
2.645241677 -37.045867690 20.890488161 0.589467244 -0.395774420 0.235270902 0.663730804 1.669520586 -0.499805145 0.248658349 -1.178930212 -1.491841946 0.040883997 -0.940481380 -0.326829658 -0.086331260 -0.315623858 -0.826097213 -0.416859705 -1.874411826 1.126583117 1.348337521 0.122199024 0.223226730 0.912027716 0.156345545 0.589779623
8.668141089 -27.996524578 23.302216569 0.504726629 -0.774234085 -0.163583021 0.345040878 -0.041672826 -0.197629112 0.477836460 -1.798280327 -0.723225055 -1.098031979 -0.625981932 0.356265680 0.056076528 -1.943608508 -0.586250417 -0.826609890 -0.282007737 -1.459369760 1.402491813 -1.195038160 0.276613344 -0.857896636 1.682107223 0.090972210
-0.183189817 -25.350165930 18.750742473 -0.324019820 0.479605458 0.609866736 0.541343076 1.678863380 -0.743967494 -0.075532804 -0.487854691 1.321332796 -0.829679485 1.152955744 -2.967849165 -1.214100576 -0.617893260 1.702148407 -0.187677336 -0.180031043 1.178591822 0.360475526 1.320669479 0.782336789 -0.265752063 0.373331202 -0.643926803
7.032557905 -27.013224310 26.093981790 -0.078260697 -0.555321996 0.366208581 0.742552368 2.367016505 -1.339373532 0.369785158 -1.674131820 -0.806412526 -1.424780619 1.901210653 0.729776726 -0.886389093 -0.620217161 -2.203182674 0.611236886 -0.302457311 0.364007459 0.649980763 1.405582741 -0.576366889 -1.678180118 0.764548010 -0.548914976
7.215190507 -32.410918446 15.468811286 0.082118027 -0.506684207 0.790931331 0.333099644 -0.491863273 0.992795914 -1.401534765 -0.044726122 -0.595666156 1.897278555 0.331719589 -0.371782986 0.006393090 0.208961746 0.530779191 -0.758998200 0.309860170 0.282785667 -1.187953684 0.923855200 0.236802187 -0.863612584 1.237383652 0.971246287
4.551073652 -24.074379021 21.308249092 0.660826654 0.367875461 -0.364000294 -0.543580320 1.977273187 -1.235076669 -0.377235194 -0.143564378 -1.233283598 -0.499822526 1.936747390 0.405359968 0.261342962 1.092895828 -0.544310417 1.670902110 0.391946366 -0.182391077 -0.301009857 0.562882887 0.321610843 0.089410063 0.642078505 -1.530486256
-4.426148832 -27.846811277 27.173119430 0.629003656 -0.243333031 0.082786829 0.733682341 0.315073907 2.358432591 0.392851984 0.552706015 0.910250406 -1.644319028 2.096973653 1.406602442 -2.509459277 1.520177835 -0.112675708 0.654598832 -0.487546281 -1.447659595 0.451169023 -1.127134976 -0.321920808 -0.992768089 -0.987002002 -0.322314303
8.811904528 -34.859029038 20.791480674 0.382697734 0.391180101 0.241359714 0.801415037 -1.417142042 0.321240445 0.308408279 0.376755781 0.638736165 -0.329157550 -0.050526180 -0.726372362 -0.034072468 -0.038559859 0.001180296 -0.405641214 -1.335830413 0.951406005 0.309885408 -0.735335091 -1.242933220 0.944424225 1.349550511 1.052188565
0.942340963 -24.841249199 19.542153455 -0.019110783 0.272467573 -0.785248436 0.555680747 -1.031249381 0.007285493 0.980219753 -1.969673065 2.030429219 0.338028534 2.733684840 -0.300424631 0.528090244 -0.920986542 -2.226492325 -0.267047917 0.281176213 -0.452998760 1.399006811 -0.040125103 0.567021865 -1.055046727 0.182748888 0.754908291
-1.925574329 -22.613892339 28.586815576 -0.715695415 0.370621225 0.246725663 -0.538095185 1.046619367 -1.235384972 1.715419903 -1.462860438 -0.875726599 -0.121679931 0.550377734 -0.689764552 -0.769750465 -0.312248318 -0.255467530 0.170580664 1.128922914 -1.333928943 0.041255028 -0.107929604 0.596201735 -0.120243600 1.126680990 0.543198716
3.693521674 -29.499824180 21.487369903 -0.694748463 0.401544983 -0.435903123 0.407522597 -0.980730027 0.559264172 1.055804591 0.491081866 -2.805151559 0.223939886 -0.997577777 0.662900780 0.488101500 -0.370206362 0.429391760 0.387269494 -0.857833167 1.013039661 -0.479403203 -0.941782057 0.302249243 -0.739988438 1.177825042 -0.546622332
5.294612736 -21.568506078 15.796614028 0.773838952 -0.205110476 0.529435655 -0.280714901 1.102272566 0.171510717 1.643562897 0.943530295 0.157680088 0.580437707 -1.179396972 -1.523938192 1.287490112 -0.342381065 1.718669314 0.135372113 -0.433012296 0.565799747 0.079598105 0.680622751 -0.974174571 -1.869210768 -0.851333563 0.258934743
-3.336048050 -30.498484411 14.998808397 0.607708669 -0.782702825 -0.110747223 -0.076167667 0.031736098 -0.243822844 0.148144648 0.360971364 -0.430002571 -0.106584191 -0.272114230 0.032497635 -2.093566335 0.359450420 0.364230471 -1.363026742 2.298834368 1.977061359 -0.019082444 -1.328346663 1.665366505 -1.480771664 -0.624850381 0.797136995
9.343840407 -23.394811805 21.835681903 0.012485408 -0.607881445 -0.788172947 0.095434113 1.345360741 0.908820926 -0.153425511 3.593220777 -0.508283382 -0.009386413 -0.945292613 -1.156982168 1.456920536 0.876545413 1.147335351 0.126445019 0.426199893 0.960312192 -0.832220638 0.218706850 -1.312295518 -1.284184195 -0.937041166 0.581997525
1.018513062 -20.092473608 20.895200629 0.356770049 0.498752305 0.292203586 0.733878965 0.146422007 0.301302769 0.542156274 0.746909181 0.278019809 -0.747063510 0.139468908 1.140792464 1.192049456 -0.226033341 -1.397164602 -0.802795096 0.611556693 -2.659926622 1.024019266 -0.058776194 1.483273939 0.049544597 0.964147004 -0.534543849
4.547889537 -31.421267925 21.453314785 0.636473538 -0.061070308 0.726961102 0.250398499 0.107996038 -0.085036742 -0.009515326 -0.179675749 0.816757575 -2.143308760 -0.418209391 -0.361194637 -0.589702377 1.825456195 -0.127003754 0.973247740 -2.070837455 -0.266202434 0.127667600 1.234878668 -0.255897772 -0.998771903 0.661914178 1.093427534
-0.561425927 -26.651633265 28.942309283 -0.296929652 0.408628512 -0.664600671 -0.550601007 1.246455670 1.272605963 -0.242484719 0.829849767 -1.677104163 -1.398209605 -0.242209169 -0.604179637 -2.054074203 0.774669128 0.454220930 -0.632864136 0.024669893 1.390375621 -1.596186127 0.945356256 -1.030025359 0.835846227 0.901851915 -0.546788869
1.397018647 -26.687736863 18.815641317 -0.108857545 0.179669778 0.824972213 0.524680526 0.381830562 0.960508226 -0.532970128 -1.023179512 0.559125571 0.375268830 0.719356318 -0.566230726 0.719051644 0.303584147 0.148373758 -1.927848604 0.126387568 -0.217996764 -0.330841051 -1.131144825 1.218378226 -1.082939152 -1.205347220 -0.153385466
4.200807414 -19.700933931 21.507191662 0.364297989 -0.377439238 -0.849657295 0.053935875 0.325610014 -1.066034469 -0.793068314 1.452035900 1.235209518 0.691643944 0.539063842 -0.350241331 0.651536852 0.219800745 0.389191624 -0.250743104 -1.151025633 -1.743841333 2.639966821 0.277616753 2.200738214 -0.188436340 -1.081221375 0.917478787
-5.649208790 -27.884115754 25.836977226 0.289875019 -0.838255553 -0.458055930 0.059032754 1.962122780 0.945061117 0.361693051 0.580453994 -0.765360975 0.551707850 -0.511427740 -0.599228162 -0.555860038 -0.785867518 0.186471438 -1.259346957 -0.236226918 0.103720527 0.047115598 -0.404805125 1.587361921 0.904229573 1.051788781 1.483247630
1.623330272 -27.171847756 23.836948504 -0.819055988 0.145426459 -0.286983130 -0.475014860 1.960047171 -0.593971546 0.325316423 0.297572074 -0.450658638 -0.789249862 2.479321104 -1.457027816 0.173251134 2.292578255 0.918237222 -0.939081530 0.920575554 0.640792424 -0.316419087 -0.659586786 0.954700877 -0.124241805 0.710052182 -0.846714003
3.503655248 -25.495600219 25.168554077 0.767190156 0.187161388 -0.030831706 -0.612731006 -1.271804892 1.899613004 1.430128689 0.621931249 0.547304050 -0.016037853 1.081990776 0.661526187 -0.673623031 1.411589932 1.231818543 -0.685222853 1.031586462 1.048331485 0.890172264 -0.133705400 -1.166365990 -1.754745821 -0.723749601 0.521715270
2.325818840 -30.104377976 25.874672945 0.668048516 -0.648211523 -0.363024790 0.041785208 -0.246855949 0.522085288 -1.135670717 -0.029450625 0.428554183 0.529368995 -0.322980931 -0.159289784 0.756919825 0.745815768 -1.470777097 2.210090742 1.629710405 0.831998006 -1.080811610 0.483045926 -0.474728879 0.276668429 0.525034947 -1.122471168
4.673648850 -35.497376752 16.553772141 0.941639571 -0.223814409 0.041903102 -0.247923694 -0.155075941 -0.361437266 0.487766180 0.048217508 0.431756242 0.573943166 -0.069472339 -0.886446714 -0.771596169 1.485214976 -0.086722012 0.429398413 -0.700029057 -0.310841435 2.311141198 -0.550899092 -0.442833520 -1.199600785 1.739604792 0.826044983
4.761431577 -25.313118872 15.182109713 -0.951355493 -0.041020489 0.134556140 -0.274107079 1.612231381 -0.340957586 -0.496507780 0.031857276 -0.775838547 0.130895124 1.005173961 0.256257379 0.843777605 0.929891175 -0.621989230 0.766660387 -0.044393240 0.107417282 0.026126245 0.121792126 -0.839428842 2.272943009 -0.457461752 -1.733252431
0.804832477 -22.266574358 21.318468399 0.105549079 0.280830692 -0.783446483 0.544247299 -0.431514486 -0.658544107 -1.143239589 0.856840753 1.306705924 0.036320589 1.266304536 -0.213931913 0.629981654 1.442477533 0.610870142 -0.874248721 1.622471757 -1.142069587 -1.366391560 0.553214495 1.644585875 -0.124350213 0.534867595 -0.018672359
-0.607826526 -30.849677588 16.120318449 -0.914291996 -0.206004779 0.348646448 -0.008822166 -2.639317407 -1.911485057 0.046464564 1.867997707 -0.722765525 -0.957253702 -0.585515490 0.657590252 -1.542594169 0.229186093 0.235297088 -0.709961809 0.274805597 -1.604709234 0.019880246 -2.588508574 0.561277252 0.820541678 0.420261210 -0.907525128
0.440829838 -21.245232234 15.310957941 0.032870507 0.135907548 -0.487973908 0.861585825 -0.279456271 1.383077426 -0.071712094 1.589796884 0.202139808 0.917673065 0.278212277 1.064476064 0.418036987 0.018983030 -0.510474732 0.697967910 1.483629217 -0.334440546 0.007782645 -0.893396430 0.995344781 0.878266337 -1.813839497 -0.089414274
-0.020497713 -20.755553246 20.611595953 -0.324703462 0.618538667 -0.614502611 -0.366557118 -0.039711074 -2.421285368 1.184921670 1.329456507 -0.246486287 0.441151799 0.207926397 -0.054045634 0.791620996 -0.216402287 -1.766140960 -0.264782015 0.538670981 1.561344561 -1.545646671 -3.101458007 -0.000154410 0.239230161 -0.389318003 -0.943560812
3.014368942 -30.744687296 29.612764733 0.555832217 -0.652192085 -0.442682281 -0.264061409 0.767511103 1.242954513 1.121579715 0.515827317 -0.480388220 0.927331368 1.716945735 0.875174358 0.223514282 1.265693673 -0.468566932 1.388073535 0.144100444 -1.478771166 -0.288576508 -0.389350515 0.255406665 -0.487723822 0.919286129 0.106249229
-6.208543421 -30.956192320 16.239738685 -0.731842608 -0.545123804 -0.034930930 0.407463207 0.374573769 -1.215898207 1.575575389 -0.081182117 -0.611969825 0.925140817 0.253041714 -1.290826280 1.264150507 0.467334551 2.261450055 1.909371918 0.475303088 -0.824303090 -1.132292345 0.196049575 1.124468519 0.796404200 -0.443395870 0.779131457
0.817111341 -28.233016148 17.280715915 -0.734769440 -0.675504598 -0.043965894 0.043294441 -0.082386237 -0.684937101 0.961387308 0.321383496 0.869371154 -0.291505868 -0.745105921 -1.253729284 1.091226093 1.984256273 -1.192055392 1.164291780 0.055213616 -1.009992965 -0.103342079 0.538327542 -0.178822834 -1.883332049 1.056391222 -1.803939634
1.317635753 -33.840335187 24.309126452 -0.225125546 -0.155260224 0.162674769 0.948024088 0.143292935 0.614804101 -0.252558593 -0.351183022 -0.524170551 -0.724595818 -1.239514602 -2.027370245 -0.124947344 -0.528210212 0.843338098 0.524626006 -0.680246216 1.296442426 0.111544851 1.166667826 -0.059107297 -0.615835237 -0.308151744 1.526958560
6.967936370 -28.125405018 23.483309392 0.560589177 0.078311814 -0.717301822 -0.406306694 0.966874667 -0.139258045 1.324043732 -1.023184984 1.340506036 1.739346580 0.776011756 0.337585166 -0.421941030 -0.219290845 0.080365103 -0.315317363 0.405913189 -0.363658342 -0.342725057 -0.880311642 0.910114280 0.985073930 -0.206271857 0.673933204
4.107517867 -29.860581340 22.800591064 -0.977371410 0.113920579 -0.142955031 0.106447580 -0.730304370 1.951083654 -1.576719968 -1.144344342 2.515021727 -0.516630417 -1.219533849 -0.608067608 -1.772097118 -1.006482219 -1.035000758 0.408586390 0.977428238 0.284825470 0.234794799 1.136260740 0.668027463 0.013284667 -0.032754609 -0.179844971
-6.336088403 -23.224554911 22.697876923 -0.291352128 0.392044399 -0.783662718 0.383781020 1.051806126 1.942466333 -1.899500946 0.956680459 -1.826575024 -0.881043659 -1.144339984 0.697635476 -1.221331428 -0.817146378 -1.146382416 0.151012840 -0.221552127 -0.412646317 0.574324355 -0.804256626 0.908074145 1.264641815 -0.588044934 0.153487393
0.373685219 -30.134874248 13.816835588 0.788926710 0.570445686 0.189473514 0.127617215 0.872612212 -0.261145358 -0.549026011 0.135079057 -0.522293243 1.066742925 0.139703042 -0.211824723 -0.294322864 -0.745215829 -0.596468135 0.178309085 -1.451210597 0.670594171 0.683931550 0.470550137 -0.157349943 0.418253714 -2.707381252 0.349947214
7.187586000 -29.536493834 28.523262698 -0.340010322 -0.000808876 0.901625171 -0.267328221 -0.190263048 -0.021912137 -0.379649463 2.012189764 0.237804565 1.117629564 -0.007999771 -0.359505548 0.078752992 0.811725747 0.966322696 -1.281427890 -1.526482952 -1.071734902 -1.401755662 -0.937900908 0.995103720 -0.087756262 1.381342173 0.573062790
3.522805639 -30.558253679 22.829961135 0.141577052 0.884938641 0.303338998 -0.323766879 -2.355501575 2.961104690 -0.896562186 0.547582340 0.867961721 1.087837089 0.338056886 0.372022558 0.132487637 0.975464966 -1.138076260 -0.801255997 1.582250709 1.374417145 -1.531629571 -1.198811853 -0.638237545 0.567598822 1.647312840 1.001801076
-0.759472399 -22.036702965 27.789336896 -0.342288202 -0.650846918 0.616255015 -0.281898622 2.317779770 0.136084945 -0.799939883 -0.386645679 -0.016751573 -0.337889626 -0.734805836 0.043841962 -0.105840934 1.375276305 -0.377091719 0.221997161 -0.203876443 0.773514678 0.838873891 -0.092282308 -1.964319371 -1.469994531 -0.808158113 -0.444543700
2.444538584 -24.439869951 15.473297964 0.636015482 -0.640877885 -0.419005464 -0.095886727 -0.872008915 -0.612498332 -0.784945319 1.285544912 -0.824333804 0.506066301 0.295068492 -1.190838157 1.164061763 0.275353721 0.759550594 0.122735346 0.627201437 -1.506327125 1.036722105 -0.607044279 1.328991207 -0.049553960 -1.401180447 0.971335182
4.908787394 -25.690655276 16.578795568 0.087169832 0.068866988 -0.010792286 0.993751621 1.084901180 -0.054277800 0.453090701 -0.250913863 -1.297260553 -0.821369507 0.759878490 0.815064311 0.302280466 0.358252734 -1.959049857 -1.888708121 0.823966395 -1.102448375 -0.708837861 -0.097331677 0.692147628 0.140814870 -1.145570014 1.588243585
0.886372730 -22.975729319 19.432544074 0.620815486 -0.362292374 0.023066697 0.694838323 -1.318965278 0.638876265 -0.178256753 0.549585033 -0.122713114 -0.571893331 -0.658150159 2.024495011 -3.270619903 -1.310588135 1.814803971 2.185963384 -0.703253814 0.084099944 -1.383450447 0.655640371 -1.527220305 -1.098618419 -0.078162859 0.380695693
-5.536805914 -34.692039716 24.869728720 -0.027182361 0.632633691 -0.200514592 0.747549083 -0.323782000 -1.530253236 2.106615087 -0.156700457 -1.004019247 -1.680346329 -0.791835592 0.288121265 0.443164515 -0.560918984 0.112927108 -0.059286926 -0.397645803 0.494607343 0.501177928 -0.551397986 -0.242999539 -0.016646267 0.979214811 -0.211944383
-5.799564749 -30.486384819 26.406563171 0.567687152 -0.157241276 -0.585246978 -0.557218497 -0.828585360 -0.133957820 0.052309566 -0.550470997 -0.792412058 -0.233625855 0.521189937 -1.388780952 0.081670300 1.358808229 -0.426144689 -1.919689767 -0.122006748 -0.825790191 0.534088072 -0.019850290 0.268823889 -0.171602759 1.069624699 -0.580537923
-0.570147616 -25.800585041 24.994225258 0.465675865 -0.186848068 0.789250971 0.354000980 1.458630551 1.185386269 0.189518303 0.099426776 -1.319484007 -0.147574124 -0.453403429 -0.525115174 -0.227788065 -1.367042597 0.211866531 -0.204117999 -0.595162006 -0.905056280 0.321433556 1.425736440 -1.418857767 -1.482208487 0.242610188 -0.461457183
7.394604080 -33.122351848 24.652891854 0.892433307 -0.206747000 -0.394596481 0.071498870 1.737599284 -0.538417820 0.877687085 -1.123890866 -0.472888616 1.476434313 0.089970919 -0.981689841 -0.238394253 -1.144075964 1.133519721 -0.164939406 -0.200898261 0.298028888 0.892582318 -0.746589430 0.540190540 2.372962398 -0.082380085 1.020957104
4.877931796 -37.214010682 21.966075590 0.609776541 -0.518166585 -0.483340365 0.355046548 -0.512320364 1.766563751 0.120546396 0.289644305 -0.395218171 -1.091338887 -1.103213377 0.596213724 -0.102514759 0.183955131 0.426896164 -0.588750369 0.197560406 -0.087578325 0.247854095 0.214167945 -0.208579308 -0.021922606 0.218314279 -0.534403586
-6.491011446 -29.137995271 20.988533797 -0.690846060 0.136030109 -0.188300145 -0.684668230 1.439689683 0.698176178 -0.330296345 0.491597500 0.824535524 0.634264279 1.164895627 -0.513520883 0.092256946 -0.263519676 0.107502985 -1.131197269 0.491267847 0.991773611 0.584573170 0.858260010 1.067112223 1.233234510 -1.128960527 -1.692304241
8.778523542 -28.550394372 23.185373754 -0.107740547 0.683884315 0.632291276 0.347709592 -0.747895204 0.508176740 0.285101693 -0.608282123 0.484760757 1.113989230 -0.586079503 0.922043443 -1.226124206 -0.226352141 1.274211690 0.581613457 0.106588099 0.379560147 1.414132462 0.353630623 0.103174208 -0.385398534 0.462870579 0.117330708
7.071375642 -34.703465193 21.069299492 -0.741218563 -0.623398667 0.233494535 0.086310175 -0.206008451 1.268390680 2.755723092 1.185300274 1.104935235 -0.269023374 0.749709867 0.200262825 0.294797358 0.197564093 -0.375498996 -1.044082922 0.985743950 0.618624713 -0.215671368 0.690543353 -2.307557508 -1.860596950 -2.267674297 -1.427608561
-3.462753664 -27.778924086 14.151927271 0.541087084 0.028883187 -0.759998645 -0.358876844 0.140949966 2.111711605 0.980857571 -1.040165765 -0.306303118 1.497260772 0.026566859 -1.326811130 -0.241728887 -0.493737882 0.132678090 -1.345934979 -0.750393652 -1.493219221 1.019768791 -1.047976934 1.041041467 1.802625663 -0.783342926 0.328214239
-3.029945674 -32.049422797 21.878258871 -0.325152881 0.846788093 -0.153469689 -0.392010950 1.175700020 0.580714917 1.669914744 -0.487095415 1.519814140 1.377823040 -1.762389348 0.461482338 0.439557861 -0.542630015 -0.065786626 -0.088776153 0.759794253 1.030213728 0.164510903 0.538797389 0.148128535 1.081775235 1.836287993 -1.354176587
4.864074207 -27.524107870 23.897136264 0.399909911 0.359357568 0.249744683 0.805333344 0.535295225 -0.524185007 -0.639082382 1.513726256 -0.559894677 -1.324909794 -2.230403253 -0.299448719 0.260664000 -0.632275811 0.018508271 0.595581976 0.765414227 2.282708366 0.463062454 -1.518393338 0.399765218 -1.235223589 0.788444808 1.481743628
