-10.576818122 -10.792696670 53.375755048 0.095624417 0.379665156 0.667978390 -0.632862711 0.710716940 -0.805722986 1.820269282 -0.972651158 -0.336157401 0.415526840 -1.826794479 0.825747567 -0.280509001 0.288624490 0.274609479 0.302515629 2.364640517 -1.158754568 0.564897739 1.908431710 0.665735105 -0.306998479 -0.654286078 1.467974263
-9.899644577 -11.921934564 47.700886163 0.320150852 0.044756657 -0.061380884 -0.944315975 -0.391020225 -0.144155475 0.260618338 -1.786530665 -0.450164364 -0.110701245 -0.839979174 -0.083882880 -1.082579757 -0.042768958 -1.832942305 0.853100808 -0.551012140 0.095353298 0.882959291 2.257133729 -0.994143567 0.913666473 -0.316321767 0.537694944
-21.599957643 -4.680732084 46.378691909 -0.327286457 -0.545110538 -0.137147807 -0.759558132 0.869436668 -0.565318856 0.655580703 -0.229581968 -0.025066413 -0.773566956 1.103093033 0.910796575 0.998659937 1.103119620 0.062715406 -0.114414018 0.982155176 -1.445796373 -0.583719224 -0.915063048 0.177873428 0.266593729 2.149928221 0.109635982
-12.529820349 -11.518858410 54.549453447 0.041436552 0.130527230 -0.594836337 -0.792095566 -1.145107738 1.123135071 -0.812579556 1.074251149 -0.345565843 -1.113033162 1.062454554 1.768514679 0.375351178 0.005057826 0.154921888 -1.177524966 -0.512456544 -0.302774308 2.735032981 -1.487901178 0.042709355 -1.570394402 1.153042179 0.645199125
-20.604322318 -6.682716645 49.723808752 0.195072596 0.917969842 -0.332701061 -0.092671765 0.702803324 0.952614561 0.052787593 0.384121610 -0.723905329 -0.574465806 0.419812725 -1.221643437 0.198605541 0.157212235 0.682620672 2.057183492 -0.076181633 0.149488353 1.162011767 -1.159908243 -0.028130975 0.194230885 -1.329977584 -0.599290264
-17.460216404 -9.574713341 58.234099500 -0.325101944 0.823713629 0.414128610 -0.210480590 -0.948327714 1.421350635 0.273443798 0.055008216 -0.679972009 1.807859991 0.738696960 -0.393195138 0.925694846 0.481855484 0.360912242 1.234861749 -1.719507749 -1.841549966 1.040327907 1.567410950 0.872668702 -1.306728997 -0.365893942 -0.556591851
-9.488979622 -9.458239282 41.270639559 -0.730388343 0.340279153 -0.056786037 0.589506839 -1.128205292 2.105401962 0.321493260 -1.581999622 -1.802703925 -0.649287869 -0.035656948 -1.038923694 0.880837219 0.727071514 0.292922588 -0.334155336 -1.742023343 2.871499914 -1.323285322 -1.871993523 1.186819349 -0.712952009 0.369591529 0.717879711
-12.704472477 -7.252921691 57.798430586 -0.093909803 0.716987528 -0.353898669 -0.593182574 0.265491362 -1.164096602 0.904467318 1.030053496 1.842713318 -1.134105266 -0.165010852 -1.513389126 -1.242059663 0.897468314 2.119444361 0.987590482 1.184805649 -0.952840057 0.684751529 0.548442120 -0.119131466 -1.483567129 0.069269421 -1.207034959
-12.594446868 -3.243985170 44.235087366 0.070017430 -0.278997870 0.954633292 -0.077026135 -2.330133968 1.325787148 -1.420668173 -0.244182295 -0.461146663 -0.244724315 -0.440438614 2.132190935 0.594098834 0.402517654 0.790206130 -0.269676235 -1.492299450 -0.113931962 1.973376424 -0.744293629 1.515121642 0.387743890 -0.237739016 -0.149088734
-16.857658526 -0.613943931 48.711691858 -0.628840948 0.539313335 0.390449032 0.401559139 -0.235080540 -1.535162803 -0.553616215 0.678750818 -0.807972302 0.936814427 0.641364996 0.512026990 0.753130420 -0.366313299 -0.495876715 -1.331279881 -0.123846248 -0.370561635 1.408699063 -0.024070334 0.232030802 -0.648348689 -0.876020006 -0.797185682
-7.690904815 -8.016034400 54.677157673 0.259464882 -0.842914721 -0.325215965 0.341185176 0.024075117 0.965049553 0.057515412 -0.859619474 0.362219958 0.682780755 -0.143944872 -0.072394796 -0.163844988 0.637035965 0.563601493 1.190860479 2.934573799 0.371020366 -0.384246126 1.051451177 -0.347871759 -1.210874663 -0.474265017 0.281729441
-14.255018026 -4.289962049 44.154537842 0.943619649 -0.129686342 -0.133462072 0.273772325 0.676636057 0.148571909 0.188906251 2.024933215 1.964442003 1.233262813 0.684589663 -0.310371280 -0.656569083 0.178569611 0.133310333 0.743163947 0.989334120 -1.762645056 0.212072571 -2.170239028 -0.289088117 -0.460191894 -0.164802877 -1.371249819
-12.672617763 -4.534451412 51.300977830 0.326565331 -0.846922444 0.289833476 -0.303437004 0.506803681 -0.403954294 -0.313238308 -0.511704069 1.279834334 -1.562856967 0.427891525 1.111108939 0.150940061 -0.949633479 1.026977786 1.401981187 -0.501031618 2.092209964 -0.106487883 1.165430443 0.980600344 -0.105020966 0.296481295 -0.165881328
-12.540748215 -9.955033524 46.591009913 0.876069200 -0.416939511 0.229752108 -0.076669220 0.054388901 -1.349923067 0.248353420 2.276753218 0.370895129 -0.677253829 -1.649512744 -0.809375023 -0.038645593 0.311242719 0.334998180 -0.466142322 -0.741824150 2.094385711 0.817401802 -0.542216143 -0.733282660 -1.049692586 -0.920151824 -0.081708043
-10.919492575 -6.152665602 47.473280100 -0.427650275 -0.458308908 -0.742180579 0.237141679 0.626723342 0.388694985 0.214222718 0.906461865 -0.197499568 0.838006271 0.304431917 0.617709067 1.278511212 -0.920819238 1.083181650 -0.376726305 -1.735165440 -1.913909461 1.067550602 0.600348634 0.371951603 0.996967998 -0.777413180 -0.936767582
-8.232474534 -13.579066716 54.925628380 -0.217563710 0.255070200 -0.011187899 -0.942061599 0.892432769 -1.095401266 0.678629856 -0.562514709 -1.210593957 0.587084476 -0.438587964 1.014780584 -0.280917431 -0.786931745 -1.345950027 0.378976357 1.606608755 1.378129845 -0.096070481 -0.213358791 0.117317341 -0.989435282 -0.360627003 -0.148954272
-13.861313580 -14.564209576 44.744042941 0.248265681 0.655849860 0.651872434 0.288595638 1.557559914 -0.600674073 -0.785410972 -0.709369095 1.934835340 -0.832940339 0.132750955 0.628658901 -0.238441191 -0.909404266 0.830999459 -0.505392376 -0.104717151 -1.001851156 -0.253270850 -1.085157166 -0.267736702 0.235506469 -0.776828844 -1.698274519
-11.302584093 -10.530833392 43.970161549 -0.349694919 0.926162289 -0.003159402 0.141162656 0.352114355 -0.299619776 -1.786673855 -0.015443643 0.130920737 -1.045864847 0.970572027 -0.439652435 1.286733802 -0.581841888 0.171876715 -0.045793313 -0.006941436 0.121762250 0.068368604 -0.038469755 0.243016581 0.083195622 -0.880020248 0.588029079
-11.205773040 -10.785773752 50.446274564 -0.465286269 -0.343451730 -0.783116640 -0.228643665 -2.211443688 -1.551924193 -1.057342498 -0.976326059 0.297743608 0.794794933 -0.602751766 -0.995894804 -1.382097158 0.281591577 -1.257188285 0.455202235 -0.480296048 -0.438043744 -0.412873431 -1.595315645 -1.045035301 -0.999405164 1.594952129 2.051003230
-9.606416259 -12.422915961 54.494591320 -0.369151587 -0.839041581 -0.316673750 -0.243832046 -0.025221806 -0.955029196 1.817187400 0.782086014 -0.235697711 -0.493895380 -0.416412863 -1.933098281 0.432925156 -0.262005985 2.278408411 -2.026909154 -1.378634153 0.164074145 -0.850984215 1.373913387 1.251686286 -1.471820079 -0.078351073 -0.784752947
-17.202592653 -11.886610538 47.368984456 0.195098099 0.108878395 -0.137911479 0.964915878 0.493479654 1.432386189 -0.909982646 2.474910101 -1.846323267 -0.698374608 0.980075025 -0.828797947 0.740361338 -0.461456886 -1.384743474 1.196463543 1.340765503 0.178550079 -0.859715953 0.406890822 0.966405413 -0.555236014 1.537215332 -1.100379188
-7.383022353 -7.718848869 47.245611151 0.683805486 0.381220598 0.621680055 0.024388986 -1.083807082 0.391063760 0.238139773 0.713575072 -0.461715548 -1.863171138 -0.134600835 -0.956392206 -0.539011420 -0.775814405 0.957376474 1.196239583 0.278356618 -0.642849303 -0.244132436 -0.841371534 2.187716579 0.332598499 -1.240498386 -1.447515214
-8.260590504 -7.702477140 42.777488653 0.498494721 -0.707163979 -0.046449584 0.499264014 -0.567445944 -1.072966505 -0.303284552 -1.856312157 0.327715363 1.651930414 1.388185026 -0.608768689 3.133829562 -0.070480078 -0.780283379 -1.166815933 0.834636858 -2.360341527 0.404427570 1.523240595 -0.302631427 2.558940298 0.070799526 -0.065351817
-8.966859780 -13.325819072 45.506922510 0.477875918 -0.735596413 0.059703863 0.476411558 0.359721322 0.176303532 1.317936095 0.956946274 0.202137018 0.376325584 -1.307524822 0.716695019 -1.192763507 -2.038419515 0.106454594 -0.220521499 1.496548407 1.411195453 1.452769400 -0.352928337 1.578415405 0.403241940 -1.912020955 -1.175695200
-20.074091281 -16.525977484 50.284925212 0.013262580 0.929654408 0.240359757 0.278915708 0.043108185 0.340669601 -1.278611523 1.214870228 -0.862313891 0.514606301 -0.658414147 -0.246866556 -0.737809747 -0.058039536 0.639096452 -1.466593056 -0.803761007 -0.938521651 -1.795601767 0.731119737 1.361701623 0.872249584 -1.208138619 0.012665207
-21.517017057 -13.498059604 44.248310397 0.406189980 0.814970126 -0.232240350 0.341903222 -0.237984404 -0.392260128 0.270515824 -0.576555547 -1.450580001 0.281041038 -1.562624544 -1.163228509 -1.000999338 -0.417556091 1.343978894 0.813767335 0.217418100 0.357720113 0.949578812 2.240706334 -0.022516019 1.035460872 -0.888624939 1.479879766
-13.504597035 -15.558617068 53.314411682 -0.122032275 -0.599448054 -0.374775843 -0.696644258 -0.299466979 -1.673646797 -0.850969316 0.018815254 0.163745905 0.220219447 1.072473385 1.587999848 -1.932971526 -1.166968629 -0.807936385 0.815831547 -0.838414273 -0.208513722 -0.730438480 2.013881600 0.213479660 -0.038076519 -0.347873709 0.073721506
-21.624176788 -9.327073394 42.375513976 0.066624362 0.879800833 -0.401942644 -0.244854650 -0.138808010 0.390179665 0.365031286 -0.277589094 -0.300585429 1.285842057 1.048376689 -0.521011007 2.289232990 0.618344097 -1.258350321 2.312907375 0.496505806 0.866212680 0.716720393 0.015633364 -1.241340203 -1.878240103 0.586074716 -0.767159943
-22.828166056 -9.223080713 51.506309568 0.872479986 0.454982329 0.178027277 -0.008720204 -1.618302184 1.739896768 -1.835286724 -0.844293505 0.918345962 -1.582563260 0.790797030 0.374752082 -1.006231926 -0.101332275 0.416577432 -1.464918843 0.677247676 -1.425143829 -0.111496651 -0.205828928 -1.521408558 -2.833418733 0.878764514 -1.717904220
-21.428759705 -14.616779409 53.501178093 -0.324797364 0.411124064 -0.280342673 0.804295755 -1.445979318 0.240812447 0.652051425 0.253959114 -0.443961558 1.350699096 -0.478283222 2.308453158 0.276378885 -0.149725426 -0.160523539 -0.381031898 -0.574097649 0.489786871 1.752466433 0.618421301 -1.235354252 0.495499886 0.354818461 -0.740616001
-16.995366465 -16.842830541 44.096232348 0.339030913 -0.210656969 -0.629678456 -0.666473348 -0.418186775 -0.789406046 -0.734603913 1.551261417 0.299532310 -1.272137093 -0.599584880 1.035772439 -0.533826988 1.915667029 -0.097549512 0.202206675 -0.029417887 -0.974324412 0.380545644 0.229611719 0.097371810 -0.408461228 -0.838092688 1.081091892
-20.860624421 -11.807596985 50.657671135 0.184220404 -0.307173391 0.928985859 0.093234242 -0.654992795 0.864048024 -1.953900461 -0.577427945 0.323945930 0.958487395 -0.242042385 1.779158557 -1.027799584 -0.451836395 -1.139679677 -0.168672518 -0.570607079 -1.397458436 0.843726725 -2.008233095 -0.371183179 0.428971607 -0.514217493 -0.472815315
-22.529205431 -12.513953846 51.674676548 0.908188004 0.136805990 0.144145406 -0.368375857 0.929070318 -0.041107865 -0.177150797 0.538609261 -0.027495683 0.367802591 0.736878198 -0.257390046 -1.789904255 -0.821144785 0.555385030 -1.832237856 -0.005278475 -0.581937727 1.355993138 0.372638519 -0.477886625 0.890471600 -0.161895960 0.007867809
-16.504407153 -17.544362906 50.507009300 0.751202727 0.114149972 0.546524492 -0.352101160 0.022884817 0.048589408 -1.716967838 0.166832277 -0.035229003 -0.743820515 -1.847743003 -0.026081986 1.273875506 0.683624882 1.786114126 0.806417864 0.476169561 0.243596837 -1.640015981 0.841795071 -0.282301060 0.885532768 -0.690748064 -1.742349817
-15.427263797 -3.072081105 43.906671426 0.198861378 -0.335109905 0.107224467 0.914690340 -0.379938889 0.460793027 1.044603754 0.629824458 -0.290922594 1.497562253 -0.167068707 -0.578439236 -0.284535781 1.108344970 0.646707604 -0.166720832 -0.572796882 0.500984789 0.479737463 -0.150917179 -0.282469463 -0.181454206 -1.981913325 -0.177257078
-7.313082054 -13.137178385 54.343948255 0.013095946 0.012092901 -0.735602614 0.677178744 -0.884053793 -0.264559736 -1.628554692 -1.763562442 -1.121100339 0.440709072 1.787049152 -0.618574407 -0.208810912 0.906728462 0.566648001 -3.254316888 -1.563856749 0.254859510 1.157840587 -0.687366171 -0.523967407 -0.947237594 1.693289327 2.764958012
-17.552836644 -5.097679162 41.042029127 0.473119245 -0.009324403 0.681019856 -0.558823041 -0.326158304 -0.521505901 -1.150538941 0.411429858 -1.012294688 -0.494004080 -0.741420532 -0.965454385 0.027800251 1.283020232 0.855948572 0.245376127 -0.676755584 0.768341990 0.018815933 1.032768541 -1.599259369 1.049318632 -0.916622512 -0.063433152
-18.541376757 -18.948272584 51.016644195 0.587046732 -0.706082936 0.199738988 0.341946427 -1.677275978 0.849483070 0.292081276 -2.125588573 -1.547967810 0.117051606 -0.314132332 1.222326314 -0.909319856 0.284197187 0.517334609 -0.732487050 0.059442122 0.872794975 1.065334825 1.147761453 2.852213193 0.905336389 -2.279569028 0.322745359
-11.390687273 -12.854098512 56.186783684 0.035933762 0.491422243 0.862577597 -0.114772964 0.454294689 0.075963940 -0.460047211 0.501167219 -0.550726952 0.816785432 -0.644979671 0.369060618 -0.397194544 -1.248703343 -0.826719294 -0.477943607 -1.179480674 -0.978726007 -0.047520705 0.649077801 -1.063017611 0.659633214 1.689751490 -0.953513491
-18.107689874 -12.016249702 55.878837876 0.233898286 -0.260348678 -0.045250469 -0.935661559 0.578455576 0.230835535 -0.135318396 -1.574968406 -0.285223456 -0.731076757 0.370939365 1.372189399 -0.466075932 1.969191596 0.702252657 0.217252456 1.650237984 -0.545944932 0.251809398 0.598560640 -0.598465682 0.519073000 -1.690802275 -1.315539245
-15.397791709 -15.884308899 43.018003652 -0.521386954 -0.291838642 0.752954375 0.275763595 0.854577717 -0.844356995 -1.741522026 -0.340200046 -0.479686055 0.205330334 0.324745073 0.034535978 -0.572582469 0.489338388 0.170882917 -0.084053573 -0.779457447 -0.898492131 -0.988214764 0.304955108 0.924811487 -0.554940872 2.098794523 0.176479149
-13.514963165 -12.120180245 50.217578096 -0.519600029 -0.626927529 0.032841267 -0.579568059 0.401793039 -1.010565472 -2.019924085 -0.320717177 -0.103430940 0.379729870 0.077939480 -1.671827661 -0.179267006 0.649064595 0.048749630 1.163210175 0.578830392 -0.083261017 0.673723337 1.461836183 0.359291138 -0.327578664 -0.682865042 -0.538516762
-11.994430785 -6.681761612 46.994114911 -0.784696139 0.423694196 -0.182899776 0.413863347 0.301175475 1.046613952 1.345496290 -0.328211203 -0.404997959 0.657161154 1.221203198 1.182374743 0.085174202 -0.616767097 1.729747046 1.774141170 -0.481901600 0.380106605 -0.473941687 1.571680184 -1.279163845 1.879364451 -0.585271934 -0.420939927
-7.755280823 -5.964947949 47.576470259 -0.419175512 0.021032984 0.679461287 -0.601815472 0.708065418 0.589770612 -1.098429023 -0.434515565 0.373250654 -0.825731347 0.767460124 -1.267526316 -2.688948972 -1.860347793 0.072051158 1.361937669 -0.073525552 -0.406658815 -2.256711623 0.418453063 -1.844336177 0.071457789 0.162987180 0.335373504
-18.029422382 -6.783666048 41.383772864 0.639728488 -0.417447126 0.153804870 -0.626761055 -1.603766245 1.206567245 -0.328732768 2.440016266 -1.062846117 1.122374736 1.059061806 -1.377686469 -1.458462537 -0.749322747 0.275113425 -0.697818722 1.120102676 -0.093516498 0.183079360 -1.568748205 1.030775710 -0.481174714 -1.083248317 0.236957932
-19.834207812 -14.943102584 44.970861334 0.879800369 -0.389622906 0.210540974 -0.172678317 0.953938649 0.845309454 1.002942839 1.810833253 -0.450375444 -1.060956423 -0.083349309 0.211082006 -0.147705546 -1.837600002 -1.940916812 -0.641091454 0.384709632 -2.246861782 0.663609612 0.047199969 -0.377258783 0.559273264 1.068066448 1.023467054
-10.771866949 -3.925788693 48.873902074 0.237057620 -0.873956383 0.283615645 0.315540948 -0.932435209 -0.970869704 -0.127358773 0.019749463 -0.979672685 1.018960446 1.456726084 1.681053711 -0.308800184 -1.359213444 -0.691309021 1.604055980 -0.481999482 0.282909264 -0.871903373 -0.650193212 0.301742442 -0.147830746 -0.213776975 -0.571390623
-16.607369291 -5.773865396 51.789614517 -0.844070476 0.105895549 0.523740233 -0.045025919 0.606755873 0.139497812 -1.198720805 -0.660225341 -0.019787489 2.361034981 -0.764070322 -0.938684464 -0.999200466 -0.052953601 -0.864465334 -0.633979182 0.154541723 -0.393707402 0.626909051 -1.154348525 -0.536580515 1.411146040 1.044951634 0.270059422
-9.350721541 -12.989159589 46.713918733 0.773413585 -0.017340288 0.204167035 -0.599872122 0.915028175 -0.498970651 0.388355252 -2.095232833 -0.083253079 -0.047387187 2.351324788 0.410343235 2.167459095 -0.944543335 -1.581952163 1.118418672 -0.319957598 -0.267351235 0.050415090 0.275029538 0.105927745 -0.585987104 0.293612328 0.895097299
-17.689706105 -2.053028805 44.981806330 0.526345161 -0.391083518 -0.396324879 0.642604889 0.966094365 -1.595091729 0.142981290 0.517382596 -0.352467014 -0.950154239 2.277358478 1.934061289 -0.012906344 -0.632954410 -0.654234635 0.067585929 0.577019538 0.987219995 0.514294613 1.793459572 -1.222917854 1.766628206 -0.335653564 -1.029962167
-21.215764225 -7.749779876 51.366607094 0.013757232 -0.454902876 -0.889886710 0.031237089 0.389286652 1.052106407 0.518202734 -0.710277142 1.111196654 0.712293430 -0.142640464 1.592924136 1.030169569 1.235400940 0.804499505 1.949338339 0.045677882 0.753983326 -0.265182165 -1.114800943 -0.290829097 -0.064108710 -1.436450749 -0.724666315
-17.113227076 -5.085941432 40.858641379 -0.579169583 0.813537830 0.029688538 0.042864724 -3.008997641 0.462158571 -1.980925402 0.425136955 -1.039869821 -1.111226212 -0.648336128 1.484196324 -1.049076872 0.832261259 -1.089109054 0.235024330 -0.831103142 -1.082607013 -0.391363252 -0.554511651 -0.626419613 -1.191351368 1.677593779 0.414971669
-15.508980521 -3.819877637 47.562121517 -0.036668644 -0.490845801 -0.840718958 -0.225648941 -0.069873240 0.474773713 -0.126521001 0.622531560 -1.236965801 -0.426198543 -0.009559285 -0.395158472 1.289752321 -0.263605139 0.019506010 -0.356407875 0.933858716 0.289906882 0.864633880 -0.611708964 1.069359604 -1.618331985 -0.282669888 -1.485052308
-20.645922348 -8.023703563 43.098758096 0.831037196 0.487877315 -0.267073641 0.004957170 -0.715826898 1.182243222 0.011791014 -0.815296340 0.398090203 -0.372501300 1.424856893 1.500632989 -0.521485600 -1.935341372 -1.754647111 1.179258564 0.433065307 0.714169868 0.372145595 -0.526609520 0.705156938 -0.353790757 0.016561661 1.013588438
-12.547237135 -7.178684619 48.058085600 0.786233130 -0.454830740 -0.347852770 0.232303496 2.179485056 -1.017264776 -0.700277549 0.002797648 1.028284213 -0.648764428 0.815524264 -0.029084906 0.643071416 1.076770757 0.588967677 -0.680446919 0.557113835 1.106518136 1.211270851 0.493705639 1.222253694 -0.860216113 -0.481311599 0.584980182
-6.327361441 -10.751423029 43.985341709 0.406321245 0.678874067 -0.431272223 0.433632698 -0.191003860 1.593864049 0.732595844 -0.165675640 -0.296680676 0.512104680 0.942899115 0.785436878 -1.093540767 -1.281514485 1.700581860 -0.178012456 -0.011304835 0.997175936 -0.431976564 0.840887277 -0.788790497 1.655643345 0.241136052 0.379950470
-14.598740740 -13.879187701 43.245886922 -0.417628695 -0.291538620 0.622774333 0.593922248 0.455642138 -0.501597339 -0.924957937 0.079717864 -1.411353312 0.866115443 0.341290282 0.547934464 -0.339383383 -2.361819163 0.300133571 1.411774494 0.676101959 -1.769112482 -0.915515022 0.574674397 0.293758384 -0.012196397 0.295397030 0.100481822
-10.592748378 -8.184307444 47.989971371 0.648972092 -0.498361083 -0.446660925 0.361891520 0.919712835 1.945903273 -0.005451377 0.158237004 2.094339776 -0.115208683 -1.700764739 0.500524697 -0.122249592 -2.199121617 -1.246278871 3.525536534 0.606600163 0.776321568 0.643471797 -0.132315730 -2.007536507 1.176271417 -0.556147563 -0.229664593
-14.192503208 -10.842157844 52.594067211 -0.011434658 -0.831579852 0.046153422 0.553366118 1.073384230 1.224719702 0.731525639 -0.862308658 -0.228523060 2.067530909 -1.051410528 0.692603783 -2.893460093 0.009320798 -1.165654105 -0.179952018 0.661916622 -0.505511120 0.545838973 -0.499443216 0.638591047 -0.867919926 -1.076206438 -0.327661253
-20.742024876 -10.975499403 48.111155937 -0.755953948 0.212130036 -0.329719284 -0.524232458 -0.349224833 0.092832045 -0.299685139 -0.974853522 0.225477278 -0.810710207 -0.415908647 -0.731441504 1.239429682 -0.325695793 1.757277841 -0.572303501 -0.487642312 -1.340873037 -0.359805082 1.560617536 -1.180245684 -0.180910914 0.215673469 -0.123749809
-10.483797877 -13.800904156 52.332194058 0.193346645 -0.827364322 -0.221411800 -0.478604396 1.655552942 -1.510159201 0.561092852 -1.192952068 -0.750406193 -1.426814833 -1.982547564 -0.519340302 -0.796919629 0.604587953 1.791382913 0.246756200 0.858959616 -1.164080211 0.508780811 -0.118785226 -0.060691168 0.756302624 1.707686899 -1.166452542
-14.742661482 -14.393829474 52.881628064 -0.405448638 0.078163611 0.846807739 -0.335288689 -0.179930015 -1.128084697 0.959555346 -0.566322898 -0.034813543 0.001431318 1.069359193 -0.293903920 -1.471604338 -2.191692529 0.894461126 0.930204157 0.140304232 -0.337404313 0.563302044 -0.643352995 -0.547494730 0.133132890 -0.166261929 0.368098995
-10.768041639 -5.757792176 47.501396588 0.603679399 0.059703914 -0.475204195 0.637328486 -0.742659197 -0.824406055 -0.576236456 0.872856015 0.773296633 1.352386415 0.397924589 -0.559193750 -1.533245352 -0.445479694 -0.762599794 0.833224126 0.940573508 1.621325606 -1.169305551 -0.247761063 -0.213912423 -0.357899571 0.365899104 1.110461360
-9.631412904 -11.082150574 52.755916243 0.657088601 0.669477166 0.084688934 0.335950410 -0.732850844 -0.097454632 0.727790233 -0.616064214 0.822470113 0.785818001 -0.749504043 0.207014667 -0.351711262 0.008422873 0.989324930 -1.821129493 0.722313764 -1.105828233 -0.741559544 -1.326786213 -1.346814169 0.296835687 0.683739515 -0.861534832
-15.399429244 -3.791955819 41.663532629 -0.168371360 0.052616038 -0.849564371 -0.497114692 1.780230738 -0.663210691 0.438178642 -0.077843321 0.030477896 -0.262513405 -0.688553278 1.170514165 0.334580555 0.431896969 0.085462568 -0.410723758 -0.234996631 1.385547251 0.140501516 0.914864178 0.340865212 -2.119584133 1.067935356 -1.458801568
-12.673373782 -12.891028811 45.540259530 -0.095258290 0.627157178 -0.767972930 -0.088415556 1.013629405 -0.183214239 -0.060824093 0.303160260 -0.585506261 0.377233473 0.156428469 0.968840066 0.373999758 -0.911122203 1.351259253 -1.016212526 -1.067680301 1.178426931 -1.689888946 0.217244472 -0.005106722 0.062972038 0.352345215 -0.521206970
-10.208009848 -11.736558088 40.287361363 -0.674541921 -0.261772097 -0.331778244 0.605303034 -1.005789569 -0.509478625 0.184384980 0.144320809 -0.319342685 0.411961292 0.127842032 -0.406162297 1.409975820 -0.156890577 1.797976015 0.932384836 0.089971901 1.326985465 -1.775355289 -0.367972302 0.929138090 -1.936241357 1.595650187 0.286347728
-11.540398823 -9.452616533 54.304819203 0.434325715 0.135485605 -0.239378310 0.857731222 -0.313727504 -1.584771038 -0.621785285 0.660498695 -1.735417722 0.858893646 -0.654538776 0.907178030 -0.977637735 -0.223450026 -0.478392241 3.855931966 -0.316782859 -1.208668578 0.102482935 -0.264464473 1.048988700 0.252575516 0.381219548 -0.036902182
-15.857954026 -19.130082050 45.906002902 -0.332737030 -0.076164410 -0.226863651 -0.912150171 0.500154417 0.374222956 0.548576840 0.057938721 -0.041039999 -0.659047671 0.753215682 2.010798230 -0.051795468 1.323705686 1.542870003 -1.007754308 0.222196478 -0.268794501 1.009275287 -1.524645701 -0.196062132 0.511975704 -2.545473763 -0.906704879
-11.265530284 -13.428594497 51.193639545 0.705267627 0.621705709 0.005945927 0.340652655 -0.630747581 -1.561063215 -0.223272518 -0.316813816 0.920453069 0.731906450 0.081152014 -0.351976912 -0.782738517 -0.277664873 0.805298371 -0.047450223 0.572501968 -0.029416580 0.895602184 1.635293302 0.743153141 2.189431875 0.453207295 -0.425470119
-5.591864853 -10.372917098 45.857078026 -0.783010887 0.261863486 -0.472976476 0.307595057 0.280486710 0.542695931 -0.257255819 -0.318923566 2.249113218 -0.863172615 -1.819657798 -0.071772553 1.716972749 -1.279011601 0.920752724 1.887388944 -2.648011410 0.942092145 1.256269772 0.743786397 -0.548943037 -0.195793213 1.249445625 -0.757175095
-17.432041742 -8.060380445 43.852155532 0.404484541 -0.846568736 0.341017346 -0.058487614 0.431885029 1.906798208 -0.216007831 -1.366647923 0.467451788 -1.203863134 0.331661338 -1.021631519 0.133350757 0.032173405 0.202189946 -0.498986433 0.567879939 -0.408441478 -0.179552573 1.288900773 -0.753700644 2.382571675 0.072560151 1.257913183
-15.788080656 -14.104763345 46.498004340 -0.498909193 0.452943556 -0.316438952 0.667681167 0.839222519 -1.300847978 1.451811665 -0.954414766 0.622546885 -0.892155447 -1.287598590 -0.956286202 1.054474395 0.787368348 -0.593877076 0.730363033 1.572685316 2.035683315 -0.466500991 -0.271851335 -0.955648757 -1.005555228 -0.664419201 0.259906056
-7.953494785 -11.280072751 49.659558953 -0.658849361 0.636000954 0.366691998 0.164186736 -1.334389003 -1.170429624 -1.071282904 -0.046838392 0.919693466 0.700224077 -0.814884378 1.754169104 -0.252507755 0.369529575 -0.069426974 -0.057797488 0.298093302 -0.778764783 2.229448574 -0.172881242 -1.851823475 -1.059128327 -0.002595939 -0.858188375
-19.106603570 -12.491955911 50.297078796 -0.231530314 0.948760512 0.144285668 0.159464260 0.988314959 -0.949064688 -0.275973671 2.217169402 -0.818908856 1.072005290 -1.552493393 0.728123956 -0.418547485 -0.219837970 -2.597441931 0.976785329 1.234830035 -0.644552704 0.013777198 -0.051301557 -0.368741096 1.256618382 -0.111860713 -1.655068736
-21.781121194 -7.850731419 45.283457552 0.997824018 -0.047736869 0.043324069 0.013836399 -1.423791328 0.502969369 0.710946365 0.323395504 -0.168726584 0.874944195 -0.202177803 -0.455817637 -0.014664504 0.075743345 -1.046684810 0.430602430 1.550383033 1.920022497 0.334880923 0.098187593 0.677188702 -1.199878275 0.875063105 1.027983935
-16.285694877 -12.410755673 53.456889102 -0.752465798 -0.018355405 -0.004854506 0.658357605 -1.682735344 2.029316807 1.376490886 0.962111603 -0.825956872 -1.605922690 0.099834835 -0.510669796 0.277025926 -0.408600497 0.120341415 -1.605920315 0.992247362 0.457973653 0.440007046 0.362644188 0.287811624 -1.403568730 -1.021864465 1.255531999
-17.017595292 -18.730544414 48.528230446 -0.531102373 0.027035145 0.084013984 0.842698653 -1.891692122 -0.186262396 -0.058572595 0.643847883 0.528133967 0.020482369 0.236321496 -0.981951948 -1.387953849 0.497791114 0.338809227 0.672624298 0.048966168 1.165327019 0.550005099 1.731651244 -0.246998628 0.935998590 -0.883784539 -0.109665719
-14.707411343 -11.511111010 51.709543585 -0.339363939 -0.733661481 0.501247134 0.308746270 -0.771435061 0.321242668 -0.585034482 0.704616562 0.719087146 -0.411902361 0.854439920 -1.271313690 0.030647516 1.321363952 1.120864362 0.277310665 -0.662046493 2.361301146 0.921727205 0.399876063 -0.501185382 -0.979516724 -1.065130575 1.684439427
-21.089746638 -8.085767693 48.498304023 0.289527608 0.149947527 -0.828892078 -0.454562896 0.007943285 -0.236305361 -2.149838771 -1.787854472 -0.492154573 0.173404139 2.287288139 1.143168254 -0.813528506 -0.729156576 1.787508785 0.110229301 0.396417935 0.140086880 -1.188871234 0.829848938 1.131061377 0.085742468 0.258532012 -1.190854862
-11.804853857 -13.972096962 47.064376837 0.443903449 -0.517534913 -0.513684934 -0.520802391 0.815469336 3.170058592 1.083724523 1.580076238 0.267697687 0.696838910 -0.093326176 -2.409158145 0.178866430 -2.883784287 0.878019440 1.716127743 0.163748689 -1.277409671 0.629718557 -0.231968949 -1.179800288 -0.211758855 -1.486392258 0.338631525
-14.175968228 -18.502664786 53.086980775 0.304355265 0.736459575 -0.058990829 -0.601261381 0.658581150 1.254915224 -0.674428014 -0.459699721 0.593831255 -0.675614388 -0.744794952 0.197213587 -0.821236728 -0.465529797 0.334325367 -0.980213179 0.292092099 1.505521401 -1.045852361 -1.547299035 2.400929778 1.033782119 1.733382125 -0.213961297
-23.849113767 -10.511027620 47.304094271 -0.335842339 -0.273001314 0.495361709 -0.753191199 0.071980212 -0.325260725 -2.092064434 -0.496380301 -0.656043478 -1.491810775 -1.007269354 0.169961162 1.007031623 1.179343655 -2.077283396 0.997079888 -0.197968115 -0.330558440 2.130068413 -1.488051363 -0.344055736 -0.358553946 0.497239636 1.159843197
-18.105894519 -16.166984809 42.349974002 0.176183527 -0.609119941 -0.124547786 -0.763164538 1.049746077 0.188942673 2.215577603 0.283095522 0.172488687 0.199295260 -1.784303047 -0.957099556 -0.744666590 0.212822072 0.828865538 -1.283471859 -1.037039602 0.333798738 -0.474221809 -0.727476705 -0.603678962 0.404895962 -0.687875743 -0.568979134
-18.099372561 -13.531688896 45.457230168 0.332434040 0.606705058 -0.721469887 0.029627433 -0.051757379 0.195919278 0.036137741 -0.724094305 0.843041578 0.714373865 -0.228551283 0.053402606 -1.509397114 0.004255595 -1.176435579 -0.743078702 -0.285480477 -0.349821717 -0.357033907 0.227341174 0.627195851 0.898337891 -1.633274749 0.482006545
-18.695913195 -14.604492881 48.516838140 -0.680020486 0.382982250 0.194226211 0.594283530 -0.180786034 -0.574977329 -0.034617236 -0.621353577 -1.598750283 -1.157811071 -0.470716080 0.250606854 -1.095705160 1.060706747 -0.725260186 -0.953304643 1.392178014 -0.886040169 0.544524811 -1.515057326 0.834958368 -1.014661306 -0.545647175 1.390694342
-13.183074520 -19.489413847 45.894336619 -0.563397987 0.050673848 0.578266267 -0.587897095 -0.091938281 -1.924897881 -0.026009705 -0.277257205 1.619699208 0.481871852 0.398967010 0.656155585 1.349600390 -0.104085775 -1.913083812 0.915697955 -0.363538700 -1.256280506 -0.686825654 0.052265313 0.642183203 -0.170983030 -0.187850265 -0.090235397
-16.489889324 -13.222133121 41.360488640 -0.238437191 -0.044185389 -0.544238086 -0.803119084 0.589213632 1.694204830 0.317973798 0.141614052 0.952350121 -1.299518883 -0.353875732 -1.048700139 -0.112639849 0.357832138 0.131225066 -1.280349235 0.434004058 -0.530815634 0.137246270 0.130464854 -0.825533485 -0.232333677 0.659890862 1.968832608
-14.939156394 -6.338602673 49.431802414 0.047293664 -0.342364808 -0.544778486 -0.764045842 -0.905551486 -0.619743429 -0.625579376 0.268907578 0.952129294 1.371914500 0.243785258 -1.039957666 0.659622507 -1.494441798 -0.338569491 -0.141209267 1.257123212 0.085374827 0.610307189 0.268209433 0.210270928 -0.770096245 -1.194449990 1.108481191
-15.898690353 -12.505717267 40.734922317 -0.341008812 -0.548114155 0.213183697 -0.733373421 0.999943547 1.028567024 0.584128506 -2.256081292 -0.092181720 0.082111373 1.303083596 0.958048650 0.842758867 -0.835400836 -0.354059131 2.002004141 -0.551032154 -1.773680928 -2.168959290 1.767983020 0.087039910 -1.527107718 0.169493853 -0.497028327
-14.567948695 -5.691310749 43.010481428 -0.123491279 0.146913853 -0.444785530 -0.874832588 0.569890692 1.255270974 -1.363763368 -1.542410196 -0.500835417 0.901928549 -0.903578864 -0.025209428 1.389949514 -0.425279699 -1.292739142 1.052924508 -0.357278166 -1.860614676 -0.542489638 0.127893737 -1.419057730 -0.773797044 1.046686860 -0.509742135
-16.392265631 -0.896028737 50.368824601 0.326794128 0.535839470 -0.580101835 -0.519195070 -1.232604804 -0.390917255 -2.554847063 -0.882089844 -0.855490849 0.561550403 -0.209078825 -0.075506663 0.052526860 -2.354826480 -2.327362328 0.202595229 -0.274755839 -0.953112875 0.122456209 -0.391842038 -0.577501374 -0.766483788 0.307988942 1.087216835
-22.601156527 -8.417302307 53.675214603 0.474865864 -0.507581076 0.655363838 -0.295570809 -0.861068403 -1.594057661 -1.113587039 0.272029262 0.516965191 0.130401110 -0.642399879 -0.310890439 -0.677718993 0.930321244 2.025122043 0.441741006 -0.603700921 -0.416065251 1.587425279 -0.037928207 -2.417582961 -0.004429544 -0.542359631 -1.002120012
-14.852827425 -10.059137358 53.803207959 -0.548645008 -0.219785028 -0.508589289 -0.626115111 -0.500783976 -3.221830510 0.418843398 -0.959893769 0.566043441 0.424535203 -0.425949763 0.253914136 0.253740805 -1.946381399 1.474202119 -0.188501889 -0.732423928 -0.228987516 0.070577202 0.836555834 1.744302213 -1.985525067 -1.298126242 1.205438169
-21.240260599 -16.624913427 48.036165383 0.370320285 -0.822554722 0.396714720 0.169953073 0.019944924 0.512214026 -0.564116161 -1.987851021 0.176669500 0.117342622 1.755471308 -1.000459643 -1.366287694 -1.190379310 -0.717835506 -0.826093119 -0.784986226 -0.398499627 -0.639652498 -0.531827417 -0.468850117 -0.535822513 -0.138131600 -0.388503694
-7.915913655 -7.926198613 43.425527370 -0.425606697 0.208994279 0.466049465 -0.746979402 0.676666137 1.325586419 1.131756100 -0.158458232 -1.160118880 0.821786306 0.856586973 -0.361404413 0.178833654 -0.215375818 0.049018003 0.053335189 -2.554988710 0.915652646 0.141726384 0.312847031 1.357132673 -0.536700627 1.874044801 -1.493269252
-12.540464716 -4.107559458 44.407534768 0.602049855 0.134782339 0.775457177 0.134297657 0.935045234 -1.343239322 -0.647036057 -1.143243223 -0.027145225 -0.621908481 0.958613825 -1.556678023 2.172403114 1.750081841 -0.641195592 0.317155445 0.045595280 1.849319128 0.075416974 0.399447705 -0.522666188 -1.192610037 0.088121266 0.112074737
-16.984275494 -14.923312513 56.735938717 0.525799080 0.491816932 0.639363129 -0.269937440 0.361500441 -0.360705136 -0.396806670 1.226262593 0.395852857 -1.198120467 -0.951077452 0.285529120 0.655719873 0.568171170 -0.960881413 0.417049372 1.045535713 0.779807717 1.915941429 -0.584701304 -0.149937706 0.357836529 -1.976786771 -0.821553992
-20.024501561 -7.924561415 42.790667846 0.676842005 -0.512034824 -0.456533469 -0.266987698 -1.158920779 0.961860965 0.313119748 -1.765327397 0.827654161 1.052904228 0.176746242 0.215514793 -1.056242526 -2.600286181 -0.146639926 0.578333508 0.898703702 -1.112857289 -0.308023508 -0.736822012 0.800699023 0.740186364 0.458680433 -0.281791525
-11.845172979 -13.381640152 41.420564026 0.440476448 0.400312428 0.455606963 -0.661931079 2.085865437 1.778494197 -0.438764062 1.393366625 0.201105670 1.243439460 0.138192547 0.071235696 -0.930297182 0.241063371 -0.386865920 -1.156033540 -1.039603169 0.672318429 -0.175464098 0.753299810 0.198366199 -1.309111935 -0.286966695 -0.197596018
-22.684455622 -6.868784969 46.127726222 -0.445622831 0.148624991 -0.882246870 -0.031166724 1.217477981 -0.492951391 0.539260484 1.656790754 0.437790539 -0.324804030 -0.213514752 -0.701388367 -1.208317817 1.210985099 -1.010476801 -0.990203430 -0.486988311 -1.629472802 0.956836755 -0.935299223 -0.928071259 0.194110715 1.145384807 -1.109524546
-11.778790907 -10.005344636 53.885917693 -0.127937987 -0.321557695 0.116746911 0.930914969 0.542628893 -0.930268675 -0.591299666 -0.020278059 1.254205372 0.303385290 0.685064854 0.883413982 1.348306672 0.841731226 -0.905609616 0.027397854 -0.808060930 0.314585329 -0.479719839 -0.497004233 1.138301693 1.354933899 3.037514208 0.185936766
-18.701092475 -2.420332633 52.834565104 0.646186619 0.563888208 -0.461006126 -0.227917295 -0.169681952 0.789015283 -0.152050081 0.151217841 0.068424241 -0.682853285 0.494135568 -0.079807342 -0.708493654 -0.216800050 -0.816998224 -0.853725796 1.871091903 -0.274330168 -1.418509697 -0.826921993 0.084741786 -1.305387316 -0.129412762 0.926348493
-18.077137463 -11.673553458 52.672542628 -0.559073282 -0.244152312 0.613812941 0.501059265 -0.408589156 -2.449955389 0.226114145 0.289329302 -0.853547308 -0.351189699 -2.317755422 0.857814908 0.298831289 -0.732530483 0.345483091 0.013997485 0.231580851 -0.094127755 0.531138083 1.036948106 -0.028885846 -0.037901651 -0.808049069 0.140705525
-11.271516119 -12.667554408 54.945318842 -0.561113472 -0.054097901 -0.718406351 -0.407575028 -0.773464091 0.461416151 -0.999576696 -0.045587873 1.687801896 -0.084216690 -1.400114327 0.359824329 -0.138540167 -0.262530774 0.402514566 0.074674394 0.284659141 -0.302649417 -0.982401032 -0.984946827 -1.588102491 -0.297997723 2.495768735 1.653947340
-17.899119366 -9.703143718 54.751338942 -0.243133906 -0.278457209 -0.675113398 0.638411612 -0.403300129 -0.341568285 -1.343596328 0.916831523 -0.183992565 1.473626221 0.476980251 0.254959403 0.275485232 -1.742746250 -0.235264434 -0.720936889 1.091241220 0.288475064 -0.639169191 0.358151293 -0.655422461 0.969866940 0.053275648 0.484744332
-16.982312293 -18.342808126 49.384778564 0.475644654 -0.004174002 -0.409200325 0.778652577 0.908582378 0.645118228 -1.051945928 1.059304770 1.361266126 0.143179090 -1.597446959 -0.586518966 -1.376615374 -1.321991134 -0.352193903 0.944190550 -0.957362990 -1.160835774 -0.829611057 -0.519995888 -0.070077043 0.790653967 -1.732615762 1.048978004
-11.610699449 -13.002910621 54.145571508 -0.064270635 0.059001881 0.869023969 0.487016843 -1.146526417 -0.809411134 0.069570701 0.451525626 -0.856001171 -1.698776918 1.062445868 -0.447732818 0.282889927 0.557324087 1.009759385 0.093502932 -1.215500056 -0.203515529 0.194692070 1.662984721 -0.391667047 0.959779168 0.289077621 -1.224569199
-13.368927472 -13.487838312 43.316276456 0.342732410 -0.611586478 -0.712822784 0.019497512 0.442199394 -0.891013830 -1.300373667 0.220421567 -0.317411973 0.320051079 -1.586074027 0.079777141 1.421262106 -0.003486330 0.865305359 -0.774437984 -0.916150072 2.110343714 1.062145051 -1.023869340 2.431891491 -1.008643921 -3.176184057 -0.611695556
-10.220592268 -9.001453245 43.232659681 0.730717456 -0.205477985 -0.024522879 0.650560854 0.722776190 1.427544978 -0.035067508 -1.198811714 -0.461501107 -0.482335959 -0.316239816 -0.824599171 -1.501365539 -1.702955275 0.383203536 0.044616789 1.074117554 1.739641001 -0.458912590 -0.588643279 -0.288266734 1.556737709 -1.616072904 0.368558738
-10.861517358 -12.984590628 40.145212648 -0.064676960 -0.644335935 0.554705232 -0.522446361 3.399604972 -0.855074095 -1.887728796 0.094223167 0.350068258 0.881990095 -0.197013698 -0.541761374 -0.466741072 -0.142076801 0.735738509 -0.205617590 -1.118342509 1.209866063 1.104694824 1.963017481 0.757181114 0.380374961 -0.047194183 -0.197382480
-7.238291958 -5.809398978 49.233976612 0.113158742 -0.126275543 -0.785388766 0.595326862 -0.126357439 -0.843989949 0.029961631 0.192563843 0.262882720 0.125700105 -1.406079505 0.002528705 0.328852506 0.534088918 -1.280191787 -0.168240309 -0.883483549 1.519083380 0.772100455 0.349746887 0.310767335 0.480095857 1.096986875 -1.523699023
-9.926826407 -17.195839348 49.066670099 0.805211087 -0.582148441 -0.103426337 0.045180644 -0.787918698 -1.022153908 -1.866934696 -1.743653476 2.867420367 0.282640109 0.466960955 1.561330115 1.583262352 0.811114666 0.636983444 -0.296279138 -1.164318625 0.263519854 -0.193643518 -2.065229960 -0.412073938 -1.838052794 -0.736218382 0.400356048
-18.376629475 -17.700027440 43.101050513 0.986259404 -0.154889542 0.054163530 -0.019181501 1.210124997 -0.049831493 0.129052023 -0.088671367 1.182363677 1.612484447 -0.580482214 -1.219778692 -0.558367383 -0.038754400 -0.387743067 -1.468904323 -0.183756710 1.973449167 -0.531819185 -0.250416657 -0.630782452 0.104831004 0.890484825 -0.141686795
-19.763772437 -6.859001289 47.351246371 0.581692473 0.656126044 -0.472800307 0.087134098 0.081546265 -2.165919582 -0.940107360 -0.074674323 0.997379376 -1.143317032 -1.120837142 -0.337465513 -0.279227356 -0.847426531 0.620215338 -2.686693538 -0.563108526 0.142840876 -0.228762538 -0.767842637 -1.094405015 -0.170219671 -0.747205644 -0.397549053
-13.088069980 -6.880382645 54.462291714 -0.643018049 -0.498750295 -0.452018540 0.365315166 -1.564338462 0.511057296 -0.009657474 -0.615511562 1.187432860 -0.743657238 -2.378264700 0.566807818 0.267974537 0.021443539 -0.695961532 1.514400157 0.348151970 -0.102070388 -0.218975533 0.002725228 0.394732337 0.369179513 -0.356226243 0.004288740
-8.657623495 -13.355716929 42.345286578 -0.289796451 0.729698571 0.312341417 0.534790475 0.619581526 0.690592952 1.463298303 -0.939615299 -0.856413095 2.194423287 -0.637755288 0.371215935 1.125204354 1.201380210 -1.538373840 -0.120657330 -0.136176597 0.481264957 -0.401782111 -0.203462137 1.026838212 -0.845820653 0.739689805 0.023824442
-15.692999256 -13.456636391 54.739599257 0.384539544 0.260396127 0.822282437 0.328899363 -2.122671179 1.125420870 1.725167038 0.674089393 -0.032395421 1.037265801 0.136216680 0.093523336 -1.395533484 -1.353915897 -0.652434535 -1.056148437 -0.812549934 -1.304279084 1.339931062 1.018588889 -0.175957882 0.056726408 -0.569943325 1.357019999
-10.859565704 -11.581330045 54.147250693 0.563287914 0.271792196 0.306078869 0.717740520 1.198646653 0.348321899 0.630140754 0.485474439 -1.629010400 0.428553874 0.157732883 1.848274906 -0.319649286 -0.505093802 1.713751906 -0.372281595 -0.735571321 -1.710313665 0.251009600 -0.035542035 1.520998794 0.280347521 -1.062738249 1.439038959
-15.425936433 -3.506086037 55.443180291 -0.922865789 0.301884307 -0.211106571 -0.112332612 0.193404033 0.412573605 -2.009274518 -0.132625129 1.431088098 1.269913750 -0.261178888 -0.200501519 -0.553410581 -0.840388778 -1.671107190 0.020537383 0.577215794 0.210667775 -1.424271747 0.090283135 -0.799780399 0.517610480 0.025354695 -0.699856323
-17.207922321 -10.590304609 41.298996732 0.906862609 -0.042889980 0.111535662 0.404129254 -2.384143492 0.196372826 0.604612088 -0.289381028 -0.731201582 -1.142940194 1.013989104 -0.539676214 -0.748721125 -0.798369959 -0.977378410 0.366186231 1.536871379 0.107675959 -0.212126583 1.007164282 0.471479357 -0.919952021 0.702715852 -1.479707597
-8.668879019 -10.484815259 46.558953634 0.333695189 -0.313210368 -0.440589013 -0.772287581 -1.267214598 0.523585806 -0.013619370 1.241990509 0.455460462 -1.095355761 0.240686531 0.603130082 1.175919373 -1.349487545 -1.476320601 -0.749509648 1.262246699 -0.405869379 -0.335814662 -1.338986219 -1.516778033 -0.745393756 1.312831298 -0.957660683
-7.752863614 -16.127372266 46.803120262 -0.892366343 0.422777239 0.109886688 0.113431178 -0.058075616 -0.275745624 -0.713696904 -0.383031367 1.210974341 -1.794904546 -0.230917250 1.742873807 -0.216864607 -0.262532711 -0.084692402 0.426065890 -0.868918211 1.967951864 -1.577701950 -0.374543364 -1.994223170 -0.133596567 0.992007780 -0.292478078
-20.443234543 -8.261202676 53.607750509 -0.629456586 -0.308507189 0.708993473 0.077045286 0.686049200 2.329093164 -0.284074402 -1.635339574 -1.388651447 -0.843967026 0.943308783 -1.048839301 0.331627830 0.244387526 0.276236283 0.345093991 -0.552210152 -1.652440755 0.964107982 -0.537641257 0.612738633 0.077313710 -0.623239014 -0.747465753
-14.996698194 -10.430568088 40.319049099 0.500238893 0.748441845 -0.181316700 0.395878906 1.102491279 -0.570858000 -0.655763891 0.644660026 0.084132808 1.588155529 0.354702362 1.109385170 -0.939156267 0.411873778 -0.146642701 -0.627908941 -0.788088039 0.425714500 -2.071373768 -0.583807288 1.135363688 1.349553576 -2.310169406 -0.343005287
-16.893930434 -14.564572938 47.901137786 0.196916607 0.973941929 -0.058675569 -0.096011179 2.412461650 0.017757155 0.153438299 -0.527451732 -0.041499602 1.681941711 -1.029547227 0.212765868 -0.231870269 1.206804344 -0.895319900 -1.889870731 -0.227862085 0.916724326 -0.262908442 0.180779014 0.230224006 0.062811070 -0.941570535 0.150040383
-12.208382868 -11.843985375 45.469062529 0.659900769 0.292163125 0.148004729 -0.676214673 0.699542232 1.314222170 0.764914383 0.151868740 -2.164099918 -0.614711211 1.373000588 -0.068308482 -0.324358822 1.014748606 -0.016873530 -1.133346476 0.886745135 0.783272667 -0.369550470 0.738579637 -0.042904175 -0.179370837 0.653063192 1.168453202
-7.945930600 -13.695407968 47.750959511 -0.112113975 -0.935852075 -0.163253442 0.291478412 0.420938342 -0.099658199 2.573455116 -0.296368279 -0.378680377 0.938194107 -0.047038448 1.017315474 -0.906397500 -0.946889085 -0.263761477 -0.788778619 0.460532709 -0.773799598 -0.938173213 -0.432071419 -0.115989782 1.252355635 -1.015124793 -0.919327457
-6.932424565 -13.236272437 46.953221061 0.647872394 -0.072553572 -0.652661686 0.386044121 -0.364162697 -0.150032567 -0.190028425 1.635246541 0.900561075 2.600705196 -0.524849350 0.746566426 -1.384234616 0.789286859 -1.370643342 -0.564051388 -0.726641165 -2.451872301 1.247183748 1.458999966 2.327205472 -1.344769698 1.539085027 0.041208765
-16.369112759 -6.333147061 55.082644997 0.501450520 0.556105791 -0.498391751 -0.436920345 2.948572905 -2.015510550 -0.762273294 0.612460712 0.443914308 -0.862923920 0.599905221 0.228172455 1.001076782 0.681816674 -0.930991330 -1.651510002 0.207466252 0.556093009 1.597769907 0.241494990 -0.884955547 0.419711563 -0.142469676 0.079800523
-21.987922027 -5.697798221 54.014292282 -0.452086710 0.381847136 -0.692701559 0.412280148 -0.328706068 -0.841130654 0.088952200 -0.477602179 0.625675059 -1.305431871 0.449072748 -0.913188317 0.080662599 -0.372330385 -0.857793850 -0.112463957 0.838070179 0.943893244 1.096884607 -0.944767474 1.866240105 1.108091015 -0.116551537 0.998997007
-16.166089993 -13.862248966 57.200480227 0.623645455 0.124543657 -0.128793697 -0.760899078 1.227628807 0.494482305 -1.880504655 1.017552045 -0.137636772 0.523283293 1.632465070 0.767866269 2.253873348 -0.913234657 -0.543763898 -0.837501891 -0.222845346 -0.232900182 -0.570931046 -1.153439480 -0.078836134 -0.670197658 0.223815014 -0.376623449
-16.647047374 -4.556372127 47.318698677 -0.652243405 -0.632683622 -0.239315166 0.342079270 -0.299999353 -0.022518238 0.038132406 -0.262895309 -0.218590126 -0.745175178 1.625332504 2.740813466 -0.893037701 -0.246939580 -0.274180402 -2.077860794 -0.091499015 1.377416434 0.836548273 -0.205541080 0.802606800 -0.864362235 -1.152845479 0.535016580
-20.274255644 -15.013338819 48.455367038 -0.269677815 -0.210339924 -0.705515543 -0.620708314 0.744136207 -0.888689430 -1.075149737 0.681927162 0.718400227 0.182249580 2.359254672 -0.616493257 0.048914698 0.606017620 1.132938887 0.776277770 0.482134677 -0.053115301 -0.245351939 0.221377812 0.343679324 1.674314879 -0.985437921 0.771920922
-19.806959056 -5.407437232 45.466016390 -0.681742162 -0.457034888 -0.535776416 0.198217981 -0.788389120 -1.139914230 -1.855684087 0.686168285 0.455426571 -0.442977916 -1.273968505 2.197496571 1.582682204 1.965290322 0.241783581 -0.095626668 1.344308918 -1.964500320 -0.692876403 0.321746897 -1.359293229 -1.416950720 -0.015930204 0.224813656
-19.289467336 -16.699140476 55.107977591 -0.364344979 -0.649720111 0.667169910 -0.000908699 -0.431924155 -0.577662871 0.257759550 0.186728331 -1.226481921 -0.585452440 1.239146516 1.452965519 0.705357852 1.027247461 -0.289902663 -0.062441411 -0.651573518 0.589105645 -0.899523022 -0.880038670 -2.852254705 -3.296384753 0.700012959 0.974547042
-6.659785185 -7.490797376 53.327136010 0.594788195 0.048597723 0.744182036 -0.300097254 0.439246449 1.075964240 1.215013887 -0.045144002 1.295578053 0.638603494 1.156944683 0.199843497 -0.547724109 -0.166170989 -2.733263283 0.551938468 0.721237926 0.972801678 0.321235363 -0.995623149 -1.119996315 0.192812381 0.042768756 0.759272006
-12.017224846 -9.104696775 54.358783458 0.107093200 -0.211860712 0.452880680 0.859386510 0.205831659 0.541228766 0.006026655 -0.380521394 0.481303559 -0.230329402 0.327973849 0.561091777 0.503346832 0.886704455 0.074514291 -2.016178732 -0.081195723 0.527021058 -1.184779771 -1.174076465 0.385198023 -0.743378916 -1.318119867 0.950196121
-15.827510499 -8.285647472 41.087556929 -0.187504603 -0.861025126 0.314911860 -0.352573788 0.498480955 -2.223236904 0.859785080 1.498019425 -1.522015514 1.182701991 -1.247203392 0.066488912 0.173402968 -1.004484792 2.651117092 0.688645025 0.006980347 -0.506588333 0.729180507 -0.713281477 1.585997058 -0.212266460 0.122603232 -0.750806437
-22.460262682 -5.519890111 44.964767096 -0.247005636 0.814831749 0.501623905 0.153006191 1.050899952 -0.410733327 -0.606453255 0.300976169 1.287970247 -0.698841413 -1.600703384 0.541188167 0.977379707 2.160732394 -0.589747274 -0.383979255 -0.088328145 -0.989204186 1.707945057 -1.000540192 1.441654571 0.394420235 0.499909826 0.315195034
-13.847868705 -5.726778486 50.807529658 -0.318104395 0.768199230 0.333312577 0.444502265 -0.286252738 -0.096500693 -1.195404713 0.335119968 -0.896139296 1.316013943 0.280210945 0.641809459 2.413125611 0.158084859 -0.669858719 -0.198641476 -0.065031308 -0.394158256 0.597825510 1.782264609 0.909937777 -0.551444684 1.182649927 0.599333251
-10.577647991 -7.460812720 50.927475205 -0.769850942 0.046490122 0.623917308 0.126076912 0.270989410 -0.834141507 -0.321572602 -0.028894077 0.899558649 2.024849139 -1.783778719 -0.216685070 0.049573994 0.753167179 -0.659740313 0.687815360 1.127028879 -0.657759456 -0.579321926 -0.873504480 0.657137409 0.233946139 -1.774680668 1.895723222
-19.403900854 -9.706245772 50.224316023 -0.275800918 0.886381071 0.363861711 -0.076597032 1.589776300 -0.620571487 -0.369498345 -1.440961213 -0.804009630 -0.181679192 0.182697480 1.281666808 -0.092045775 -1.532953097 1.431734581 0.160120550 -0.026976122 -0.118244952 -0.125362434 -1.041284279 1.051118244 -1.085752883 1.048010835 0.507647837
-19.129311259 -4.382174480 50.905984432 -0.714916785 0.137263729 -0.594893026 0.340815121 -0.778893086 1.591241129 1.028689042 2.001026819 -0.423625286 0.574153784 0.935715537 1.203666705 -0.506826356 -0.348470197 1.601506901 0.983909150 0.804840731 0.784548216 0.805292109 1.303451580 0.673191337 1.834198279 0.497575904 -0.520210570
-12.289843997 -7.005412320 56.078502329 -0.607411698 0.204488987 0.482479556 -0.597033299 -0.221360632 2.072941110 0.216370505 -0.259115290 1.113192364 -0.782128477 0.059328369 0.007068949 -0.337832177 -0.711543344 1.753567551 -0.023647828 -1.689554707 -0.392526569 -0.287400054 1.334636204 0.771728918 -0.694383208 -0.456274264 -0.711205289
-13.830582329 -11.699713668 43.506685404 -0.694337257 0.104179425 0.421200363 -0.574136460 -0.052614029 -0.988055823 1.172941308 0.512533540 -1.174553022 1.923151975 0.369253832 -0.395383300 0.292089029 -0.519275265 -0.043277685 1.128941091 0.042905579 -0.782682717 -0.994583992 0.911018480 -0.857297131 -0.070824079 -1.017831524 -0.240168772
-17.189090521 -3.683399100 48.594440765 -0.304300577 -0.464119491 -0.749149529 -0.361620298 0.778239187 -0.105093191 0.717980360 -1.354494706 -0.882290279 0.679559602 -0.735797006 -1.123813540 0.962551462 0.327545231 1.582687266 0.229353260 -1.024473785 -0.008029258 -1.854544185 1.147545128 -0.949776370 0.928077196 0.493375511 1.621355513
-18.752715140 -10.070157404 46.324098850 -0.058593366 0.435078372 -0.822111686 0.362499660 1.727746028 0.728769443 -2.288513125 0.665852800 -1.610102242 -2.115470373 0.424289504 -0.240007905 1.052709246 -0.105326042 -1.476041501 0.768396040 -0.670437007 0.176417054 -0.308640871 0.833250225 0.072978862 -0.025242092 0.947347420 -1.259223471
-11.879169547 -10.411492059 39.597299636 -0.036885231 0.231827477 -0.866052074 0.441417382 -0.129186725 -0.166451299 -0.824591503 -2.383199802 -0.334761518 0.117361195 -0.523592253 0.912822744 0.203675444 -0.029949011 0.091558671 0.379534202 -0.650664857 0.246400960 0.957629301 0.479231843 0.309801945 0.019258755 0.339898361 0.017104420
-18.308051880 -13.662601798 48.279005065 0.818463537 -0.090974932 0.272837405 0.497393959 -0.482827065 1.674121534 0.251867499 -0.080486340 0.457479613 2.344035875 -1.067117851 -1.280289544 0.538301757 -0.601236105 -0.826398478 -0.790199087 0.968106763 -2.379532259 0.535937621 -1.621069101 1.210981599 1.890912429 0.693630023 -0.616712162
-8.237180605 -12.927806044 49.820717284 0.669911345 -0.111483030 -0.732492990 0.047374501 1.041811096 -0.375769611 0.019492978 1.329334529 0.378691187 -1.211329373 0.827579037 0.230456106 -0.503261250 1.365795727 1.779185920 -0.165752229 0.357982656 -1.783853765 -0.602931115 1.463454403 1.993149920 -0.640660090 -0.069015482 0.149594043
-12.207101499 -8.459275970 39.286070700 0.226615525 -0.255159352 -0.306730352 -0.888513140 -0.598595115 1.190378232 0.073735437 -0.814662314 -0.537953830 1.132138512 -0.499259698 1.301607346 1.949860553 -0.075196556 1.493464423 1.404343947 -0.567753884 0.767778631 0.365323674 0.573035601 -1.368108821 -0.230075346 -0.583527873 0.778790719
-10.658735752 -1.990547476 51.477360714 0.274361879 0.724441583 0.614684586 -0.148569216 -0.440817436 0.023090818 0.276028711 -0.005002388 -0.531780657 -0.091941729 0.814831160 -0.748321135 0.492517249 -2.019847955 1.174226149 -0.187767240 0.762275717 -1.321003568 0.592092899 0.144164056 -0.565743372 -1.057909214 1.070691803 0.168028950
-14.066618404 -17.732730801 46.447473144 -0.597297641 0.756887894 -0.019715051 0.264513820 -0.960162728 1.654723828 -0.054803783 -0.689751079 0.666176663 -0.617566609 -1.531184409 0.208658355 -0.982945947 1.472829155 -0.577815755 0.616381835 0.310371407 0.505165776 -0.974580086 -0.426221367 -1.525863657 -0.052088542 -0.164780221 -0.511706356
-15.384711660 -3.249378850 52.983837300 0.021643195 0.449499602 0.805297301 0.385976601 0.234107517 1.195354498 -0.668857512 1.155671195 0.336714986 -2.599100348 -0.003718501 1.894695129 0.285249670 0.152195913 1.130174437 0.342913734 0.413724472 -0.830586184 -1.753318215 -0.659329197 -0.809503904 -0.409438619 0.971210237 0.681454011
-7.012321595 -15.643330236 51.175635475 -0.250795201 -0.106763268 -0.680170721 -0.680493323 -0.551488777 -0.479023060 0.519635958 -0.033721429 -1.286242593 0.296786813 0.981535849 -0.147364712 -1.247923739 1.124398110 0.921760406 0.993151156 -0.343674971 0.538805756 -0.949411692 -0.802011459 -0.678310796 0.647459792 -0.097612701 0.442746112
-11.569914163 -17.271382434 42.592230467 0.282472281 -0.421861221 -0.819948786 0.264436210 0.792067111 -0.073360568 0.320537738 0.056787422 -0.733395566 -0.351610797 1.068048666 0.211359529 -1.120275145 0.177232365 -0.636203680 -1.045681244 2.651392876 0.420306160 0.617932395 0.976225958 -1.518850956 -0.280039268 -0.503826474 0.033396039
-17.368290719 -4.245693488 47.403699066 -0.478331286 0.019663797 0.744358894 -0.465555961 0.392173811 -0.502357281 0.171173907 1.736832089 1.989011518 0.431088098 -0.335826932 -0.428812664 -0.031647050 1.725399471 -2.060012672 -0.420659590 1.118650480 -1.451424612 -0.071642153 1.152103881 0.296806331 -1.327249414 0.037451183 0.524100499
-15.728134095 -4.051579135 42.740762038 -0.055238039 -0.180734128 0.285065257 -0.939692361 1.454473393 -1.564387480 0.019649494 0.292206882 0.297284650 -1.318002834 -0.720916844 1.003850606 0.386145542 -0.775080696 1.515481641 0.778238832 1.562370233 -0.271994852 0.979250825 0.127211703 -0.188889564 -0.290159322 1.898170967 -0.031069831
-13.537625430 -4.113070695 51.858356315 0.383209593 0.829067330 -0.406397619 0.025273434 0.671963098 -1.282779153 -2.666810273 0.665001614 -1.123883285 0.823211906 -0.621533359 -1.064743862 -1.518817358 -0.663139291 -0.601308910 0.814015979 0.727088731 -1.042628434 0.079988445 1.193601316 -1.264583167 -0.101325819 -0.549198583 -1.148554161
-11.934670925 -7.496267893 39.677191011 -0.476370668 -0.183779077 -0.857104690 0.068321216 0.136169804 0.164288502 -0.110913863 0.946367296 -0.141772073 0.036183930 -1.557757383 0.123011349 -1.270518793 0.063710507 -0.654661088 0.068226825 3.186462871 0.812927461 -1.078677697 -0.599431741 1.072441179 0.067386972 0.092326299 -0.039417661
-8.574457290 -4.042206844 49.623908680 0.635534434 -0.246555467 -0.414599878 0.602837728 -3.447716126 -0.994932805 0.611541983 1.005517112 0.016296597 0.837532163 -0.904505780 0.205992990 0.620952603 -2.636632556 -0.646621995 -0.226600231 2.390487816 -0.036484979 -1.169267075 1.678223997 0.355818256 -1.249237570 -0.478412674 -0.135003278
-15.721240248 -2.489752714 44.952622262 0.261901358 -0.831854628 0.363910157 0.327100832 0.369800494 -1.364241494 0.541440795 1.696235855 -0.075296525 0.536881265 -1.360379089 2.381050731 1.109096946 -0.975699601 -1.707471948 -0.684439473 0.375888669 -1.379630132 -1.232313503 -0.989420794 1.425597118 0.265841950 0.995987298 -1.058119874
-21.172172915 -6.290393402 50.185142132 -0.495261539 0.130909627 0.830226144 0.219779954 -1.109598890 -1.110156301 -0.267386409 0.559606171 -0.807100186 0.169194797 0.992465190 0.923875217 1.001697944 1.248600177 -0.241246954 0.918324717 -0.033642226 0.234593177 -0.555959894 -3.615108521 -0.617542844 1.126392653 -0.508902758 -0.275984994
-7.325639472 -7.856527701 53.858868206 -0.106871371 -0.233319302 -0.750793735 -0.608645529 -0.073174987 1.310742995 0.357587338 1.479238102 -1.617524706 0.001098989 -0.467694032 -0.936097571 0.278820694 -0.444271990 -0.526782412 -0.680393773 0.703343885 -1.088000006 0.072420518 -0.702335373 1.174968102 -0.331871184 -0.447972850 -1.790350832
-16.029528436 -4.277410045 52.284163185 0.289086057 -0.259624261 -0.856137790 -0.340664907 0.351734371 0.217051059 0.762761274 -0.282614645 -0.508023903 1.227319889 -1.022242527 -0.335487065 -0.281344577 -0.796663738 -1.341469854 -1.484427511 -0.169859518 -1.261436105 0.280473914 0.125098669 -1.110655986 0.326233142 -1.017261745 -1.182022533
-10.812606365 -5.420006608 54.962078304 -0.153760713 0.077414180 0.908243036 0.381391237 -3.722198620 -1.315367652 -0.515667232 -1.241646465 -0.642565763 1.682908469 -1.351313072 -1.890283299 0.492306372 0.888277433 1.044446478 -0.574850077 -1.443249303 1.027513329 -1.772431390 -1.278691956 -0.980846275 0.557209890 -1.101419744 0.325941188
-12.543806142 -1.789816083 52.557294066 -0.851002856 -0.508970419 0.058002476 -0.115667474 1.561802141 -1.777836790 0.443258617 0.507068859 0.062265732 0.131933592 -1.004057924 0.786000684 0.152040300 1.652909320 -0.680957122 -1.679779511 1.026842639 0.401914866 2.119397717 0.322317967 -1.057886705 0.458761881 -0.785182234 -0.496694172
-15.587832815 -9.236133282 46.933562240 0.979839475 0.168967521 -0.076915521 -0.073814509 -0.394743183 -1.592479694 0.641433434 -0.430990886 1.257326949 0.226996429 -0.905672993 -0.160486156 0.196089976 0.360349248 -0.140845808 2.360068815 0.077577119 -0.913530548 -0.813865913 0.467869062 0.575531379 0.308353103 1.639806313 -0.140567796
-12.797439056 -7.818308093 40.016736495 -0.590505772 -0.598020151 -0.238233890 -0.486743716 0.850910724 0.641132638 0.044826756 1.235113183 -0.674027513 -2.423457232 0.925404169 -0.489668457 1.267443341 0.358202709 1.183663468 -0.362172967 -1.044364697 0.132637065 2.082803039 1.132459724 -0.620513497 2.796878619 0.999002123 -1.195836624
-9.897693820 -13.774666601 49.779636377 -0.447583473 0.749117244 -0.413146305 0.260389171 1.207697821 0.115990002 -0.029488026 0.264290668 0.460759080 -0.087889685 2.351977483 0.781879640 -0.258378281 -0.410116717 -1.085923554 0.274108123 -0.747178003 -0.951097084 0.083258015 0.607844442 0.657777591 -0.586943992 -0.525052569 2.036018421
-18.584555901 -12.652750389 46.107640915 -0.133144670 0.409304418 0.402265290 0.808037763 -1.013577315 0.165067425 1.807617060 0.870944671 2.045371424 1.498750014 -0.304163945 0.205617724 -1.440002396 -0.214173098 -1.085981140 -2.256886318 -0.091299733 1.263297870 0.726235917 -0.389362482 1.964053436 -0.493209096 -0.642210582 0.833674076
-12.408054290 -15.950558167 50.671403372 0.031216625 0.981175417 -0.122617442 -0.145894780 1.140818789 0.277384721 0.691582779 -0.671143366 1.157087318 -1.975414639 0.342087909 -1.446582195 1.146320454 1.342651906 -2.204393598 0.115132198 -0.213005691 -0.461815226 0.386387283 0.390065998 -0.037722294 0.510329018 -0.459204671 -0.908259863
-19.094550855 -3.957964812 51.127810633 -0.495588142 0.239757708 0.792360695 -0.262817738 1.081637827 1.128172032 -1.114944756 1.424555135 -1.831549662 -1.608990898 1.342348408 -0.050641941 -0.350720131 -0.376280390 0.649387449 -0.472384348 -0.484211705 -0.713590815 -1.619298578 -1.441994245 0.314767285 -0.622870560 -1.514738719 0.507275831
-13.434553657 -11.476221620 54.456217288 0.726983070 -0.140099404 -0.435317457 -0.512217224 -0.865514155 0.382746163 -1.067820856 -0.331039738 -1.063680990 0.125344780 0.000424320 1.471188307 -0.735644420 0.014807593 0.146134329 1.834754727 -0.503377729 0.510955377 0.866610546 -0.380536270 0.133228848 0.516173575 1.042304891 -1.187916870
-15.486474778 -7.897694485 52.651255461 -0.553886181 -0.180056348 0.062025663 -0.810519973 -0.077562923 -0.105310202 -1.163652249 -0.764450160 -0.505154795 0.070537124 0.191133153 0.169221911 -1.275988267 1.601428701 -0.183617275 -0.323904252 0.218380120 -1.490375883 -0.286821972 0.180834291 -0.714416917 0.800890309 -1.141997103 1.175530337
-12.995273580 -17.446088925 42.251742324 0.279988807 -0.397911278 -0.853411548 -0.186980245 -0.495635320 -0.700805020 -0.159257103 1.207886101 0.989588768 1.400387272 -0.528328164 0.420313772 0.251250361 -1.263147044 -1.550907970 -0.968504279 -0.645527007 0.062571136 0.008642641 0.329095078 1.524794297 -1.900119935 -0.359722169 0.144848958
-13.089747982 -18.663716148 53.391302209 -0.535704829 -0.076530621 -0.809560791 0.227540602 2.744289623 -0.515561082 -0.822442362 1.430723914 0.846259385 0.083150912 0.244662604 -0.156480999 0.622179136 1.129578558 -0.440725503 -1.655469793 -1.720269647 0.938670602 -0.676205900 -1.682304214 -1.138523430 -1.550083663 1.305873246 1.654534857
-13.052127385 -11.227998449 55.767829191 0.451862894 -0.367893999 -0.262628326 -0.769090562 -2.260433627 -0.840960427 -0.693651135 0.388731272 0.105720553 -2.009347208 0.102480464 0.170035610 -0.556815067 -1.247551355 -1.354222862 0.265804834 1.644069820 1.373011919 -0.116919673 -0.689812480 0.036425779 0.220965858 -0.574718016 0.492722713
-9.710741136 -13.705480767 49.092328129 -0.494874918 0.866059628 -0.002706238 0.070938090 0.617901689 1.075745027 1.615412293 0.511733728 0.116515543 -0.927606269 -1.665473901 -0.103092498 -0.581466569 -0.087159231 -0.046302779 1.097907079 0.623598016 0.421812720 -0.026566196 -0.203503511 0.779477580 1.054254117 0.008351198 -0.233851208
-19.360178315 -18.940572605 48.706362500 0.464723777 0.238052993 0.811608698 -0.262018903 0.964362214 -0.460715436 0.987503814 -1.579002950 1.495304222 0.273313205 0.286171139 -2.446972997 -0.092908219 0.587930722 -0.891072616 0.949292309 -1.556582520 0.709044995 -0.668060290 0.473341108 -0.298106588 1.526297923 0.080370475 1.774859464
-12.836049184 -4.181698478 51.262438935 0.005504635 -0.377737628 -0.868239268 0.321627979 1.478228380 -0.268889985 -0.029899517 -0.159644075 -0.722186570 0.246832178 1.342741704 0.800258054 0.630733278 1.130727432 -0.049264358 -1.328311355 0.150565418 2.133670417 -0.307898816 -0.018438909 -0.399518096 0.678532062 0.526953617 0.795853730
-14.707713419 -5.829508446 44.710501983 0.062376822 -0.772712108 0.413243809 -0.477760070 2.645697200 -0.200779677 -0.225597926 -0.916650206 0.575567059 -0.106591282 0.237414987 -0.635568496 -0.800096404 -0.905275867 0.544159493 -1.884154311 -0.048632677 0.252545356 -0.212085231 -0.008356358 1.220380092 -0.044362692 0.627899557 0.495797784
-13.863230835 -16.270009987 49.061493650 0.057776286 0.653018434 0.479582467 0.583291936 -0.272448512 1.015430075 -1.304300092 0.399254008 0.467486347 -1.772522026 -0.451816521 0.872142558 1.275643566 0.068565541 0.268903701 0.247615047 0.705229361 1.101894236 0.530600770 0.109997956 -0.026743588 0.392997981 0.415473218 0.473687408
-12.402125255 -4.590473801 42.000449195 0.304462980 -0.322021640 -0.285532774 0.849750194 -0.748855420 -0.372626597 -0.445625150 -0.564588804 0.140883985 0.314230238 -1.076702051 -0.435480192 -0.328096311 -1.049229910 1.927884961 1.866141882 -0.519127227 -0.003426384 -1.319682911 0.196112387 0.456918798 1.277429438 -0.445106304 1.572047871
-6.724031057 -14.032789943 50.008348809 0.847490315 0.200382987 -0.038210131 -0.490047763 0.809189045 0.320717293 0.847751070 0.116617287 0.630331789 -0.040439402 -0.107335810 -0.134051321 -0.151583938 -1.100736059 0.352559622 -0.711204766 -1.794699190 -0.403146450 0.700469105 -0.510392424 -0.763988905 0.373076689 1.486687702 2.598712716
-11.533440851 -1.162192710 47.425204387 -0.451988039 0.775142086 -0.309307189 0.314945427 -0.183208187 -1.730611995 -0.617198446 -1.240572518 -0.989535371 1.429560147 -0.772810553 0.047654096 -2.030861688 -0.682634049 -0.571987189 -0.338928345 0.196851589 0.094427753 -1.900259746 -0.891645080 -1.115586502 -2.495779661 0.363437503 -0.755806054
-19.601680736 -7.683414334 51.920457110 -0.713404668 0.318804581 0.218324258 0.584595533 -0.837142167 1.202972129 -0.801099870 -0.355633886 -0.697713364 0.608438446 -0.063066445 -0.564683139 -0.429099516 1.599242246 -0.354794202 0.308455456 0.282468908 -1.066097963 -0.213837910 0.390296290 0.368419902 0.548655124 -1.031927967 0.745496092
-6.882106765 -7.047825904 51.692808656 0.256357057 0.095046319 -0.284495447 0.918863209 0.728017502 -0.451015627 0.446015180 1.266990622 0.224193708 -0.060499966 -0.870182045 -0.531739300 0.846985890 0.565728221 -0.435729297 -0.504315023 -1.304660944 1.826433095 -1.339314394 -0.790826734 0.363081859 0.829136379 0.147601585 -1.167873926
-11.826245099 -10.547734185 48.049192925 0.670684086 -0.546772424 -0.420242108 0.273165417 1.953438140 0.077201069 0.594971918 -2.882597123 -0.355206809 0.054294327 1.190096158 1.245873188 0.029614942 -0.801068548 -1.125997260 -0.053946653 -0.670011015 -0.033412759 0.032456407 -1.299890548 0.604574259 1.047105497 1.423799533 1.002264298
-15.481805091 -16.484046974 52.451734613 -0.371098965 -0.385593860 -0.544265497 -0.646047987 0.808649055 0.565792202 -0.354381658 -2.398800764 -1.356737644 -0.053504235 -1.452188005 -0.407683833 0.782609685 0.294623114 -1.253965623 0.589320496 -0.258462622 1.357047232 1.914241590 0.359157812 -0.822168889 1.926779688 0.386185319 -0.641833218
-12.058918760 -2.323853799 45.086514217 0.640417225 0.115881242 -0.689172704 0.318556588 0.495362826 1.263530821 0.330572590 -0.877714448 0.529586436 -1.981377691 -0.536549788 -2.071738487 0.451301521 -0.827239517 -1.799343942 -0.076785338 -1.458649371 -0.702867400 -1.077380189 -2.446194201 -0.921072644 2.132874487 -0.851462153 -1.154156660
-15.283754564 -3.397710294 54.605416172 0.743595855 -0.075754205 -0.426201035 -0.509587266 0.533302847 0.593483606 0.146190566 -0.408063893 -0.529928939 -0.194293181 0.688235872 -0.361910799 -0.039675836 -0.278928548 -0.969914979 0.760782045 -1.147031404 -0.520453718 -0.744242294 0.215819127 1.711702185 -1.157362937 1.184139323 -0.806810241
-22.129457165 -9.080435361 50.059675121 0.569050066 0.181285583 -0.784472168 -0.167095715 0.173804822 -0.714060014 1.411701873 0.297853043 1.333154049 0.509942467 0.320820945 -0.311250009 -1.829650506 0.429450325 -0.331010389 0.960852637 -0.252067341 0.832195075 0.689716627 -0.632744084 -1.097729087 -1.106318654 -0.491928447 0.723626245
-18.209920045 -5.757270437 53.956533431 0.251399453 -0.471361107 0.814367953 -0.226763885 0.515803109 0.323893864 0.022100663 1.449254314 -0.791348875 -1.696240926 -1.445811299 -0.238659590 0.836340622 0.488032571 -0.631285062 1.325159843 -0.570937288 -0.382872612 -0.225645436 -1.315971976 -0.466628901 1.300496221 1.024812755 0.708624730
-12.247395622 -17.302066386 49.601476097 -0.489222013 -0.693699141 0.511149970 -0.134792552 -1.058847768 0.628672445 -0.340883585 0.578520731 0.636655886 -0.345329036 2.631684829 1.350086740 0.316554663 -0.665431081 -1.122837392 0.467835311 -1.411647549 1.219590375 -1.104400623 2.150659671 -0.769161775 -0.377259642 -0.272540933 -0.722139260
-10.621434103 -6.913652704 42.920742041 0.532289955 -0.039424810 -0.835136501 -0.132891359 -1.774833553 -1.912583445 -0.924675223 -1.037077272 0.315929826 0.539045978 -0.052269825 0.201056648 -0.361106165 -0.431125664 -0.559396898 -1.428537112 1.256414209 -1.707532904 1.362813958 -0.320364231 -1.567169600 0.611446679 -0.793454488 0.391988424
-11.798090432 -9.352009856 53.974550837 0.781058346 0.550551660 -0.184123758 -0.230085141 -1.842327574 0.022718128 0.076534166 -0.032026386 0.268116792 0.657035603 1.015199021 -0.831969404 -1.034957489 -0.174431479 -0.450035127 -1.765389266 0.035440123 -1.016467555 -0.747202251 -0.745379960 1.771640651 1.581261979 1.111726065 -0.060723431
-7.325443013 -9.567473007 44.384398521 -0.370519098 -0.543121698 0.749399207 0.078327821 -0.691836493 -0.557242248 -1.519225324 0.005602396 -0.130582064 -1.118778095 -0.605264134 0.429197201 2.210170822 0.241962457 -0.607115048 -0.520335249 0.818119635 1.519191076 0.436524692 -1.471694410 0.995680304 0.072982997 -1.108122794 1.664048431
-12.394127912 -2.094159454 48.579130593 0.901019902 -0.275296828 -0.158727514 0.295263220 0.879814706 -1.212746669 0.459674112 -0.796665537 -0.409786088 -1.252272909 1.569093502 0.529580276 0.748352832 -0.970503054 -0.217215830 -0.430532688 0.477753694 0.768714511 0.981432876 0.775525170 0.029575589 -0.562424248 -0.070532720 -1.903755581
