24.185938180 -25.269024661 0.178483270 0.460495154 0.308324785 -0.810258820 -0.190684779 0.221557173 -0.251389978 1.044912049 0.544846031 -0.899860652 0.813523625 -0.602580464 1.396256148 -1.549467117 0.773454890 -0.890937311 1.780605987 -0.060985382 -0.201259226 1.014407615 -1.226652416 0.975614612 -0.359104656 0.028006009 0.274717002
14.532820789 -26.935971319 -0.673343936 0.780214944 -0.290096255 0.314000743 0.456631513 0.213938675 -1.783876828 1.133954530 0.684726866 0.073434905 1.094119412 -0.107920541 -1.492524577 -0.369855866 0.816958618 1.060112157 2.937314393 -0.727952142 -0.007154707 -0.005290304 -0.274665367 -0.242539605 -0.405053247 1.868208312 -0.904917142
14.550040006 -28.760212230 3.580984173 0.077172369 0.967650295 -0.226901931 0.078821610 -0.588732337 -0.832635298 -0.365044676 -1.274538696 0.265896414 0.363871532 -0.529769174 -1.813497665 1.901594539 0.931525837 0.880610168 1.120209412 1.402573956 -2.066981316 -1.532823822 0.758334123 -0.799723181 2.146014369 1.441360891 2.352560522
9.918466906 -25.311836223 -7.733214915 0.095259201 0.114812749 0.732280878 0.664461010 -0.040820389 -0.366331321 0.077681203 -0.535193476 0.793136431 -0.644228635 -1.095503465 0.301780069 -1.868519538 -1.101440785 1.655813884 -1.020667594 0.234863489 1.056899501 -0.449228512 1.153056268 1.491788240 -0.150884438 -0.003704403 -1.220362218
10.882502822 -30.207320598 0.076527223 0.747919350 -0.496189511 -0.398166572 0.189409600 -0.349984403 0.768690475 -0.320459612 0.270184194 -1.004932632 0.088215985 -0.856437674 -0.864642529 -0.669485166 1.482887555 -1.164779506 -0.261896067 0.842238716 1.482818044 -0.356780091 1.438273654 1.327874552 0.800038507 -1.130317524 -0.614394480
13.780599096 -32.813519931 -8.530438714 -0.659584591 -0.001099759 0.732694915 -0.167645815 1.827236959 -0.128714638 -0.372444277 0.651123565 0.951002159 0.315759094 1.505587002 1.120456548 -0.058054160 -0.703511421 0.354591454 0.043437445 -1.170871473 1.884399448 1.144202663 1.989078881 0.420457834 -0.836944861 -0.882461536 1.549710100
9.752636119 -35.306096698 -5.016204298 0.244892835 0.202255145 0.831178175 -0.456358628 1.497658333 0.864795171 0.277675289 0.771006861 0.410400259 -0.035040537 0.524756202 -1.863262208 0.024791422 -1.021019728 -0.271013811 0.060441001 1.077374516 0.610023006 -0.226051775 1.387389942 -0.258644516 -0.780976824 -0.111825290 -0.639976407
13.204987788 -36.912736422 -3.092320244 -0.579269029 0.238604783 -0.284695826 -0.725578001 1.467424728 -2.366918661 0.347988558 0.472485092 -2.046563083 0.220622594 -0.849052132 0.872859262 0.350094017 -1.025090151 0.035010092 -0.870052015 -0.216618047 -0.935950485 0.438021315 -0.623387479 -0.778902219 0.615754089 0.024877096 -3.123928250
9.913945785 -33.404713772 -5.329515728 0.298038334 -0.351183002 0.864563985 0.200929755 0.206777967 -0.516527570 -1.463140633 -1.246325043 -0.321237373 -1.402002512 -0.246926285 -0.087709412 -0.679078781 2.327571767 -1.956072324 -0.340693395 -0.202402818 0.075748668 -0.508638114 -1.790823570 0.326948782 -0.508452537 -0.152999755 -2.150967157
7.493960503 -27.265532064 -3.957672879 -0.671053050 -0.308895005 0.432774638 0.516698937 -0.003521571 -0.240437197 -1.150571115 -0.664146893 -0.156800836 0.284154824 -0.904068132 -0.297733432 0.818256157 -1.048238613 0.393603965 -0.996529223 -0.841180694 -1.143340078 -0.343693846 -0.834792056 -1.316452232 0.627686545 1.026292865 -2.659673162
14.577813438 -33.910476605 0.260140497 -0.224117118 0.937547281 0.213959660 0.158107168 -0.108016821 -0.926893624 0.365523408 0.023064379 -0.598744903 -0.056797585 -0.134820834 0.608278675 0.658657747 -0.853219095 1.603385469 1.137329032 1.562597725 -1.053433573 -0.354734147 -0.990872587 0.709408461 0.170248535 -0.349170852 -0.567639817
10.176309473 -30.033493584 4.494503138 0.640951157 0.441605548 0.183525600 0.600403621 -0.844087148 -0.549456919 -0.371007655 -0.967962901 -0.988013943 -0.664503423 1.386350594 2.022969584 -0.141404138 1.054127954 0.416555714 1.685701991 -0.553181227 -1.321668637 -0.512113072 0.812513085 -0.600512439 0.574960131 2.884832784 0.356069762
18.948830237 -30.396834274 6.479171235 -0.101769804 0.282510369 -0.899938472 0.316135328 1.544666174 0.359396167 -1.791977900 0.972157160 -1.236237957 -0.259271785 0.240711082 0.367503828 0.652833015 0.213223108 -0.920380952 0.059754404 -0.779781392 0.392819883 -0.271157405 -0.550354382 0.075313964 -2.039405646 2.166279879 1.247108361
20.557428320 -31.868911902 -8.320804226 -0.685097065 -0.196457417 -0.271878470 -0.646628636 0.397595233 0.172124008 1.754768534 1.074711109 1.424069594 -0.507464069 -1.012854732 -1.306555976 -0.475730535 1.301949316 0.517914230 -1.393835348 -0.321823825 1.280400912 2.764257067 2.158915119 -1.633318956 1.046585248 0.639006710 -0.142944945
14.556969228 -20.735461012 -6.070865897 -0.313311779 0.294759106 -0.780097524 -0.454313385 -0.158873742 0.144921914 0.670239868 -1.317969546 0.350521439 -0.063420685 0.430289201 -1.591120223 0.246784622 -1.191208214 -0.683620815 0.365969317 0.887461322 -0.387480143 0.254801466 0.460312472 0.296990363 0.179977098 -0.266678677 0.401598438
8.668344912 -27.562598584 -0.938862423 -0.281459590 -0.232501292 -0.761274716 -0.535895937 -0.143860430 -1.995102074 0.225471985 0.829407228 -0.056916491 -2.018078620 -0.574071533 1.678622813 -1.299120062 -0.805853986 1.284223339 -1.384028645 0.274028578 -0.109174191 0.542151250 -0.783714883 -0.116116775 -0.598257879 -0.132123739 0.836271986
12.878408718 -30.883309193 2.550553581 -0.514743507 -0.809900568 -0.277418175 0.046253088 -1.257075681 1.787730659 -0.621650754 1.280620352 1.594692274 0.492791428 0.223385802 0.243561844 0.564724521 1.189719619 -0.357143550 0.833779147 0.942237480 1.208370199 0.504240430 -0.098044551 0.988141156 -0.698644778 0.356467730 0.507761607
19.425801784 -37.405453913 -1.599319845 0.038029816 0.815033851 0.358272283 0.453778058 1.199699545 -1.798001087 -1.047722255 0.956720106 -0.578069213 0.701163913 0.740046926 -0.872365955 -1.118946293 -0.665240709 -1.104209062 -0.985343327 -0.062278515 1.794118475 -0.774213650 0.015589202 -1.576052997 -1.352559447 0.304259073 1.605473413
13.017166152 -27.748380554 6.949331974 0.334040703 0.671405811 -0.591356566 -0.296527331 0.783510657 -0.297572552 0.229614502 0.642237064 0.081746634 -0.661696467 1.324489547 1.087077113 -1.833741729 0.790149293 0.193011955 0.925465526 -1.171229748 -0.942858416 -0.653506688 -1.583544458 1.246549708 -0.800409207 0.462316215 2.269754558
18.430545532 -31.388754462 -4.466097741 -0.168935922 -0.305390636 0.638583490 0.685863207 -0.698201512 0.419900742 0.569903327 -0.512967824 0.874506276 -0.771366700 -0.452403619 0.502475299 -1.082225280 -1.685608744 -1.274357234 -0.867533968 -1.862027287 0.246388729 0.393527294 -2.124316494 -2.291530022 2.345212212 -0.137580356 -0.675007661
19.038244172 -21.991808306 2.008784112 -0.649397471 0.684377177 -0.246121404 0.222114967 2.211721617 -0.242597902 1.144627417 0.759090840 -0.344131393 -0.313426536 -0.611230635 -0.595687259 -0.998722044 -1.186375211 -0.378908539 0.606899688 0.674776223 -1.144640325 1.072558257 0.494777904 -1.570835242 -0.838893273 0.138131109 -0.119113434
17.333255123 -27.100000862 -10.039810405 0.818608048 -0.504500896 -0.234065615 0.143432904 -0.094663642 0.622696227 -0.000882265 0.437246942 -0.468581514 -0.321347354 -0.997988600 0.360509895 1.050493453 -0.429684851 1.539477946 0.060068720 -0.072423347 -1.456651930 0.586249142 -0.768417522 -0.902745338 -2.214833172 0.238191712 0.325283783
21.498091296 -28.669772979 4.114156251 0.802022433 -0.100561712 -0.463724976 -0.362776111 0.446357423 0.577883055 0.001671424 -0.869093626 -0.409984792 0.217793991 -0.785381026 -1.310144764 0.226703280 0.217640999 -0.217639547 -2.431373891 0.315237825 1.223662140 -0.224008354 0.385640461 1.779943781 0.742543930 -0.343362137 0.925400604
17.264943545 -23.003699207 -7.390709324 0.691477696 0.340134290 0.405532829 -0.491640504 -0.624208413 0.899625826 0.484372741 0.601020216 1.154841006 -0.412604926 0.955062300 0.605136754 1.019039650 -1.019035588 -1.404798168 -0.576206168 1.133745603 -0.385057247 -0.628641264 -0.060325694 0.229672371 -2.502104775 -0.419506458 0.870767396
24.437039941 -35.031500684 -3.557098075 -0.016664554 -0.981727347 -0.173996063 0.075226847 0.193805731 -1.986122709 -0.445867967 -0.590317023 -1.048589946 -1.707615164 -1.462835939 -0.758731477 1.445085459 0.766179523 -1.792047771 -0.723879498 0.110626925 -0.088370579 0.166478852 -0.161953619 1.911851954 -0.037491660 -0.850029184 1.261227843
21.762506018 -32.393106578 -8.781425659 -0.680810730 -0.594454651 0.232449146 -0.359287924 -0.639630858 -2.260895536 -1.383952993 0.086726937 -1.905653811 0.429758533 0.416710566 -0.393194153 -1.989057680 -0.874755051 -0.187908716 -2.266327429 -0.465860107 -0.728301516 0.710378611 2.035123570 -0.613202905 1.968485545 0.231660210 0.028049024
17.034669527 -25.704740027 -7.899547049 -0.084909260 0.895912670 -0.000794116 -0.436039305 -0.502062133 -0.917385265 -0.686794662 2.479302009 0.067767496 0.212731700 0.128834043 -1.768813962 1.756226579 -0.220802871 0.651919878 -0.859550077 0.257916538 -1.235657605 1.883297502 0.093615522 1.056443615 -0.345075497 -0.105445620 0.071164396
8.759120610 -26.547825513 -2.408851420 -0.287523258 0.236619793 0.188315246 -0.908778751 -0.638928550 -1.335535174 1.308098295 -1.840365046 -0.080629237 -0.514743498 -0.598065830 0.759130517 -0.218132378 1.445735823 0.416464760 -0.689284886 1.265314943 -0.537300319 -1.575908262 1.403940301 0.724358998 -0.927575175 -0.936965518 -1.073164971
21.656227539 -22.543092122 -4.884591781 -0.360751149 0.560564121 0.655970772 -0.354018109 1.078209441 -0.677431300 0.125783947 0.313980985 0.232161605 1.270757795 -1.230763038 -0.441770217 1.452844712 -0.708711283 -2.064861046 -0.591584811 0.767220650 0.386363180 1.242674160 -0.332306918 -0.307536101 -0.510035281 0.593198575 -0.153506872
23.935076517 -23.835953044 -3.811483013 0.129603592 0.158573244 0.064758845 0.976659473 -0.208191665 1.356227003 0.713145022 -1.101204650 -0.706070260 0.873553225 -0.270661270 1.088154121 1.903130927 -0.359651354 -0.644120163 1.611918006 -0.841898579 0.000025734 -1.423111266 0.244835586 1.811906127 -0.915225502 0.955651733 -0.553434627
17.768763639 -38.064634862 0.494238910 -0.112129540 0.234104073 0.391327890 -0.882884325 0.420779998 0.001000456 0.590921997 -0.211194893 0.101668326 -0.549468894 0.682008107 -1.433721908 0.440932262 -0.713095675 -2.024296643 2.063752385 -0.461507807 1.534865377 1.073897294 -0.316535449 -2.110285102 1.238607025 -0.890666850 -0.438832305
18.007053835 -28.535209031 1.781092759 0.633756618 0.543695248 0.532219717 0.139607303 -0.851201846 -0.842708477 0.384837030 -0.587339961 0.218485996 1.417443266 1.623489211 3.080539202 0.020954187 1.986278075 -0.224670428 0.709271077 -0.823036142 -0.128978745 1.495143904 0.098235455 -1.501940518 -0.884464294 0.071125616 -0.398953120
21.573188845 -31.202871547 -4.896652881 0.748731845 0.127469236 0.559456006 -0.331905401 -0.772452556 0.873189910 -0.616274497 -0.917662428 -1.096814649 -1.755660476 0.322855971 1.321478691 -0.602968431 0.375644414 0.385345559 0.766610214 -1.298314702 0.798637194 0.118997483 0.453750525 -0.126287588 -1.129253840 -0.300064105 1.667831362
24.208162655 -26.757532627 -4.605358871 0.325326163 0.719293941 -0.007390207 0.613778868 -0.829187851 0.109740825 0.035256007 0.855697510 -1.196288111 -1.045232604 -0.422765071 -0.047491723 0.503563504 -1.686381479 0.266583824 1.198281248 -1.323138838 -0.633114806 0.607365393 -0.358273692 -0.677247894 -1.609123057 -1.362162937 -0.283497411
18.582059258 -30.287730351 -10.337261872 -0.947705162 0.087133839 -0.123640522 -0.281026050 0.373821213 0.406383234 -1.763079725 0.094181536 0.522361274 -1.570329039 -0.272999454 1.143993534 1.180151178 -0.945287717 -1.157267843 0.041985968 -1.233013933 1.336130812 0.657476847 -1.762798540 -0.051290690 0.643545258 -1.295709961 1.482758857
10.783558682 -32.017184075 -7.524913593 0.212579966 -0.065650097 0.969207779 -0.105527742 -1.323707638 0.412470551 0.991071376 -0.270001580 -0.772166871 -0.276997122 -1.467680686 0.669319960 -0.688280131 -1.376503783 -0.000263128 -2.199282814 -0.497325180 1.396955970 1.660142341 -0.376022894 -0.716099256 -0.313775798 -0.900740485 -0.980876484
16.718746278 -34.445490837 3.517630730 -0.566440211 0.514401934 0.493745680 0.413220694 0.433550237 -0.288935805 -1.455990483 -0.261147618 -0.083131399 0.544075460 1.139490077 -0.202034837 1.970005899 -0.776360835 -0.786088578 0.464356977 0.319784118 0.260867465 1.674696594 0.769079647 -1.885043476 1.476529455 0.085848284 -2.576802348
24.899150035 -29.368079968 -0.663610347 -0.291319407 0.422045492 -0.848336968 0.131662424 0.456148102 -2.209143378 1.121453369 0.748367701 0.715367830 -0.980244695 1.150011261 -0.393791861 -1.395004448 -0.534106996 -0.074444297 0.900814299 -1.453429882 0.826131595 1.149328060 -1.272511998 0.653812033 1.389854576 -1.718396348 1.084384988
11.185705727 -29.736955225 -9.444215848 -0.085097987 -0.056108720 -0.990887956 0.088040912 -1.404633055 -0.913774864 -1.488746130 -1.073624002 0.148790564 -0.010186073 -0.362564401 1.127612499 0.405653011 -0.279819320 1.117429009 0.420588211 -0.826530975 1.198456670 -1.286903892 -0.137789405 1.943216557 -0.608821122 -0.390302152 0.020805708
12.970378259 -29.117381047 -8.150348187 0.945551738 -0.288652332 -0.069761050 -0.133210878 1.158698850 -0.728385119 -0.502355199 -0.368109916 0.029891395 -1.185374055 1.138340176 0.391766523 -1.222737235 -0.268777945 -0.276535970 0.065784520 0.565752937 2.112192876 0.124300903 0.658939002 0.252532933 -1.571685977 1.440909310 1.690255738
17.288351125 -24.383975290 3.894400801 0.055474246 -0.944442255 0.214148531 0.243088134 0.494647698 0.559279384 0.271418161 0.066159507 0.183184608 -1.643403929 -0.019141522 -0.151161557 -0.963843384 -0.709080508 -2.521169525 0.069942063 -0.404670803 0.766583766 1.286582372 1.135405699 -2.375823304 -0.417977669 0.379391646 0.729324687
22.681507752 -29.531505453 5.025326233 -0.397501757 -0.010841857 -0.649490362 -0.648102674 -0.546469537 -1.134473976 0.156302512 0.415907180 -0.790917906 -0.032442127 2.486987122 0.200414346 -0.864657404 -0.387584318 -0.296157606 0.031266078 -0.976446238 -0.312877615 -1.313945305 0.399162322 -0.130119716 -0.151823494 -0.399303505 0.435187571
17.863202381 -36.347437402 -9.111129406 -0.679995120 0.662818661 0.062720935 0.307154919 0.061439543 1.761564358 0.742075905 0.630835153 -0.493990434 -2.660675944 0.191829552 0.285162470 -0.623999825 -1.544114899 -0.150202731 0.469857870 -0.723318746 0.842245815 0.916933445 0.647000011 -0.178612556 1.227146825 1.316881299 -0.098447787
21.723171282 -28.094309491 -8.653321574 0.538275172 -0.363313425 -0.006884615 -0.760405021 1.172352759 -0.404302072 -0.177158372 1.849818072 0.588447854 -0.472022592 -0.935080270 -0.460367363 -0.066100185 -0.447090970 0.864905789 -1.238622264 1.112538659 -0.147881449 0.110455835 -1.189090348 -1.571457913 -0.262084397 -0.434938994 -1.511605013
24.329609477 -34.821657728 -3.686894632 -0.159376208 -0.792352618 0.162179986 -0.566104412 1.155947895 -0.843655772 -0.745889516 0.740381185 -0.336434594 0.893725528 -0.475519445 -0.645802920 -1.468439172 0.165872729 -0.280907629 -1.458431691 -0.169622504 0.264433450 -0.793854129 -1.563386687 0.495523893 -0.306976991 0.618644370 -1.678249392
23.567052862 -36.390975703 -2.839858686 -0.512273910 0.068460375 0.611894352 -0.598726917 -1.376727372 -0.379947004 1.012389694 0.249276048 0.893091606 2.213847267 1.150935652 -0.034273862 -0.147719382 0.067468167 -0.769714468 1.247339006 0.643499681 -0.495675503 0.962444525 1.111871597 0.439630715 0.626494871 -0.352115238 1.431767107
11.329220731 -31.240904055 6.095458581 -0.436898025 -0.269345892 0.667398214 0.539585518 -0.101507388 2.728323773 0.682864383 0.046566365 1.710918172 2.013868277 -0.142218029 0.765100193 0.234857895 1.569043793 0.135165775 -1.823243091 -0.734843276 0.079401797 -0.617389621 0.582439959 0.389125512 0.360414079 1.379328594 -0.037795881
20.893249953 -31.850066086 4.335387778 0.540293334 -0.741664586 -0.180420427 0.354210708 -0.339460292 -0.642300933 -0.886357544 1.063966042 0.549554236 -1.518148483 1.281038619 1.093966769 1.173550118 0.462265205 0.237743927 -0.146889987 0.569190224 -1.946272495 -0.732931982 -0.711175656 1.344978861 -0.356134767 1.865066984 0.405077203
19.028150507 -36.546574912 -3.060823492 -0.332410870 0.084012349 0.767765247 -0.541277622 2.153138525 -0.224528637 1.550376153 -1.936319113 -0.099190085 2.042457789 0.355535861 -0.944194568 1.117492344 -1.063333660 -1.323299174 -1.571109136 -0.205957456 0.885464422 1.247022448 1.607564107 -0.140703232 -0.116555072 -0.593002020 0.562069354
24.093984179 -26.980842164 0.531923996 0.193869140 -0.878243730 -0.345930870 0.267272408 -1.565647089 -0.293435249 -1.298205212 -1.398951502 0.956269599 -0.696599954 0.620221922 0.040200900 0.105347517 -0.879561604 0.345397589 1.536918348 0.342187870 1.180029984 1.344781602 -1.739360748 -2.206523024 -1.274295338 -0.492217923 -2.053324701
22.073125837 -29.154810686 -10.496050515 0.294238739 -0.359941408 0.835129177 0.293981301 1.090455279 -0.978386131 -0.016362806 -1.114832694 -0.429898165 0.340931093 0.716452654 -1.772665385 -0.718118889 -0.415582740 0.528759774 0.752539807 0.752872067 1.413001688 0.109758723 -0.214725753 -0.007484701 -0.505596712 0.424928548 -0.011606363
16.934570432 -34.723468281 -5.238602553 -0.339017929 -0.211578913 0.915621516 0.044027792 -0.280941285 -1.070721904 0.578743147 1.599156231 -0.790197819 1.312150866 0.296700069 1.173702712 2.274361845 0.904134846 1.903314136 1.767478636 1.094459557 -1.287431496 0.305685999 0.659661667 0.611357235 0.920782512 -0.126304735 -2.081392140
13.307368633 -29.763402382 -10.963361500 0.855843183 -0.461834779 0.089082996 0.215186669 -1.361278324 1.226188742 0.913324980 -1.121487581 -2.285809252 -0.278949116 0.130816943 0.856764518 2.187902112 0.987847466 0.250311162 2.257355277 -0.471752043 0.368478396 -0.659198933 0.565418836 -0.039130316 0.502206114 0.584482572 -0.228624127
22.059796613 -27.647299316 -6.869490650 -0.059372238 -0.528931662 0.182970067 0.826576185 -0.445249264 -0.936383112 0.803535846 -0.962411636 0.995063176 1.150086880 0.043039238 -1.066577319 0.193646309 -0.118924221 -0.531502331 -1.400195802 1.403004422 1.951063631 0.155836604 1.051608222 -0.919463699 0.032450336 0.624549611 -0.504132236
22.878592654 -29.578185828 3.238286426 0.207353106 -0.419188070 -0.427892593 0.773430010 1.545184467 0.300461096 -1.705683377 -1.741097534 0.275486104 -0.264436929 -1.899347194 -0.633006313 -0.708267150 -0.128248933 -1.085904084 0.541875716 -0.048637478 -0.570276162 -0.302863111 0.117555144 0.022327656 0.381383264 -0.303177550 -0.230073073
23.297136962 -23.971696168 -6.373935503 -0.228462594 0.530163510 0.207646493 -0.789692618 0.959087346 1.555001371 -1.039621988 -0.991015014 -0.910723510 0.725822048 0.245297152 -2.123041458 -0.411359103 -0.452734051 -0.601803173 -0.188933598 0.858024718 -0.257550612 -1.523553437 -0.828334452 -1.255150165 0.253077704 1.619689446 0.397530050
19.319871700 -35.344830711 2.847261893 -0.055707332 0.219088990 0.940595720 0.253330614 -1.565396203 -2.894388873 0.457606860 -1.229732998 0.440596852 0.387218588 -0.144109727 1.526653788 0.117556660 0.382849415 0.946508717 -0.343863900 1.263020695 0.533081679 -0.317898008 2.876495138 0.634279670 0.224393752 -0.542209778 1.593530854
15.867550633 -27.324849588 1.874506275 0.839680119 0.411285171 -0.314538866 0.163850869 -0.540850892 -1.699254103 -1.103782176 -1.495370528 -0.688181971 -2.537761660 1.775677909 1.123641929 -0.556451069 0.275146055 -1.522221298 1.208274253 -1.089510559 -0.220170327 0.964326809 -0.408003291 0.493995352 -1.494009062 0.215517008 0.723363422
22.359783955 -31.536357505 -10.042758737 0.348426775 0.168375946 0.914482971 0.118191451 -0.947918248 0.141250975 -0.755228232 0.997773568 -0.048116913 0.170567998 0.411508187 -0.224016931 -0.565393093 0.589142680 1.550955168 0.171064872 0.442264583 0.452359104 -1.247749076 -1.407761962 0.639364124 -0.542560234 0.237461735 1.047178801
7.778227936 -32.605752661 0.564135376 0.528130604 0.617867848 0.559048227 -0.163653499 0.638197041 -1.229299051 -0.044506627 0.250336355 -2.034817206 -1.354479000 -0.580546960 0.545824481 0.549903547 -0.343889042 -1.340746708 -2.668370651 1.738092565 0.502039622 -0.178846027 -0.251503173 -0.316977571 0.706066167 -0.624513470 -1.605380007
12.288505663 -35.696856060 -7.435086454 0.862968940 0.240050199 0.421036553 -0.142789119 0.467926579 -0.829308590 -1.132029542 1.149642153 -1.290095772 -1.107202143 -1.647872132 -0.159328330 -1.226442962 1.578721069 2.386977067 -1.034028156 1.562878376 -0.477923880 -0.011677385 0.453099200 0.882418996 -1.800097921 -0.768598739 -0.938782664
12.067044639 -21.159328340 -3.590119156 0.702623556 0.675053223 -0.098584073 -0.202248522 1.129657100 -0.333402612 0.548866159 1.434830792 -2.465395295 -1.409940835 1.157329136 0.032211566 -0.869758175 0.377047697 1.057929637 1.774564132 -0.722165886 -0.436964950 0.833810546 -0.460865580 -1.423972575 0.493750455 -0.241444735 0.126774351
21.928065568 -37.615807819 -1.638756906 0.676109152 0.663073172 -0.174845080 0.269517313 0.948839449 0.241065218 1.384654779 1.526227421 -1.702285659 0.391964628 0.366593803 -0.475716719 -0.565330700 -0.756042702 -0.879621925 0.420628571 -0.268645934 0.310458124 1.386948041 1.397729406 -0.551323654 0.647616587 0.039117360 -0.687206002
10.852920858 -24.838101735 -3.356827795 0.419649217 0.298170076 -0.637793647 0.572894759 -2.056808463 -1.510703359 -0.989708923 -0.603429980 -0.168632560 0.130373875 0.255959589 0.776607580 1.359354701 0.561267023 0.470429006 0.710565181 2.091319410 -0.785168746 -1.485141163 1.409413446 1.590128184 0.328756634 0.659216282 0.679473049
17.129053919 -35.908204011 2.070820936 -0.312194635 -0.376297408 0.210770940 0.846469363 -0.210465098 0.028683514 0.778018679 -1.050857675 1.112199071 0.670407295 -0.653995687 0.524134645 0.549009675 -0.073199356 0.680298183 -0.675609787 1.384998595 -0.538194885 -0.860039528 -0.143101859 0.182189827 0.719257869 -0.442290115 0.345939300
12.755932354 -23.033968005 -4.773489148 0.078042499 0.937652027 -0.267430879 -0.207843139 0.107531434 0.920285942 -0.638005671 -0.031476288 0.154149460 0.183062085 0.045433428 0.177437645 -0.240855023 -0.448413226 -0.890918458 0.748756310 2.496210393 0.673159942 -0.023233099 0.228498377 0.558768340 0.001305455 -0.977625745 -0.663006142
15.907369126 -23.364540347 -8.199283235 0.436332756 -0.028950082 -0.358865641 -0.824615711 -0.127820775 1.659726722 0.535326385 0.262683975 0.839859157 1.029300769 -0.787086813 0.682832794 1.068734543 -1.762660288 0.186131475 0.470077620 0.550813760 0.537241305 0.471824177 -1.314578870 2.170813195 0.020319807 1.503299466 0.828033603
12.275202121 -28.289798046 -9.310836225 0.102416917 -0.203627543 -0.910102625 0.346063306 0.172301598 -1.064492869 0.383634649 -0.310320476 0.936425997 2.757771871 1.628886727 1.218398088 0.739503802 -0.517448285 -1.068522635 -0.598215361 1.025332562 -0.184366130 -0.085070508 -2.641041383 1.190098970 -0.728509894 0.796846487 1.211565129
19.468374806 -29.686887135 3.088375718 0.163503339 -0.447119540 -0.824362777 -0.306229958 -0.643713268 -0.642117448 0.287528131 -2.414234559 0.173462762 0.595013239 0.413682727 -0.543371206 0.080776570 0.700459730 -0.045963602 1.770648888 -0.224899052 -0.022635144 -0.535638126 0.735471953 -0.367010946 0.745906499 0.629193248 0.519779972
13.804739140 -30.252031032 3.425770959 0.525980552 -0.439114970 -0.444885757 0.576714111 -0.222650652 1.108102317 0.870625631 0.536036506 -0.615088112 0.118430309 -1.488758285 0.834854505 1.553174669 0.016556175 -0.040935985 -0.694528455 0.411470653 -0.599748393 0.664386094 0.051652922 -0.030803346 -0.059637671 0.684521940 0.167189060
21.039807565 -31.505396740 6.336215758 -0.555816797 -0.660567116 0.485598990 -0.137522343 0.680086454 -1.151734737 -2.087164828 -1.196474652 -0.934204044 0.319719808 -1.527826091 -2.344609119 -0.789177373 -0.470540992 0.123344008 0.460302183 -0.044963530 -0.610382700 -1.180073824 -1.341457251 -1.387772074 1.009713891 -0.127542489 -0.377312586
15.388840081 -25.830797970 -5.581558435 0.340657520 -0.838336815 -0.393345531 0.162551936 -0.159028796 1.292285543 1.401087045 0.762630696 0.502194077 1.183794001 -0.923776139 -0.852567848 0.555506972 0.033336228 -0.171428386 1.568425317 -0.475674570 -1.011178083 -1.650349434 -1.403977660 -1.366192824 -0.195807324 1.287315862 -1.043079694
7.821676773 -34.212794650 -1.153694074 -0.326068600 0.379856119 -0.594977360 -0.628800874 1.018461645 -2.157128318 -1.569520269 0.193123802 1.499752158 -0.719164872 0.784166770 -0.163407271 1.078106417 0.340311591 0.954114675 -0.417165400 1.480967904 -0.300060220 -1.961264812 1.193845999 -0.539723592 0.825786189 1.188348762 -2.356527404
17.239609560 -25.112027171 -4.021103835 0.271271452 0.701286287 0.263497348 0.604300001 1.278362723 0.379833628 1.597704734 -0.393905036 0.254069249 1.231586507 -1.167869293 -0.555349062 -1.525038480 1.922112874 -1.069387519 -0.754426002 -0.103828269 0.001124252 0.158511632 -0.019049111 1.149831904 2.050386194 -0.290439756 -0.285201090
21.879459618 -22.238526134 -5.835106715 -0.448836293 0.030874273 -0.636273882 0.626696344 0.249449863 -0.279519575 0.696236661 0.598004557 1.039016548 0.328556839 1.295059056 -0.124962567 -0.575067225 0.191057020 2.305642503 0.208067944 1.123868837 1.040025685 0.835437740 1.389791215 -0.257641816 -0.317190745 0.104007808 1.130370688
10.807404110 -32.409333345 -6.719423303 0.816904348 -0.067299834 -0.366765750 0.440023754 0.204419243 1.224698065 -1.681280946 -0.433564192 -1.118543357 -2.200409188 -0.165600122 1.557024488 -0.084727294 -1.360116219 1.592083732 -1.120340901 -2.831737741 0.187539770 0.230063010 -0.269885309 1.754852865 -0.217226341 0.663647456 -0.528233264
13.945094586 -28.369905989 -8.961734410 -0.183049738 -0.980164797 0.073116161 0.020586209 -0.623927137 -0.427873845 -1.195926887 0.810894276 0.493788982 1.033215955 -0.755145671 0.087306761 0.410259186 -0.146367744 -0.424110378 0.610983746 -0.906727298 0.222514232 -0.108439679 -0.221393425 0.026846750 -0.397406522 1.580713482 0.167861559
24.163295780 -28.095801667 -5.251402277 0.820268053 -0.172795270 -0.360403291 -0.409159607 -0.045906713 -0.130582511 -1.224772778 -0.265717476 0.915210848 1.137889744 -0.980834216 0.683424558 -0.287151756 -0.097116632 0.721227421 0.853914134 -1.413744108 0.212766649 -1.195299576 1.056786152 -0.250080873 1.360567712 1.284895517 -1.460466433
10.304601839 -28.964821347 -6.779275630 -0.538766015 0.683175250 0.315123720 0.379077564 -0.701185996 -0.059415252 -0.481798610 0.673317171 1.465503753 -0.206260048 0.069491481 0.317723441 -0.351544275 -0.807560149 -0.114326063 0.716816363 1.339833659 -0.744464958 -0.446912408 0.547905000 0.042127431 0.391467717 -0.379860393 -0.018789442
23.080235657 -35.355924298 -1.778110462 0.478467207 0.347953254 -0.753515225 -0.286727170 -0.276283337 -1.097410812 -1.703501751 0.921750013 -0.021733361 -0.187920571 -0.443069441 -0.987067194 1.004083250 0.252250258 1.602633732 -0.517175108 0.399122741 -2.370092897 -1.475401563 0.651966519 -1.409333382 2.238467040 0.302195677 0.161415565
10.445927057 -31.196050795 -2.311148646 -0.712607807 0.243168925 -0.639990720 -0.153202039 -0.211144969 0.806893339 -0.684098822 -0.273196067 0.079932556 -0.139505924 1.786099201 -0.600283686 1.025521352 0.666783297 1.222626602 -0.607871376 0.973529426 -0.271467076 -0.040728424 -0.365055229 0.244336266 0.744671394 0.248671217 1.758481273
20.713766607 -32.092537189 5.921061077 -0.708233055 0.101273968 0.483210550 -0.504635599 0.004819157 -0.045704163 -1.118726260 1.193402925 0.815253253 -0.038495824 0.940578026 -0.780289925 0.826451784 -0.384230186 -2.086222438 -0.365879224 -0.696570620 0.776010560 -1.507175778 -2.129119070 0.567733834 0.779440485 0.712048071 1.659333603
20.412154877 -33.370759681 -1.718258604 -0.940331197 0.227764754 0.006094897 0.252711909 0.477966384 -0.692023926 -2.334522439 0.813857319 0.091635390 0.010909139 -2.054789895 -0.326187537 -0.780364511 -0.145259570 -0.657925773 0.267275628 1.132357304 1.332753951 1.128440928 -1.513408235 -0.666573781 -1.227128066 -2.336622832 -0.292016471
14.166440880 -31.325922025 -5.469708639 -0.035878114 -0.298740864 0.080808786 0.950229760 1.137041236 0.680100868 1.308381054 -0.983442541 1.454245058 -0.390168971 0.775825694 0.303117919 -1.435877246 -0.961036068 -0.580979056 -0.988224992 -2.145180627 -0.077823756 -0.830015435 1.971669867 0.862931839 1.278189731 0.212558598 -0.061134837
8.499945265 -26.063994786 -4.563793662 0.163828393 -0.293234230 -0.837012578 -0.431953571 1.147768741 0.269135822 -0.286039846 0.471863228 -1.575794783 -0.561157019 -0.616344688 0.487541521 0.856102571 -0.670997650 0.677064810 0.302405844 1.209257815 1.906584469 -0.894163075 -1.230332606 0.365624764 1.534854124 2.097250417 -1.008332556
18.326386139 -33.735059872 -0.097892641 -0.793635823 0.169644076 -0.450772853 0.371708088 0.299493456 -0.876166619 -1.372097441 -0.494549714 -1.150142571 0.201604990 0.017519900 -0.790289336 1.127364802 0.978456470 1.358883154 -0.415009628 -0.201739049 0.235918093 0.004888177 -1.188737193 0.492536497 -1.834172477 -2.381452536 -1.251453218
12.040066326 -34.444624179 -3.847903168 -0.105263550 0.184517340 -0.023669841 -0.976889285 0.447866329 0.100177892 0.860306326 0.904653651 -0.031477365 1.106854563 0.348074302 -1.056125471 0.338257444 0.563689932 0.411479826 -1.261156446 -0.441037724 0.207515374 -0.905414340 0.952941618 0.872767294 -0.507926831 1.057998063 0.570987547
20.264980610 -24.531796272 -5.167670486 0.415182556 -0.825852174 -0.356719502 -0.135435699 -0.607800187 -0.908105065 -0.386464905 -0.101987077 -1.098162437 -1.049664506 -0.275505908 0.737223343 -0.058315006 0.838568823 -1.295969927 -1.464291079 0.012961772 -0.231576242 -0.281921124 -1.497516564 -0.663100962 -0.155241196 -1.011784242 0.401180701
19.250877349 -29.836468360 -1.929075194 -0.360822226 0.539740093 -0.715594032 0.257707460 -0.519667486 0.175756154 -0.189505499 1.407415788 1.792840756 0.089384430 0.421229073 -0.096367914 0.662259133 1.092286494 1.133589884 0.610875905 0.466767473 -1.330307066 -0.126907928 -1.624738746 1.019103132 0.964677624 2.402851156 0.584612061
10.987494106 -33.587281451 2.720216783 -0.695783748 -0.579455528 -0.401311851 -0.138076298 2.106563059 0.664411566 -0.765034305 0.922416890 -0.932908303 0.403136811 -0.754670694 0.082324873 -0.624280640 -1.207082609 0.671103267 -0.251397749 0.643767016 1.016824031 -0.251347904 -0.404240661 0.857059115 -0.980432933 -0.498663201 -0.320590041
22.170011609 -29.642837881 -4.914432825 0.366001013 -0.339866445 -0.735012524 -0.458574582 0.444657884 -0.750466335 1.971003769 -0.223967940 0.021129717 0.029059380 -0.565316980 1.106144909 1.858124554 0.949850775 -1.291631584 -1.119374487 1.183133643 0.100952143 -0.815033755 0.102335454 0.262604290 0.414030787 0.448269198 1.046050252
18.545757187 -33.193132931 5.326741390 0.723539693 0.240857499 0.129213802 0.633862581 1.086440762 -1.844676578 0.291581654 -2.268549826 0.470479755 2.244779437 0.622644637 -1.369262102 -0.789944754 0.293063707 -0.636052294 -2.618181188 0.877530022 -1.544024785 -0.430345744 0.686101949 1.220900788 0.436077074 0.886093349 -0.149154039
10.176916261 -34.540859986 1.724471802 -0.884259235 -0.336742108 0.121925652 0.299707347 -1.987920661 0.412976848 -0.326184762 -0.483794304 -0.931886978 0.737534641 1.970755435 -0.805086771 0.785887193 0.080045272 -0.112741703 -0.415383575 0.971203942 -0.932320648 -0.066012251 0.458529373 -1.486711726 -0.273130007 1.366365547 -0.115328584
17.300708400 -38.503966117 -5.801538228 0.359884097 -0.196370599 -0.536484104 -0.737635974 -0.752560265 0.498258448 1.381988393 -0.572156564 -0.638335457 0.492805368 -0.683066516 -0.145174372 0.384554552 -0.119674465 0.083621069 0.719475179 -0.295211944 -0.030317126 0.683833524 -0.980770229 0.446580923 0.278117362 0.438612211 -0.041782474
14.845493178 -33.850812229 3.745349051 0.974714635 0.132250577 0.084350317 -0.159142039 -0.465594103 1.029944528 -0.971222261 0.199114430 -0.372880814 -0.012004779 0.803424569 0.429898239 2.299181262 -0.092110945 -1.501636696 0.456660037 1.284691178 -0.612747472 -1.029050585 0.271259237 -1.016102027 -0.699583161 -0.789975050 -1.647749252
17.970372375 -29.968359042 -0.567057102 0.088672992 0.761904094 -0.475707726 0.430512963 -2.449012212 0.098689581 1.176456542 -0.117637891 0.066898890 0.353165156 0.658140885 -0.974957588 0.007693631 -0.852099758 0.581190840 0.225676835 0.519736776 -0.080220820 -0.111957731 -0.824573280 -1.411308680 1.023574377 -0.281060461 1.086469819
13.961006710 -25.997080311 -8.754248686 -0.100747629 -0.692342749 -0.392028072 0.597348662 -1.172073639 1.809130228 -0.136767377 -1.330392293 -1.337511796 0.963317015 -1.487369789 -0.748965169 -0.088677821 2.270445294 -1.226003321 1.585837323 1.166308486 -1.325897436 1.052953721 -0.906414617 -0.465055823 -0.869611257 0.818704029 -0.202024518
14.380285705 -34.567980557 -6.222750655 0.598643742 -0.526223857 0.559147416 -0.228184771 1.372944339 0.332697631 -0.703617723 1.330098779 -2.042281676 -1.680613213 -1.395308546 0.363453254 0.194426513 0.675696181 0.502801942 1.032245652 -0.474333948 0.501117749 1.072227886 1.331599673 1.277022148 -0.575516797 -0.836044971 -0.359744141
6.718430675 -29.453125000 -1.494918026 -0.441303601 0.209050515 0.790812172 0.369005585 1.245834221 -0.139452060 -0.471487975 -0.637899513 1.373686774 0.992576750 0.441412213 1.103667492 1.903031165 0.952195284 -0.411714360 -0.313312701 -0.590379188 1.516955316 -2.109549909 0.351573825 -0.054263292 -0.597041153 -0.776737747 0.390610269
10.576571818 -34.585500125 1.542027574 0.765757065 0.462826042 0.421439999 0.147636378 -0.329402270 -1.518045382 -1.444257617 1.741549877 1.139813999 -0.833710231 0.463404007 0.023194214 0.192101129 1.364989015 0.284506214 0.104008677 0.712199861 -0.351795341 -2.233268768 -1.518923011 2.033400061 0.271039842 0.433475852 -0.886295932
11.424626144 -21.325909781 -3.972433148 -0.002022211 0.563573413 0.508500253 -0.651005692 -0.772848065 0.665336332 -0.494424940 -1.458122588 -0.771749309 0.441490458 -0.109994628 -0.312331314 -1.351952597 0.971984604 -1.282373332 -1.596693474 0.794829001 0.173041934 0.164418022 0.195572167 -0.774787281 1.203129698 -0.864942016 0.251168222
14.162824234 -25.166778336 5.435331275 0.035133610 -0.205106665 0.851823487 -0.480721991 1.065170650 -0.443851055 -0.039757266 0.616029948 0.479197155 0.074609210 -0.180332962 -0.466230786 -1.688127195 0.283041707 0.393024588 1.768673180 0.738907115 0.730820860 0.451492897 0.455514892 -0.329929797 0.663559559 -1.101394338 0.636440398
17.114241593 -31.261099488 -11.951314299 -0.471092216 -0.276307190 -0.350299882 0.760931307 -2.611329407 -1.632621883 0.401760577 0.767323014 -0.477881808 0.210185623 -0.306576197 -0.310334138 0.616186456 0.340669829 1.963988179 0.219031352 -0.681378912 1.313009088 -0.139012958 0.157209226 -0.034532143 0.445330409 0.668976299 1.275599822
15.816237621 -33.067783060 6.517087543 -0.047388978 0.487456905 0.845312346 0.213511332 -1.310426506 0.037116151 -0.155751385 1.008735261 -1.475994156 -0.063012759 0.557663924 -0.762304297 -0.883845984 0.779499202 0.829759232 0.986983935 0.309270418 -0.159543071 -0.569154538 -0.705925365 -0.454215788 -0.165601208 -0.088190405 0.378655838
21.190734131 -35.472185287 -5.844214791 0.456583583 -0.543161788 -0.220386205 0.669280677 0.783355999 -0.625049496 1.504900638 0.650147049 1.119017477 1.776403869 0.138384781 0.356454170 0.330916814 1.306483750 -0.523623029 0.294702788 0.224882808 -0.826204017 -0.594071655 0.420865516 -0.572494227 -0.941362563 -0.307671831 -0.090855879
14.815858359 -28.202855058 3.972257373 0.336010348 -0.305248787 -0.683792046 0.571269343 0.450643807 -2.149956700 2.555462323 0.051131466 1.481908892 0.725545500 -0.107412535 -1.429245293 -0.137763181 1.798123673 0.102395857 1.180925641 1.994603410 -0.343599732 1.353482977 -0.648017862 -0.307811578 -0.257482540 0.043586107 -1.932398574
14.417474814 -31.847864618 -5.142147450 0.475738910 0.434560206 0.602158015 -0.471418754 -0.019490454 -0.405902321 0.290817481 0.029888314 -0.121631847 -2.008203511 1.165758038 2.751583937 -1.577153429 0.533148772 -1.447033932 1.334406069 0.102433906 -0.474516206 -0.667945099 -0.431491930 1.892929655 -0.721282688 -0.124597786 2.815350620
19.153483970 -23.617809967 -2.258071347 -0.215911109 -0.211925261 -0.943823937 0.132915209 -0.863713309 0.167443832 0.464044629 -2.311252648 -0.149251571 -0.714626864 -0.451541053 0.345375998 -1.110041787 -0.275312726 0.647266468 -0.418121940 1.302610441 -0.228970333 0.858257893 1.357159472 0.680479580 0.954000957 -1.431288541 0.472046602
22.571963960 -32.854348321 -8.632458732 0.350184322 -0.078390276 -0.896397221 -0.260188254 -1.751333137 0.661261375 -1.560445678 0.186254893 -0.102257767 0.294863251 -1.566755088 0.488027951 -0.229877148 0.493634674 0.551746264 -1.836503154 -0.927537662 -1.561019934 0.110107277 1.326989605 0.692440557 -0.472090068 1.407759936 -0.665221374
20.268925281 -30.736172055 5.359966669 -0.284437011 -0.316859706 0.046841715 0.903604652 0.890368636 1.232386073 -0.878469732 -0.700977137 -0.037009939 -0.248678987 0.439503409 -2.304369926 -2.340386261 -0.532238043 -0.827436190 -0.555996909 -0.166022036 0.442428111 -2.960995366 -0.711571273 0.167762313 -2.349807555 0.143122400 -0.383333494
20.403081004 -28.380665189 -7.006271388 0.696787784 0.673790060 -0.202704972 0.139299795 0.690891664 -1.168183673 0.879999064 -0.159213117 -0.880206222 -0.101128571 -0.259232900 -0.402359547 0.977686306 0.321969100 -0.992055389 -0.300946585 1.400648474 1.397181391 -0.463436111 0.190097931 1.147377675 1.313111726 -0.580513300 2.099297825
19.403486868 -24.886341156 -0.427186693 -0.051703418 -0.464045037 0.809779297 0.355311764 -0.606463764 -0.713583262 -0.553010030 0.728490865 -0.177171556 0.668485597 -0.094020345 0.398161062 -2.091844917 -0.816074019 0.649363420 1.993359082 2.227321356 0.197340170 1.470084849 -0.348478094 0.732098525 1.004210983 -0.027913570 -0.224335605
21.942811070 -31.112438665 1.149812362 0.417133185 0.253347580 0.285821515 0.824694472 1.203631020 1.871407113 1.661073191 0.238396369 -2.142493696 1.218403410 -0.153296490 -0.006619785 -0.750439466 0.252670298 -1.884044445 -1.315952611 0.057952724 -0.210410673 -0.162300438 0.848519471 0.565009372 1.894842617 -0.255347927 -1.031330426
14.028912629 -33.137086888 -0.328970867 0.132903651 0.081798298 -0.368504642 0.916433297 -0.162010808 -2.125652129 0.264505346 -1.255255794 -1.061335214 -0.263410543 0.202000033 1.437863341 -0.386863738 0.232582569 -0.422295962 0.602045410 0.216236185 0.429552574 -1.328133698 1.154130831 0.834159027 -0.798459606 0.509050790 -1.205083556
12.940718864 -28.881713914 -10.306346566 -0.568950387 0.371049573 0.705272584 -0.202998162 -0.646789676 -1.155116973 0.413619629 -1.788784736 0.114916100 -0.172023456 -0.512829026 0.107146439 -0.915049532 -1.106858890 -0.788007686 0.635433944 -0.056796748 -1.148695669 0.380984001 -1.224937151 1.908210088 -1.610567755 -1.282855117 -1.475641092
23.243057292 -31.676700164 -2.116573504 0.252626061 -0.113577545 0.338888293 -0.899130101 0.859754647 -1.554880035 0.576112557 1.680854038 1.412060940 1.493678305 0.142217330 -0.031812405 -0.139348086 -0.390992079 -1.068548503 0.059771041 0.081698724 0.854077933 1.640944953 1.666440051 1.469253087 1.062252511 -2.277512482 -0.239616088
13.489551812 -37.544670974 -6.841963443 -0.854159199 0.333434043 -0.348601763 0.194192203 -2.171919918 -0.883194867 1.475883046 -0.910960972 2.556094119 -1.703202985 -0.048975956 1.002556062 0.640227954 -0.785233432 0.151602172 0.935486590 -0.325957886 -0.497889658 0.475374114 0.287255937 0.104985112 0.386957704 0.386234148 1.824550533
11.234783222 -33.899511131 2.931060486 -0.439996577 0.188729082 -0.722011735 0.499483133 1.491641987 -0.425228150 -0.594506644 -1.539448061 -1.094308269 -0.867921931 -1.415115249 -0.005818175 0.216288792 -1.165454081 -0.499269327 -0.437336915 0.122178682 -1.219859628 -0.859748884 0.063031634 0.994484991 0.046655071 1.276372866 -0.812987699
20.608480282 -21.947887066 -2.533323646 -0.239055553 0.636720691 0.419725071 -0.601057459 1.555676404 -0.423295904 0.608577544 -0.574425935 0.608479905 0.715126395 0.297350406 1.162623655 1.357116435 0.935202149 -1.443463861 2.123498096 -1.450850134 0.949797761 -2.194235076 0.611045182 0.202109360 1.246989681 0.580248729 0.536624773
10.103706155 -22.810575817 -3.836483495 -0.510030905 0.130813488 -0.243431367 -0.814553544 0.328597781 0.162682744 -0.841305358 -0.382976692 -0.151487183 2.326178114 -0.055296851 -0.883939619 0.244976892 -1.454399673 -1.354272862 -0.094571506 -1.287194045 0.714087739 0.244567572 -0.902895970 1.513324828 -0.839631964 0.598943888 -0.622611860
15.491371345 -37.623990998 2.305216994 -0.789181023 -0.405056267 0.169650293 0.429350104 -0.037786717 -0.493960058 1.074975191 -0.636586848 0.173630060 0.358211483 1.627025648 0.608049043 -0.435011489 0.668553074 -0.786953488 -0.874413915 0.493998982 1.090240523 -1.217837466 0.650113926 -0.241473762 1.282990216 -0.252115010 -2.741680958
19.375006791 -35.480594200 -4.570883954 0.272793226 0.958678366 0.056226179 0.057950523 -0.301703086 1.322403356 0.089153583 -0.655621064 0.425829789 0.079161026 0.982223905 -0.323359432 0.211218506 1.665958424 -0.225035090 1.280520300 -1.564720893 0.014796781 0.348184141 0.038344744 0.122104591 -0.999037604 0.249626393 0.903961535
12.877970866 -33.566524860 0.259973054 -0.082470789 -0.419878638 -0.808273484 0.404468136 0.120020477 -0.495990293 0.418274847 0.025555078 0.279424850 -0.855587650 -0.030124951 0.454032760 -0.814964313 -0.319156643 0.444668540 1.265837981 0.689192374 -0.786104494 -0.573307597 -0.343644532 3.192886289 -2.154709801 -0.915990152 -0.098851513
10.900746253 -22.826580677 0.246201946 -0.013764566 0.399310219 -0.582505010 0.707848712 1.459971026 1.015406083 -0.488407993 -0.800521290 -1.185188406 0.260657319 1.362919852 -1.022688771 0.909281319 1.224277508 0.901237758 -1.002536740 -1.453334380 -1.275776252 1.116825069 -0.152097036 1.396425049 -1.323031586 -1.599360002 -0.283779938
17.951378181 -31.739347922 -5.456856101 0.514436595 0.581867375 0.583205661 -0.238026269 -0.022154149 -0.614238648 -2.063196783 0.297809914 1.972873920 -0.874939312 0.403790098 -0.680251766 1.097760270 -0.614652828 -0.612048768 2.095315502 0.790658387 -0.502598613 -1.298735398 -0.113551233 -0.973072713 0.928986029 1.412570484 0.511679123
10.310008354 -32.752083295 3.538512414 -0.918986126 0.361932908 0.150210725 0.043655571 0.914646702 -0.058781850 -0.330671144 -0.833150444 0.206424531 -0.795244219 0.273398519 1.831917959 0.571020527 2.637374922 1.469499170 2.256288121 0.713309226 1.190372068 -0.456391766 1.466935657 1.874616815 0.668766973 0.912892793 0.644410345
19.037014952 -35.541007512 -5.186999170 0.161567519 -0.080122255 -0.973393915 -0.141352918 -0.782764104 -0.115499072 0.064842928 0.157706216 2.052216555 -0.007218856 1.298119675 -0.267485700 -0.708938731 -0.201862358 -0.046049839 -0.839619679 -0.040005850 -0.303518175 0.008247834 -0.091107583 -0.165368729 -1.298600229 0.596746218 -0.526057613
10.302692879 -34.943085885 -4.408522280 -0.902222540 -0.123571862 -0.374096999 0.175430664 2.212545811 -0.705237469 -0.010052049 -0.236652083 -0.167561334 0.535648743 1.144684660 0.816371187 -0.784604430 -0.214487478 -0.756977650 0.764310441 -0.636300604 -0.468937087 -1.057427423 -0.467748211 -1.637079820 1.397663422 -1.090229271 -0.086159080
11.054383695 -25.008216914 -3.387273581 -0.162134990 -0.815466390 0.497761869 -0.246900654 -0.699110454 0.505039294 0.373245359 -0.080137843 2.535103467 1.646973821 -2.184099794 -0.008681890 0.164846621 -0.668096817 2.695139371 0.851946084 0.689290870 -0.648261526 -0.949239806 0.282289155 0.842595236 0.010816584 1.785145424 -1.650259693
15.850449047 -27.273657911 -6.719715302 0.536898907 0.477879251 0.441913815 0.536733793 0.239058184 -2.011838082 -1.490765946 0.694180732 1.199843830 0.508307658 -0.728323399 0.027235709 -0.984786062 -0.327675041 1.409910113 1.049184228 -1.022612431 1.623080874 1.777299270 -0.814965239 1.473177761 -2.294184583 -0.338406000 -0.216859471
16.747401707 -26.857382177 4.990060175 -0.494100242 -0.403609014 -0.159243546 0.753396448 -1.730008192 -0.425005626 0.667820980 0.855661839 -0.680479987 0.802776919 0.269771444 -0.692301862 0.265001984 -0.333211394 0.380749930 3.414648134 -0.943459933 -0.362391978 0.749718671 -0.376191477 0.067303711 -1.182590496 0.466287666 -0.835605723
21.287669481 -22.538333585 -3.144566930 0.860771766 -0.338922995 -0.009178274 0.379629990 -0.833840292 -0.374641245 1.576595189 -0.592533568 0.581859965 -1.248050917 -1.428523653 -1.500210839 -0.204120629 0.697556091 -0.626301674 -1.491007103 2.337723400 -1.106516296 1.119121024 -0.052654375 1.193260654 -1.370350532 0.361155931 1.902721115
11.056474322 -28.555838850 -2.482483721 -0.391940352 -0.166493963 -0.693565662 -0.581058683 0.908823595 -0.662272107 1.483570973 -0.572762183 -0.378182223 1.084195738 0.335295635 1.424545366 -0.206964407 -0.815836307 -0.779354426 0.506971540 0.824411080 -0.941005984 -0.620640155 1.198375072 1.091691157 -0.322453368 0.943237825 0.395733116
9.644533725 -31.041354739 -0.339837575 -0.181272449 -0.204337597 -0.908778786 -0.315448195 0.838726226 0.629843201 -0.848744756 -1.982505491 0.351687170 0.862383496 -1.796911599 -0.469057891 1.474451305 0.706215385 -0.390957153 0.320729944 0.828318222 1.757577563 -1.512571780 0.304256039 1.162216822 -1.668377163 -0.431699241 -0.529342744
25.895793047 -29.369284996 0.988758277 -0.973539751 -0.048368954 0.221359293 -0.029679305 1.002482433 -0.020692473 -0.169514749 0.739971882 1.755351851 -0.042130509 0.826102004 0.979102632 0.634285711 -0.709218682 -1.301701134 1.183771914 -0.499469215 0.352173900 -1.092956640 2.103049618 0.955821146 -0.740773723 -0.877201747 0.749254401
20.114488348 -26.857958962 -10.822970989 -0.519047913 -0.428508732 -0.737196446 -0.059253105 -1.208995346 -0.715680095 -1.031811309 -1.025924439 1.262631780 0.250797467 0.357486207 -0.543165345 -0.745864626 0.795512942 0.482641840 0.722696644 -0.796104469 1.320008358 -0.038400502 1.437551111 -0.276389215 0.826279828 0.481552388 1.981268383
20.674474082 -22.344396661 -5.985891123 -0.853371761 -0.064160998 -0.433193269 0.282813711 1.312941648 -0.042793694 -0.430053989 1.051100230 0.456110954 -0.085159484 -1.431780569 1.320731897 -1.883351649 -1.819830133 -0.494125339 0.353063800 -0.128007455 -2.052120054 0.649705994 -0.298491315 0.163740585 0.152447479 0.450333613 0.295474575
14.693100408 -32.342803281 2.234033863 -0.121114803 -0.239552274 0.545185605 -0.794177920 0.020408543 2.105344548 -0.527704948 1.288339786 0.641252624 0.193419733 -0.557631206 -1.080632086 -1.459016519 0.303242619 -1.455720572 -0.184144073 1.097275415 1.278338613 0.094918996 0.331739470 -0.422332848 -0.607494859 -0.616757722 0.103852797
20.189697778 -34.515389187 -9.798395375 0.200055489 -0.545975977 -0.639157574 -0.503354377 2.128022439 1.297391068 0.985112777 0.142036604 -0.800644722 -0.253144857 0.687274305 -0.965540053 -0.978461778 -1.252518003 1.303562127 -0.968490936 0.619360928 1.903574720 -1.637621461 0.749800148 0.989050276 0.857205313 -0.372994840 1.003719731
13.645896153 -38.459557085 0.244719015 -0.092588350 0.713488018 0.544233711 0.431476435 -0.270300430 0.118833374 -1.571169030 0.694660544 0.012773521 -0.482669029 1.049178432 0.560810478 0.178989579 -0.450373213 -1.012865459 0.045335279 -0.434812209 -0.041272428 0.599377686 -0.900973336 1.064944147 0.337556128 2.537088781 0.424702228
16.610985141 -34.143338407 -2.173848587 -0.821665726 -0.466622588 -0.289504899 -0.152694823 1.142361832 1.223401212 1.078480928 -1.061832460 -1.138953417 0.641201706 0.053764244 -0.118071897 0.481046025 -0.436139635 -1.774894153 -0.976378876 -0.795492935 0.155275922 -0.126128386 -0.451924522 0.415031202 -0.838635717 -1.502148903 1.207911830
9.377581129 -35.158718643 0.169749899 -0.738959902 0.666793779 -0.048359848 -0.083580172 1.178010146 -0.091492846 0.272791765 -0.131161493 1.298174308 -0.031424569 0.993614769 -0.448951655 0.893395677 0.457867697 1.476348916 0.468968156 -0.015953038 -0.258394259 -0.290276654 -0.474255163 0.265343645 -1.232351568 1.082424131 0.886988591
12.436585813 -30.432355935 -0.303693850 -0.098744819 -0.189886951 -0.753995508 0.621033961 0.995125170 -1.209763382 2.103157233 -0.733208736 -0.716256461 -0.117217055 -0.682032026 0.244203505 0.591051485 -0.551970917 -0.351174883 0.116400812 -0.879349251 -0.363438133 -1.008932577 0.890631350 1.775807301 0.167306521 -0.505500413 0.703231693
21.499322423 -28.051642716 -1.700408461 -0.603589856 0.137962112 0.434530797 0.654086178 -1.330660098 1.349965432 -0.706383255 -1.449601131 0.208929912 0.625673500 -0.778117543 0.575873735 -1.072969800 -1.392424869 0.876018441 0.295700385 0.751358002 -1.883773186 1.289721823 1.356424207 0.001238852 0.962931861 -1.824190091 0.491463380
7.761695824 -27.698771646 0.758153237 0.314778678 0.184969814 -0.026879030 -0.930579427 -1.306146429 3.755968492 -0.035596183 0.452775484 0.827491352 0.225642080 0.341411430 -1.057490046 0.999779016 -0.137545294 1.117150266 -0.948470439 -0.019069156 -2.401219054 -0.370876651 0.116145398 -0.301441154 -1.581677933 -0.384767457 -1.156610032
25.849778414 -29.522321009 -3.526878812 -0.321761991 -0.856048322 0.207251233 0.347415338 1.639702624 0.260727540 -0.128556718 -1.927551764 0.134935749 -1.135801211 -1.357688224 0.790793660 0.825472861 1.368240227 0.124422843 -0.007675761 -1.336494692 0.827515752 -0.563389506 -1.264239931 -0.694017904 -0.481652325 -0.764759110 0.135856296
15.421769012 -37.556043249 0.999764741 0.522767354 -0.679216292 -0.248075417 0.451484340 -0.417084675 0.008399602 0.542704438 0.588804360 0.922094379 0.738361678 -1.079471492 -0.156281051 0.158245746 0.238259506 0.716798635 0.369387026 0.257353131 0.746081749 -1.102957691 0.483189150 0.094000905 -1.410159754 3.135377194 1.610053867
21.271005627 -32.599260164 -5.625905079 0.377696289 -0.151641861 0.517246932 -0.752865108 -0.626250922 -0.820330492 0.599131799 0.644207834 -1.044055589 -0.423909913 -0.533875470 1.383412249 -1.245819349 1.084174167 0.246054213 0.629526760 1.011438955 0.192984920 1.219436386 -0.501219847 -1.083156928 0.303054146 -0.944765927 0.281532195
19.601525928 -34.708620745 2.612150998 -0.411865872 0.536436694 -0.579976676 -0.454124688 -0.131451762 -0.355233684 -0.621581618 0.600479556 -0.101546457 1.278152926 -0.945853985 0.372298537 1.477271894 -0.409010937 0.005721236 -0.658173226 -1.052318675 0.779586099 0.366841128 1.332474475 0.915883684 -0.816767560 -0.851704413 -0.520078416
21.513392493 -30.066426388 3.488401928 0.861085708 -0.368315873 -0.248026942 0.247704375 0.253554416 0.641321731 -0.250950279 -1.014695875 1.269429534 -0.369176334 0.497311718 0.192436239 0.964246908 1.083129478 0.239898185 -0.588965409 -0.708238548 0.416011821 -0.749830187 -0.940590443 -1.178146997 -0.329890772 0.343629406 -0.646481199
11.436913391 -29.869511840 -2.019437585 -0.686715047 0.273205697 0.086044454 0.668114843 -0.269039590 0.240584632 1.163562985 0.169703955 0.698784027 -0.241433801 -0.608774662 -0.770206440 1.878629828 0.490542705 2.025303215 -0.221283257 -0.566251751 0.852740700 1.252753035 -1.845356451 -2.145576672 -0.238935481 -1.357579966 0.743470531
24.501619291 -24.565471752 -4.179253629 -0.243494717 -0.456687084 -0.815966601 0.257576660 -0.079158235 -0.067205538 0.473939632 1.459832531 0.772520082 0.474547184 -0.216998868 -1.837026453 -1.244397248 2.571739004 -1.869527373 -1.972995339 0.710752648 -0.405562315 2.341968612 -0.875591162 0.842041660 0.439290986 1.508554969 -0.717838078
10.147999571 -25.962727470 -4.115831432 -0.446882383 0.349624962 0.787700265 -0.239972528 -0.007652901 -1.425742989 -1.340095962 -0.194310551 0.174488419 -1.831328275 -0.136121014 -0.917472633 0.394318036 1.245248285 -0.052164061 1.450481826 2.075293527 -0.735106156 -0.479536888 1.759504105 0.063845406 0.674110127 0.657677539 0.431125439
22.534687354 -31.288009186 -5.385862708 -0.071900160 -0.289744012 0.683391540 0.666224270 -0.604323828 1.084797735 -0.205320397 -0.683685543 -0.119570702 -0.784576051 0.639284139 0.787389702 1.892504551 1.010127387 0.391533437 -0.991043320 -0.766877727 0.264168017 -1.215596924 1.168318004 -0.343352560 -0.298075475 -0.724159838 -2.319308335
11.769488818 -31.465230863 -9.610993845 0.809507807 0.314149597 0.222134463 0.443467498 0.054038785 0.819518023 -1.302764804 -0.071182265 -0.924851426 -0.162882061 1.108190980 -1.697938845 -1.884552324 1.220527904 1.579610867 -0.644665211 0.767245698 0.067829233 1.841851105 -0.693107612 -0.411093966 1.782346774 -0.781761409 0.289153112
8.697673299 -29.642829662 -2.849386145 -0.479171756 0.003502965 -0.876759014 0.040936400 0.590656694 0.038025845 0.607612052 1.151466724 -1.868251696 -1.208116397 -0.156129027 -0.513041930 0.945969375 -2.438924841 -0.396579493 1.327958134 0.505561223 -0.639109678 1.130997019 0.231963582 0.997918350 1.739957104 -0.425308793 0.648918495
15.754034008 -29.364159504 -10.826000203 -0.019731638 -0.792728326 0.548450212 -0.265320237 -0.198777533 1.100730096 0.640851929 -0.485900559 -0.872115267 -0.183297100 -0.121787103 1.208547966 0.261280919 -1.629241179 0.594954879 -0.546762371 1.316155301 -0.014878101 0.162583217 0.617110764 1.117989212 -0.214561906 0.482903948 -0.424377816
24.534673457 -26.157121761 1.015915627 0.792627942 -0.153866615 0.564291872 -0.172164728 -1.115188744 0.725543978 -0.789879712 1.105764233 -0.865654639 -0.724170193 0.039330437 0.315317526 -0.593355147 -0.633624585 -1.526193367 0.325761018 -1.263797850 -0.283866487 -1.183335132 -1.716841863 -1.066144663 -1.224527061 1.788566505 -0.421714300
19.924671531 -29.963226619 -3.052048415 0.490312170 -0.110350127 0.802560672 0.321423698 -0.218319078 -0.277152890 0.569690102 1.668956936 -1.051170671 0.596393823 0.896410180 2.909277195 -1.028460366 -0.582409777 0.304678973 -0.448874378 -0.534828732 -1.002530926 -0.575947203 0.582337614 -0.248237044 -0.559218446 1.085985114 -0.493490200
9.933480246 -31.314440135 -5.962192135 -0.405760433 0.460565509 0.478377641 0.628006939 -0.607676673 -0.080558549 1.851786261 0.855875446 0.541015979 -0.680214478 0.210111269 -1.982248082 0.779027325 0.094485209 0.126470689 0.911993363 2.667466467 1.326773173 -0.448871277 -0.857147741 0.065703634 0.363075118 -0.633091754 0.753421627
15.222277307 -28.010130466 -0.848372267 -0.867254091 0.477158299 -0.049935422 0.133029145 -0.348668907 -0.938642859 1.390749086 0.734332790 0.216652834 1.538155564 0.216608996 -1.054498675 -0.382284442 0.480517070 -2.731065813 -0.367347697 -1.651075154 1.453975699 -1.875946124 1.288918846 -0.707865509 1.981557796 0.040650835 -0.969964066
19.869454819 -26.405256189 6.694593214 -0.482269856 0.174800238 -0.732920897 -0.446864210 -0.770421721 -0.825069701 -0.186371892 -2.663243949 -0.244072959 0.727981434 -0.393237639 2.099848111 -0.173686353 -0.554141225 -2.303179186 -1.422027661 1.689743863 1.425960778 0.213002340 0.114069765 -2.449771122 0.226655800 -1.610390660 0.358586850
21.311083996 -21.333396134 -4.049281433 -0.092746638 0.033776452 -0.929555722 0.355222990 0.387949002 0.366282870 1.167894637 -1.166517561 1.725132655 -1.115166813 0.919642456 -0.146601829 0.330194426 -0.726982870 -0.648353900 0.926179585 1.857742755 0.376239743 0.824471175 1.569300264 0.175947224 -1.082173474 -0.579282569 -0.048987287
20.021845770 -29.325723970 7.067236295 0.695530251 0.233621918 -0.570349928 0.369268776 0.552016151 -0.860709157 0.606733439 -1.324113911 0.410899386 0.863322018 -1.135995815 -0.287606925 -0.835182326 0.386859684 1.004122877 1.201624394 0.492950795 0.497829101 0.797409665 0.007264124 -0.444346978 0.074612710 -0.847211721 -0.137934233
16.554971246 -24.918415559 6.502047292 -0.404624097 -0.124097331 -0.895066533 -0.140481649 -0.015586079 -0.137246381 0.634086945 -0.063345588 -0.245739488 -0.219187003 -0.880807941 0.378676327 0.554658386 -0.414103558 0.479628052 -0.422689315 0.658096596 0.003787876 -0.436493977 -0.397674307 -1.309537894 -0.270753958 0.450907419 -0.278965113
13.361041709 -33.880401260 -6.901714436 0.367761142 -0.421191757 -0.262810686 -0.786307694 -1.340218537 1.144945967 0.395314245 -1.058844134 0.240008816 1.351710792 0.790217702 -0.148742450 1.081668528 1.882693430 -0.454846464 0.522333436 -1.717860498 1.360269800 0.941361092 -1.532490454 -0.853702195 0.225100887 0.897188403 1.211030153
15.726034134 -37.748134851 -2.443275649 -0.209438371 -0.198032295 -0.863389817 -0.414097577 -1.034118986 1.406743430 0.124700245 1.477516176 -0.331633115 1.110947621 1.152998170 0.468234285 -1.049196963 1.385770493 0.851548801 -2.049452049 -0.983293467 0.363088707 0.607099807 -0.707141768 1.506545815 -1.142644027 1.272574468 -0.053303591
19.905558032 -27.556834775 1.996381331 -0.244961488 -0.170674588 0.118299184 0.947031867 0.304361509 -0.477562602 0.592734078 0.019672872 0.860642774 0.284534910 0.454117689 0.667050508 -0.869261172 0.705822987 -0.995465207 -0.029289449 -0.152402554 1.793184583 -0.252477354 0.956671310 0.299049191 0.807411334 1.064262806 2.311335873
9.993311397 -27.520987503 -2.467017300 0.810259258 -0.455681178 0.334359222 -0.155043571 0.267174532 -0.187535072 0.401098067 0.064364931 1.316740059 -1.106382184 0.411037973 1.113063242 0.392354270 -0.544264231 0.702294020 0.529822109 1.103925908 -0.018481025 -0.036502409 2.042534831 -0.002872888 0.970044990 -0.505359116 -0.771119416
17.076868780 -30.737563751 2.435755105 0.073023976 0.237915147 -0.466118005 0.848998167 -0.913893944 0.707780468 1.124257947 -0.275923285 -0.189205928 -1.179826553 -0.287529636 0.178714281 -1.708747436 1.342574971 0.955844314 -0.109143537 -0.695609979 -0.015914542 0.663651823 -1.851935218 1.225237587 0.374863548 -1.870245449 -1.434081565
13.352675867 -29.412263838 1.561302419 0.324237226 -0.424005501 -0.194675333 0.822916200 1.127600237 -0.637668134 0.557588955 0.412991912 -0.304553900 -0.672109143 -0.862787711 1.595871693 0.302434680 -0.195075893 -0.123904769 0.796021236 0.648682156 0.331245677 -0.787839305 0.396333499 1.984851047 -0.566314150 1.335482054 -0.382794401
24.888863192 -29.608962992 -5.684453016 0.509093405 0.351692341 -0.680242421 -0.392946118 0.598170144 -0.047559307 -0.437260047 1.349296061 2.370968514 -0.661623200 0.692590490 -2.357190957 1.066385499 1.510177999 0.503350040 -0.662498686 0.267767728 -0.985650533 -3.016225301 -2.210293614 0.171007980 1.143897615 -0.426707373 2.233000744
13.990280603 -33.544437131 1.481327429 -0.749600488 0.623524537 0.114556230 0.190244925 0.767105309 -0.808961988 1.457735143 -0.195375734 -0.312973943 2.156165223 0.417334019 0.345970008 0.802949408 0.563149410 0.292215982 -2.007486588 -0.381592820 3.364826340 -1.182989531 -0.989789983 0.488935355 -0.268739400 -0.160439809 0.487081079
18.041944438 -32.702013558 -1.010799294 -0.312921032 -0.610661831 -0.149683498 0.711875976 0.426524963 -0.446511162 -1.102242203 -0.838129813 0.889174900 0.340341592 1.470594845 -0.625327523 -0.093270030 0.254089892 -0.796461263 -2.337084054 -1.205604091 -1.647677759 1.550449633 1.941699645 0.060179631 -1.607169677 0.441958535 -0.499167284
24.473888621 -33.214872964 -3.826608852 -0.467408621 -0.468506146 -0.488722058 0.568490916 -1.698404290 1.193889702 -0.502850190 -0.843221977 0.245052590 -0.176245256 -0.870466877 0.055061011 -1.451016836 0.374323328 -0.622599313 0.739276942 0.492703723 -0.530355565 1.204453879 0.243854553 0.279820000 -0.525017370 0.919616277 0.569517894
22.515229553 -35.453177711 -5.060317122 0.775441776 -0.428840738 -0.303213699 0.350495544 -0.039803996 -0.114264611 -0.790733420 0.939722478 0.131603698 0.555306813 -0.797158255 -0.624949927 1.018273631 -0.175436353 0.936631000 0.354378767 -1.423371344 2.671377968 0.290208311 -0.177696103 0.280355721 0.938390855 0.226918639 0.103487239
19.095178752 -23.947402207 -8.076784231 -0.325252516 -0.647997967 -0.585442315 -0.362721286 0.817085114 0.730916945 -0.302971606 -1.483061130 1.211616834 -0.629169207 1.031167498 0.319624045 -1.282281770 -1.318128584 -0.556577500 -1.530085851 0.928570902 0.267146931 1.317996128 -0.594012654 0.880221326 -0.103091123 2.309546602 -0.166921400
10.097109285 -27.029922707 2.191523160 -0.280682797 0.630202521 -0.287509492 0.664379592 -1.186079862 -0.618329593 0.381892891 1.984157635 0.161863965 -0.397638645 -0.815078019 -1.371179958 -0.728600843 0.727240171 -1.059617060 -0.047018745 -0.806345084 1.527510139 0.780657012 -0.031639816 0.561007203 0.907552624 -0.236604698 -0.583826206
15.125447025 -31.241059588 0.002776232 -0.754474706 0.115929541 -0.592250791 0.258006318 -1.041433641 0.934124501 0.925634386 -1.913776646 -0.225243969 -0.565394998 1.132755352 -0.118030037 0.487833712 -0.090161990 -1.281769210 0.200507566 -0.182730787 0.547647393 0.020083516 -1.121728229 0.756814624 1.777144434 -0.927024399 -0.864209231
12.341139362 -24.510584112 -4.672181308 0.281039448 0.238445633 0.185894658 0.910825825 -1.547081870 -0.106557165 -0.858849147 0.100355879 1.514802600 2.042127472 0.489668358 0.051277621 0.086310347 -1.634330180 -0.149547362 -0.785886807 -0.123801345 0.318051398 -0.606597731 0.540245058 -0.747118940 -0.242400076 -1.279170152 1.740353008
16.926822306 -32.265033334 -8.130120848 0.556753677 -0.171892758 0.730966301 -0.355199226 0.719713376 -0.747754161 -0.089164034 -0.862335335 0.282271282 -0.745035248 -1.341319707 -0.070244094 1.675538244 0.471572396 0.663412702 -0.148427235 0.367625006 -0.203103949 0.354809118 1.664556309 -0.945420749 0.513090963 0.520332784 0.260641553
16.590232329 -33.304220528 -3.654043708 0.066989212 0.801554770 -0.556427426 0.208352865 -0.479661763 -0.713936321 -1.811204335 -0.555070357 -0.209511647 -0.006762260 -0.444860783 0.783343530 -0.216538627 -2.156670723 -0.293527527 1.210792661 1.577516041 -0.308291748 1.461797846 1.019123701 1.420920758 0.034294160 0.696962344 0.198083134
19.448314067 -31.144063324 -5.242688356 -0.562700297 -0.391054434 -0.165637048 0.709231397 -1.687066156 -0.150318918 0.716189774 0.757073454 0.226583370 0.500234426 -0.968361973 -0.069350744 -0.059069124 0.864175463 -0.106228410 -0.878789764 -0.645507572 -1.044809488 -0.041305462 -0.946515065 1.295470800 -1.628414190 -0.314525427 -0.205863614
9.883749077 -34.263882644 0.151271100 0.752963434 0.317226690 0.255127245 -0.517033251 -1.192290820 -0.992525665 -1.214981994 -0.913374049 0.381078773 1.342250463 1.939788142 0.992382262 -0.790246076 -0.156391452 0.661803037 -0.326655168 -1.370815010 1.752464934 -0.278729375 0.991601115 1.267069844 -0.043901005 0.289211190 0.092737416
18.196353297 -24.644316287 -6.933392368 -0.066305609 -0.772876116 0.516814352 0.362172612 -0.630499125 -0.982816704 0.464178816 -0.151805540 0.090982363 0.365666616 1.125215029 0.525003449 1.769051907 0.128947510 -0.930118199 1.535646361 -0.944292504 2.332311614 -0.384316670 1.605339529 1.095732186 1.604078496 -0.584578483 1.125158186
16.331930919 -31.883761863 -5.403549464 0.012692201 -0.369805175 0.793912359 -0.482479229 -1.456564311 -0.008930976 -0.297473565 -1.278679232 -0.378794566 0.121163095 1.523462478 0.876457443 0.498287733 -1.166321409 -0.077500730 1.135069436 -0.572746524 0.136987533 -0.286066152 -0.409903214 -0.860060444 2.035308507 0.662328352 1.465335548
11.410215148 -24.882787211 -8.755624116 -0.337876131 -0.165828139 -0.635861667 -0.673810573 -0.937246444 -1.869367863 -0.324723562 2.211710100 -1.405618353 -1.300713491 0.526571283 -0.984890118 -0.190203093 0.881421901 0.572590838 -1.178428585 1.227813728 0.061073908 0.137238612 -0.788166628 -0.462219789 -0.637620038 -0.442611689 0.531484675
24.444571455 -27.923418969 -3.096758759 -0.095001095 -0.548574147 0.194511177 -0.807593090 0.744484002 1.507901886 0.918132154 -1.288619752 2.183246329 1.880294935 1.072630146 0.454686621 -1.211528358 -0.193452906 -0.208689555 -0.358188784 0.177174358 1.093778040 -1.564050947 0.604717527 0.637798591 -0.505496703 -1.777621846 -0.517046487
21.468348624 -35.228211647 -0.210256296 0.290345043 0.283673516 0.482971160 0.775865936 -0.036184117 -0.273945634 0.335600928 -1.887920621 -2.108048227 1.209151719 0.936303348 -0.263876260 -0.212254924 0.174987696 -0.931088254 0.166523702 0.173026199 -0.657158586 -0.982522156 -0.895353459 -0.486135597 0.613667749 0.374794207 -1.559650800
17.676329641 -24.838343902 0.738701982 -0.220333216 0.462282768 -0.857794646 0.044002975 -0.504239306 -0.122907267 -0.521676699 0.931538309 0.467374929 1.246483338 0.867896329 0.732319415 -0.009671414 1.181800420 -0.257483166 -0.203699080 -1.076082331 1.834985491 0.612419187 1.056393386 1.803487857 0.217110879 -1.137743073 0.325262828
17.697054418 -32.206971212 -9.585896485 -0.068601934 0.102658810 0.665826948 0.735818876 -0.551711624 -1.006321888 -0.545453652 -0.242247197 2.129482375 -0.737034672 2.248480912 -0.682066661 0.359030706 0.270507415 -0.325156581 1.000258116 -1.316674773 1.257345902 -1.695676146 0.260170129 0.130775190 -0.253727263 0.810039474 -0.261530016
10.105095702 -36.106745363 0.645212863 0.055042739 0.232837218 -0.969437297 0.054299677 0.076987502 -1.870385503 -1.161194724 -0.974035272 -0.358778852 0.289467443 -0.730280765 2.453783019 0.265007064 1.062849946 -0.048547525 3.344511164 0.111812824 -1.269264140 -0.377344042 0.009447567 -0.388201740 -1.017274988 0.818378326 -0.163143651
13.372063402 -21.974823370 -1.389147223 0.752831537 0.446909299 0.060265914 -0.479463007 -0.552083753 0.153757328 -0.879797852 -0.402079395 0.313157231 1.550661819 1.367127599 1.508997338 1.284157050 2.822525674 0.853977488 0.328848719 -0.392612479 0.311076083 -0.533549034 0.050946441 0.719534226 -1.209367347 0.635223545 0.828693744
21.496024844 -28.163629983 6.036727562 0.165166710 0.789720663 -0.469941927 -0.358072363 0.411269832 0.551183939 -2.000363161 0.135504159 0.513406836 1.012209228 -0.622905447 -0.927916282 -0.249827721 -0.016947220 -0.622516991 -1.649885526 -2.267653949 0.141097215 0.476496513 -0.616356467 -0.620391283 -1.464691726 -0.266147771 1.085869785
20.509993488 -25.917549913 -6.174133621 0.822914289 0.053161716 -0.560233826 -0.078255765 1.585635796 0.509715474 -0.089761404 -1.111895002 2.066629473 -0.335032380 -0.555927679 0.590847838 0.311429155 0.278703680 0.120191054 -0.823768305 -0.452104595 -0.733552771 -0.064408753 0.792619097 1.229426498 -0.061688040 -1.880831101 -0.316212428
19.768163372 -36.745798639 -5.875259019 -0.567377971 -0.127627961 0.428801458 -0.691319500 -0.800664979 -0.476264780 -0.597039893 -0.646128430 0.670848800 0.794002822 -0.420329961 -0.666325856 2.085816405 0.361995818 0.204741164 -0.197129939 0.130991315 -0.137537930 -0.790675748 0.803673658 0.150040638 1.851548228 1.216342172 -1.948046243
18.870173181 -27.250917941 -2.746730000 0.391804067 0.409712995 0.272864741 -0.777283519 -0.253402358 0.412094989 -0.663350015 -0.538976499 1.270438659 -0.671498866 1.213648940 0.036776658 -0.346272511 -0.284493774 0.301327987 -1.343943362 -0.185808690 -0.141350813 -1.818847556 -0.724545713 -0.895579122 -0.347846033 -0.122597338 0.430521424
17.417321548 -25.864865820 -5.208723084 0.015573167 0.392441391 0.393894339 0.831020145 0.240027853 -1.452574665 -0.038050475 -1.443363803 -0.986801349 -0.710648505 -0.277684835 0.624012437 0.108355332 -0.201623873 -1.830037145 0.587910279 0.027519140 -0.256274431 2.101040647 -0.873338045 0.932349094 0.026462799 0.511607777 -0.085356280
16.080986322 -30.440169705 -9.450754517 -0.260945368 0.500389370 -0.496236524 -0.659747910 -0.661922319 1.270891804 1.206578816 0.360679737 -0.658122182 -0.928314569 1.061933798 -0.765740744 -0.440627106 -0.454478195 0.254262494 -0.118147216 -0.208088102 -2.067517285 -1.809778109 1.013000885 -0.350058096 0.188535384 1.292731771 -0.010246752
9.084912326 -24.917144255 1.672922462 0.319608193 -0.506566413 0.671033295 -0.436984426 -0.643352537 1.457305974 2.264196213 0.012032402 -1.644055255 0.377090036 -0.726855513 0.864263123 -1.986515054 0.390401575 0.186513038 -0.110908421 -0.021662569 0.353266394 -0.389815692 0.948107794 1.262701355 0.628113994 0.363897766 -0.687667756
