14.277872469 36.542529206 17.539934527 -0.699305994 -0.073702979 -0.645403259 -0.298318001 0.687482615 0.169398122 -0.031985088 -0.325886009 -0.268467439 -2.468200802 -0.437309780 -1.514976018 -0.109499016 -0.498725325 0.450192397 -0.578714461 -0.273989181 2.450917606 -0.832411302 -0.901856797 1.345146063 -1.722799101 -1.983872263 -1.320145911
10.745280585 37.017267603 20.186967465 -0.092988329 0.169233070 0.418384083 0.887506675 1.161774423 -0.579036966 0.484353640 0.270376805 0.666394172 0.082849828 -0.620219761 1.519713000 0.705378597 1.928625678 -0.491640841 0.718309687 0.657526679 -0.283232287 1.348471093 0.188933975 -0.852289316 -0.355585561 0.094659555 0.519284123
13.918595830 34.735412131 14.148082971 -0.716527192 -0.397284951 0.242540738 -0.519545418 -0.350456402 -1.592490698 0.811186207 1.101327046 0.147004582 0.623815836 -0.068343578 1.501515957 -1.611728398 -0.990231878 0.066945465 -1.392644039 -1.107374480 0.987858354 -0.625942281 -0.155104446 1.166825869 1.027814852 0.077113746 -0.346353744
13.034045182 30.532875550 27.339471164 0.050497220 -0.493485150 -0.843085177 0.207677205 0.195681847 -0.671500491 0.396048702 1.018396286 1.486216061 -0.393673707 -1.270760529 -1.833789410 -0.622616847 0.298517152 -1.283371687 0.955106516 0.239188389 0.981006522 0.312709240 -1.545303648 0.216361046 -1.106651302 -1.301835887 -1.012807564
10.908344554 30.583657871 17.055018012 -0.661303382 0.148723687 -0.549421928 -0.488563861 -0.365315645 0.060192704 0.575016817 -1.340374622 -0.040978110 -0.529114998 0.718476725 -0.079770898 0.638408240 1.282964680 0.225622693 -0.048109517 1.075132755 -0.226197527 -0.410591633 -1.864339115 1.853451672 -1.434896851 -2.056832409 -0.228549499
6.432415634 32.424100722 10.785604976 0.168856868 -0.365035059 0.907831405 -0.118654559 0.522403247 -1.906117953 0.510213989 0.243991805 0.532002028 0.531748720 0.562521190 -0.781494302 -0.743002022 -0.623595345 1.067784662 1.262166481 -0.486470524 -1.150571519 0.347208799 -0.212823691 -0.076692768 -0.521181541 -0.571421115 0.359066047
12.308070343 30.705610529 8.274311028 -0.509159171 -0.715724932 -0.184643702 0.440909814 -0.326085547 -0.620685953 0.708381477 -0.846145404 -1.243155773 -0.078868766 -0.606851142 -2.851430409 -0.283530628 0.426845721 0.321062637 -2.273426361 -0.537728991 -1.112719199 0.417499739 0.199249411 1.409905336 -0.613260107 -0.439344587 -0.743120059
10.968543311 27.848850150 25.554368620 -0.487920323 0.486911898 -0.417669480 -0.591948281 0.689524256 -0.628392429 -0.526486326 -0.610044554 -2.093412343 -1.378695381 -0.026396637 -1.147076933 1.094659713 1.764295730 -0.278914246 -1.512666403 0.503012304 0.754565202 -0.188791951 0.683834076 -2.058421699 0.381094623 0.141032875 0.370945532
8.686182976 28.429118616 24.337654307 -0.496065808 -0.207758784 0.843056024 0.003397438 0.369087002 -0.436739140 -0.587572841 0.611366355 0.616187811 -1.119056817 1.072372005 0.595333328 -1.662068817 0.188711029 -0.060092843 -0.599624413 -0.339615813 0.718715778 -0.076061624 -0.362676154 0.966165705 0.025927970 1.663177518 -0.368025444
17.232338859 25.668416090 16.574100883 0.892592114 0.113915334 -0.261685661 0.349031846 -0.158598067 0.859124592 2.042312980 -0.028995203 0.463234285 -0.015541255 1.501977000 -2.490458094 -1.339517161 -1.397553579 0.943712279 -1.224958871 -0.940963113 0.754374362 -0.528673064 -0.452670811 0.041794462 -1.351977967 -0.458249290 -0.302034776
18.437803423 33.836933686 11.816361605 0.446948602 0.379411380 -0.432906413 -0.684745200 1.251670415 -0.875552926 0.900796946 1.005405115 0.228114385 -0.674042006 0.495799092 -0.063012953 -0.456303235 0.274505355 -0.083256542 -0.479407894 0.033702317 -0.052773992 -0.404828436 0.242093039 -0.447262542 0.773226346 -0.770764419 0.890588590
9.971156924 39.838355977 14.773549249 0.330945221 -0.000638233 -0.611593667 -0.718629279 -1.477790726 1.734745518 -2.318690292 -0.134759182 0.241706184 -1.577559620 0.012034344 -1.241957999 -0.087463200 -0.542319870 0.370871167 -1.160712018 -0.792530668 -0.375435749 1.272032258 -0.215105732 -0.877686142 -0.693634136 0.040238819 0.702545021
18.415883835 29.983370474 19.109035858 0.383551592 0.826513090 0.389912876 -0.133162451 -1.575087420 0.984826082 -0.197451733 -0.761611844 -0.205051590 0.138038716 0.746485660 0.693225446 -0.337753127 -0.432905047 0.207781743 1.024439946 -0.218139627 0.538036847 0.117312502 -1.030232763 -0.426244006 1.449733861 1.068745346 -0.513445177
10.461471227 28.382480085 8.520813093 0.446587212 -0.779618912 -0.256079229 -0.356619746 -1.097155126 1.743282965 0.181412460 0.950484728 2.704458240 0.949031026 2.215311997 0.411676638 0.410337933 -1.971016607 0.594069205 0.478060550 1.318871036 -1.415346568 1.073785660 1.096328819 -0.048796053 0.338297817 -1.490235399 -0.892401133
8.997656725 24.928252363 23.067992164 -0.395382527 0.451920509 0.192839846 -0.776049808 -0.552197593 1.250856891 0.617022447 -0.546702987 0.118894393 -0.317954295 1.288037458 0.397596864 0.974563784 0.321345998 0.855919832 -0.498577557 0.535736135 -0.340413635 0.893165846 -1.866712641 0.724336208 0.680310429 0.146049870 0.251478874
10.026994166 37.708539746 17.445117689 -0.215591715 -0.952538135 0.214729801 -0.009078863 -0.050847351 -0.250293871 -0.094701367 -0.774330252 -0.773427121 1.130061119 -0.539525728 1.798528223 0.033981309 -0.478105781 -1.921062458 -1.276283495 -0.151656673 -1.941134544 -0.183675464 1.059957894 0.106338056 -0.882995453 -0.967759157 1.671688362
4.450115011 30.465938020 15.132904672 0.612291891 -0.535872896 0.523591348 0.252568763 -0.974852718 1.009272881 -1.079053458 2.579436564 1.352255917 -1.077568435 0.612059581 -0.632450514 0.386186724 -0.426581110 -0.052309189 2.683001172 -0.974223132 -0.286932224 0.520992433 -0.727692806 -0.236663026 0.496140686 -0.913226622 -0.533706940
18.963227980 32.540618083 17.011166277 -0.399734239 -0.818930901 0.401863893 -0.089833902 1.876653825 0.939323299 0.645561403 -0.357950535 1.326011660 0.082048771 -0.944215036 0.491164613 1.476558673 0.087198980 -0.349003809 0.250850915 -1.399758912 -0.735483942 -0.099798927 1.216592107 -0.340894289 -0.836984253 -1.255367810 -1.552295790
12.914932755 24.294012395 14.655064639 0.424791474 0.671771443 -0.542464946 -0.272042487 1.500001063 1.828102169 -0.878289358 -0.507975103 1.854582567 0.099379018 -0.192091958 0.123238094 -0.600546564 1.036428648 -1.248678285 0.276573362 0.249122096 2.681069724 -0.722552966 1.780952000 1.080652583 0.023990895 -0.261946732 -0.901747237
19.440235038 31.045112853 21.200958665 0.812306974 -0.214262027 -0.542319136 0.011794848 0.145700867 1.527673841 -3.305450000 0.610007388 0.076284320 -0.515638261 0.551784963 0.847806007 1.901512372 1.020963131 0.168030253 -0.039806080 1.393078074 0.228385374 -0.565846153 0.121149570 -0.020783501 -1.154750344 -0.687896081 0.387260606
21.144694671 36.017578888 15.902600505 -0.012557947 -0.039833555 -0.888541606 0.456891015 1.669625766 -0.702876137 -0.706849618 0.300256997 -0.890052662 -1.600623769 -0.545486109 1.299260922 -1.254264956 -0.030805222 0.131351567 -0.137226132 -1.604418464 0.451929632 -0.116637265 1.126962415 0.056899105 1.096026786 0.688378831 1.003370290
14.818089070 27.074422582 9.211264524 0.196579463 0.280358379 0.673611690 -0.654983195 1.993603855 -0.928089155 1.210040523 -1.689407614 1.246260983 -0.874708596 -2.335120864 -0.672645084 0.358140880 1.178799589 1.328450330 0.604869174 -0.308488296 -0.615265098 -1.049038309 1.089757870 -0.448303445 -0.809120983 1.311931344 0.764370701
3.862201450 32.393211060 12.621912038 -0.390782663 0.123721956 -0.338393655 0.847036907 0.532355640 -1.775823251 0.312557975 2.775554958 -0.983970574 1.202905174 -0.171316936 -0.805588123 0.147276654 0.499202671 -0.009180669 0.445800041 0.934311125 -0.383788108 0.309260431 0.116221957 0.165533888 -1.232711961 -0.482981879 1.114929067
15.003710012 25.351641991 23.520541088 -0.803650062 0.399538837 0.338805462 -0.282358203 -1.445032963 -0.962469845 1.133323434 -0.274896999 -0.375754442 -1.269134716 -1.372201581 2.457502900 -0.493331703 0.028315145 0.032964988 -1.483710951 -1.760910506 -1.967152513 -0.233659002 -1.153283565 1.034052929 1.459794754 -0.613672878 0.022228323
16.844871164 31.521210153 17.013938664 -0.424977778 -0.634425448 0.165938887 -0.623989202 1.089255838 0.032402487 0.439287990 -1.296437665 -0.478583032 0.240365769 -0.035306192 -0.772948882 0.174791768 0.346851519 -1.498226729 0.363747626 0.669322086 -0.158056278 -0.323025051 1.352279357 1.062421979 0.127642552 -0.600991089 2.071868659
6.938030997 38.160373072 17.362876995 -0.164085369 0.549764958 0.536047459 0.619263760 -0.165669896 1.828489125 0.236857907 1.110450585 0.765436198 -0.332633096 0.247311820 -0.049686978 -0.152882445 -1.192261071 -0.368474872 -0.739344326 -0.101679079 1.138229141 0.788872537 -0.896785313 0.488959186 0.658145604 0.798849689 -1.394896294
7.417688106 32.728651108 16.365332565 0.250950048 -0.647046870 0.156263097 0.702805995 1.005601504 -1.727868917 0.510299753 1.482939680 0.192567890 1.905980098 0.034374236 0.276588072 -0.625853162 -0.690386811 1.039009816 -1.436445366 0.839899859 1.403644534 -0.643677232 1.564359822 -0.006236646 1.076185790 0.563438350 -0.051654514
16.038197542 34.960824801 12.712355321 -0.316888593 -0.254443134 0.910751305 0.073296458 0.423783652 2.013170987 0.214409120 -1.036029681 -0.238929268 0.421532378 1.237518753 0.979596296 0.290428073 1.091093559 -0.670495769 0.322873873 0.560320542 1.091986688 2.847749191 -0.593795725 0.989816128 0.175074449 2.080967868 -0.389989309
12.642332207 38.514530719 17.696362629 0.082770212 0.908903644 0.247804194 0.325017446 -0.424485797 0.205770365 -1.740087948 1.094147850 1.301716032 0.645756462 0.382262782 -1.173331878 -1.076810895 -2.179094595 -0.336858672 0.435298508 -0.226516084 1.071479136 0.508276173 0.703584616 0.890840807 1.233670894 1.021426336 -0.358431246
10.325820122 32.321666717 9.919583890 0.053201533 -0.406951086 0.431821316 -0.803175423 -0.565497697 -1.286112817 2.284324437 -0.055662683 0.612044729 -1.022762429 0.300769332 2.377302266 -0.897627660 -1.565409322 0.974284387 1.484426147 0.999945405 1.226334432 -0.705981302 -1.388253180 0.034287832 0.362698967 0.695821092 -1.257947580
5.455727695 38.178758161 18.883280922 0.964969625 0.077511714 0.249947582 0.018755353 -1.638157491 0.026644121 0.821704704 -0.050875233 -0.125921571 1.319729777 -2.132687907 0.165537201 0.882677588 -2.079970082 1.734461503 -1.089190571 -0.829067334 -2.235780888 0.212669778 0.305911335 0.338389874 0.209296294 -0.542702423 -1.457926705
13.716270829 23.999327475 21.503984137 0.248601945 -0.659472192 0.463487392 0.537096768 0.365132530 -0.172749080 -0.362718822 0.968064582 -0.682417849 1.984505619 0.057177987 -0.067211567 0.079428376 -1.552622788 -0.564819172 -1.113039802 0.646042708 -0.527000467 -1.113231252 1.856918489 0.615075055 0.901832739 -0.891770258 -1.676197581
6.928761798 34.073902315 16.635010435 0.275746670 0.175100631 -0.868778953 -0.372191717 -0.907473016 -1.082345281 1.376150713 -1.415809518 1.013687345 0.067605210 0.950646596 -0.656534148 0.709586736 -0.845802642 1.456447677 0.058086820 0.467723655 0.708438198 -0.127889912 0.210931707 -0.808789083 0.111692762 -0.920007421 0.009079260
15.768961225 26.843418792 11.654873335 -0.082541532 0.308083304 -0.650952110 -0.688863502 1.025391836 -0.019377290 1.340676104 -0.537354980 -1.005969042 -0.955420939 0.148417655 -0.751809515 -1.924485473 1.249756391 -0.345236541 0.077866652 0.351046012 -0.568665049 2.693326725 2.803648323 -0.791106761 2.419496381 0.062334130 -1.518067899
16.860935170 27.862575817 13.400971750 -0.148800999 -0.968435006 -0.199910732 0.005253770 -1.575274661 -1.411553610 -1.108132921 -0.745900391 1.285580393 1.342227233 -2.170297818 1.061238573 1.046148463 1.824207391 0.903795162 -0.129174053 1.353531738 1.131123422 -1.377151068 -0.203727937 2.069563748 -0.873770668 0.451379360 -0.967577397
6.296400006 38.697422995 17.668725418 -0.698641548 0.127558047 -0.097398070 0.697239233 1.353848402 -0.668366051 0.043445403 -0.548695790 0.066949688 2.648274517 -0.057730367 -1.161172720 -1.142849627 0.660052115 0.402201104 -1.867914967 1.051302610 0.553398739 0.621219368 -0.587221836 0.694713692 -0.147097841 -0.775372344 0.115984929
12.071337879 28.549457211 20.042944089 0.328058897 0.053439225 0.852761887 -0.402888042 1.364518363 -0.782668432 -1.710910493 0.550028928 2.088083034 1.445768067 1.020147841 0.625729326 -2.384259186 0.391352093 0.578135788 0.026821269 -1.293225966 0.065575276 0.199124551 0.051035265 -1.326502600 2.881222346 0.341989316 1.179657838
15.068163372 22.783026267 19.553505999 0.173860405 0.397277090 0.487245660 0.757980963 0.336346074 0.071135746 0.362811637 -1.256474721 1.488912207 1.311377645 0.224339032 0.370355245 -0.264506627 1.162751276 -0.387385717 -0.072315700 -0.837780066 1.428027694 0.292503474 -1.692359970 -0.796193622 -0.072585371 -0.798848695 0.279182561
14.859855040 38.884960405 16.119725953 0.335902274 0.127513922 -0.331545046 -0.872346115 -0.863020726 1.052728634 0.332648000 -0.882064337 -1.461358942 -0.560858774 0.666165396 -1.221564470 -1.493188055 -0.536504406 0.792727152 1.055177796 -1.678546283 0.162195844 0.253542161 0.548009462 -0.620829137 -1.979844727 -0.691414389 0.364481958
3.979819693 28.092437712 16.751238776 0.745815267 0.454196222 0.002867718 0.487295758 1.211281216 0.713332729 0.394231017 1.445706758 1.624089858 1.427084144 1.026923707 1.046788698 0.945473277 0.207475089 0.916090918 -0.527399815 -0.589116740 -0.288505225 0.282448590 0.182601145 0.923052378 -0.188798007 1.507366970 2.523140707
18.023703289 29.209387232 21.628502673 -0.443536108 -0.676743137 0.520411009 0.272886110 -1.237137580 -0.051002628 -0.486029487 -0.567782469 0.415935048 1.674009022 1.527065381 -0.156614239 -1.000672772 -2.322804679 0.468437776 0.771098438 -0.701213042 -0.729991912 -0.443958816 0.822171618 -0.582427498 0.372882940 0.159367415 0.110739904
8.500421009 32.278659342 15.445521657 0.930886551 -0.243351842 -0.112153406 0.248297653 1.884566420 0.533235106 0.722632070 -2.535515288 -0.125372777 0.999207376 -0.629021389 -0.261020558 0.135879793 0.076699709 0.468441784 -0.570097029 -1.048338554 -1.102567014 -0.934611940 -0.165661373 -0.913135988 -0.778552167 -2.740062168 -0.497713387
4.274668149 32.317495151 20.511740556 0.677026740 -0.060964767 0.427771725 -0.595759550 0.546843386 -0.053257239 0.027568641 -0.922300796 1.308882731 -1.195415128 -1.317562612 -0.758947977 0.704979318 0.165465722 -0.545563460 -0.305950381 -0.000323407 -0.001137292 -1.034399388 -1.306969049 -0.945170028 2.431353533 0.638725826 0.076351879
18.429148211 30.143022012 16.853507043 -0.039196186 -0.521191933 0.330008794 -0.786076856 -1.313555980 1.451883801 -1.239037292 0.472558291 0.402473212 0.539575638 2.500625423 0.200324797 1.376817057 0.238825221 -0.913130030 -0.783534063 -0.191619759 0.209267058 -0.024663811 0.246719305 1.330987857 -0.331689613 1.241322743 -1.068289281
8.340702406 40.133722574 13.588860984 0.361625786 -0.796257880 0.413357721 -0.253644583 -0.323024794 0.495317319 -0.622710239 -0.471401249 0.843262652 1.862543880 1.742286445 0.902821302 -0.028610433 1.054797589 -0.105650515 -0.777942191 -0.882840361 -0.184764070 0.464065094 -0.079763947 0.092965555 -1.147901193 0.001235839 0.839741867
9.198685182 31.677752963 24.254455668 0.161783914 -0.314917295 0.390531712 0.849787058 1.780335311 0.329726244 0.184818875 -0.726592491 0.922639760 1.207217585 -0.470194763 0.677587721 0.118031907 0.622754496 0.117993380 0.368361660 2.049490594 0.402477981 -0.323895787 0.207000028 -1.306816366 -1.373036088 0.515455686 -0.925555932
14.751112775 26.041064137 15.288017131 -0.321511550 0.345291821 -0.454512045 -0.755528082 0.980959510 0.293707510 1.595401322 -1.369460287 0.711408014 -1.063216796 0.821728181 1.713044461 0.283312541 -0.018166522 -0.024686006 1.339014143 1.396794530 1.916902606 1.222275097 -1.853282382 -0.462146103 -2.075202278 1.817172956 2.180208590
4.279784877 33.837995682 19.593730218 0.819220577 -0.172584852 0.443266837 0.320322691 -0.836204030 -0.749422651 -0.627575320 -0.420444849 0.643220430 -0.643208186 -0.870181935 1.482108029 -0.220655982 0.330573299 0.155502992 0.875769729 0.330452303 1.271294785 -1.076237568 0.569200751 -0.183928250 0.870754411 1.439465611 -0.196506256
10.547424024 34.828276460 18.400804729 -0.100506757 -0.960715383 -0.167268196 -0.197346636 -0.474514107 -1.592324984 -0.953307837 0.019585652 -0.319343184 -2.209107307 -1.761965831 0.357338749 -1.202500987 -0.596342832 0.320646159 0.521122289 -0.823840209 0.826150442 1.248866294 0.893564525 -1.146985842 -1.059417835 -2.458094464 0.549057888
16.347396531 25.964387447 24.147676844 -0.440878628 0.206398127 -0.680669674 -0.547462002 -0.157548834 0.221012862 -0.808505046 0.549158853 0.097992146 0.440788975 -0.643517880 0.114141415 0.531466646 -0.279856401 0.467867193 0.451949057 0.414887851 -0.966248563 -1.385939391 -0.331844720 -0.553630161 -0.565631259 1.426070738 -0.104024856
10.750172472 31.708410034 22.589877721 0.443222725 -0.198421424 -0.677550060 0.552366247 -1.133169301 0.447319282 -0.190176333 -1.408278854 -0.619223900 -1.238622197 0.037954955 0.617634094 1.025756736 -0.344542483 -1.715559300 0.307477987 1.061172578 0.803073717 -0.585302903 1.403929850 -0.491929738 -0.467436839 -1.291170185 -0.260169262
18.459347169 29.968520108 10.635942948 -0.911407572 -0.230729438 0.340646470 -0.007755431 1.239962463 0.469572079 1.405202185 0.456412756 0.495187544 -0.702374964 0.152316724 -1.569548162 0.292436523 -0.088501192 0.106258217 0.230003005 -1.478586581 0.763995390 0.103199364 0.558110335 -1.107047452 -0.375933981 -0.546594457 0.956102885
3.495896842 34.937292019 20.184615290 0.079196690 -0.362481975 -0.865408809 0.336752574 0.319684417 1.074267110 -0.227176851 -0.657462659 0.631362794 -0.399971451 -0.088285406 0.032694632 -0.913478169 -1.124662765 0.158539492 -0.531119641 0.765565919 0.771177797 -0.381456689 -0.856634970 -0.307806881 0.747174731 1.747144938 -0.604835875
13.666465703 38.039088839 22.456467988 -0.741548605 -0.185921431 0.612417324 -0.201206135 -0.091789013 0.091461492 0.840044157 -0.803189928 0.738687960 -1.224020487 1.465460690 1.583461652 -1.763946219 0.432903588 0.118117704 0.001483410 1.589196072 -0.139712298 0.874714733 -0.112178562 0.710835034 -0.411530766 0.004304271 0.081097913
7.678550043 27.357453277 19.528793322 0.594014894 0.389678429 -0.221198500 -0.668107964 -0.045218835 1.586421091 -2.855874922 0.770414896 -0.790098276 1.489181167 0.808802898 -2.107563391 -0.291203772 0.788900513 -0.642466817 0.628702750 1.102455498 0.076936875 -0.296291807 -1.146881512 -0.489614279 -2.009351934 -0.561770386 -0.186713416
7.560514362 25.220782920 18.937837058 -0.220712681 -0.153770121 -0.848642579 -0.455462881 -0.320035398 0.460604811 1.092007412 -1.793226717 1.814089925 -0.889356505 0.021602280 -0.658297578 -1.589206518 0.146728060 0.939267104 1.616344810 1.881839912 -1.600191707 0.604075162 -0.631944925 0.871207620 0.775269182 0.814745574 1.003757646
17.898238053 36.107699947 15.239652243 -0.671154437 -0.124943461 -0.720624098 -0.121003152 -0.477127453 -1.627336724 -1.608520913 -0.883334425 -0.315660839 0.319786431 0.130998500 0.106844236 0.660845368 -1.319060252 -1.736287538 1.466374543 -0.601002555 -0.805243044 0.467872766 -0.566349250 0.536195511 0.829741886 0.218095810 1.190163530
16.305644640 30.097888838 25.970875888 0.469320154 -0.463852938 -0.055471105 0.749334372 0.811450006 -0.588192507 -0.497371041 0.140789510 -0.422772554 0.090015263 -1.050324988 0.671687535 -1.456525248 -0.076287236 -0.032389479 1.601199444 -0.898763796 -0.806582406 0.310115026 1.086506938 -1.018934951 -0.008327728 -0.786618129 0.417210828
15.433183891 29.337919462 8.775445974 0.662730766 -0.244150381 -0.495532713 -0.505594555 0.032255585 -0.225515434 -0.396998081 -0.482384852 -0.088945032 -0.158960043 0.823881821 2.043477158 1.774740403 0.936308972 1.637979617 -0.197288673 -3.383342715 0.658685146 1.324456349 0.989643157 -0.867450701 1.073152858 0.753464752 -0.027325952
19.030011490 36.114821832 20.723483762 -0.088215811 0.631954117 -0.381738591 0.668676015 -0.293447243 -0.058279611 1.321889376 1.683220143 0.388539947 -1.227936533 -0.601047086 2.013286282 -1.173993559 -1.729009109 -0.665767981 0.489103129 -0.221576978 -0.693229235 0.638939239 0.821904686 -0.378156379 0.063726657 -0.610914360 0.515788916
12.291181228 31.106083228 13.327752398 0.014256596 0.291907862 0.637477835 -0.712887480 -0.662715998 0.140384877 -0.060973149 -2.606256873 1.379539755 -0.080478087 0.760041631 -0.282253845 0.395306900 -0.900065822 0.448191395 1.910217069 -0.298070589 -0.377360595 0.305668488 1.189150522 -0.656613605 -0.586601700 1.857000766 0.313496464
4.791356202 30.266807909 21.917983204 0.514672309 -0.716320026 -0.443779369 0.158296892 -1.134234309 1.748736779 -2.187593390 -0.108889971 -1.833487596 -0.949752619 -2.361997343 -0.475045291 -0.151401912 -0.356332531 1.141620887 -0.771816024 -0.220488272 2.081799660 0.372326808 -2.498367801 0.383585981 -1.041177969 1.059795639 0.029176688
9.592653896 33.355784279 17.809699634 0.611472914 -0.446294909 -0.416872716 0.503129077 1.632570591 -0.777662111 2.042703344 1.337791982 -0.929499903 0.045108894 -0.962672684 0.908693406 1.490750990 0.733206152 1.031295359 -1.494652399 -1.238776985 0.406823024 1.011939608 -1.054755073 0.309399989 0.833560225 -1.095962782 0.611022762
3.625082964 29.980658792 16.822203663 -0.580133844 -0.279101389 -0.697423294 0.314877574 0.967829052 1.760558593 0.117618487 0.528946583 -0.492572176 0.362191978 0.619817388 -0.472825254 -0.445609801 -0.415725152 -2.190406398 0.052729314 1.471567556 0.955934383 0.029614604 0.233224754 -1.545488596 -0.287884302 0.481282282 -0.751331475
13.492576228 37.438103875 21.099994006 0.800615863 -0.040500076 -0.559017760 0.211832785 0.197257264 1.446309150 0.815539546 1.450400428 -0.132660240 1.690145740 0.982865736 0.048508865 -1.453603902 0.374233267 0.097602854 -0.131535532 0.421615694 1.421966182 0.398322911 0.278401703 -1.868089613 -0.100571789 -0.833494109 -0.709807825
12.644994143 37.107115406 10.107615915 -0.329816645 0.791866862 -0.505904949 0.090708524 -1.785358049 -0.433418477 0.917048184 1.034539850 0.952787636 1.984120045 -0.370012682 0.048673749 1.367648490 -1.110181674 -0.456845525 0.098567631 0.987889526 -1.315233147 -0.430585543 -0.748445800 1.123842162 0.496771138 0.677546332 0.735236237
8.258049332 36.039096814 24.990196977 0.750606664 0.036318356 -0.423811169 -0.505623087 -0.631129860 0.833619172 0.649587150 -0.803567016 -1.619876419 -0.305629420 -1.726667161 0.138098570 -1.873949574 -0.738853289 1.059922514 -0.129025904 0.717457210 0.551145460 -1.006974991 0.521136668 0.965174473 -0.187546653 -0.717344429 -0.663924971
5.674957797 25.363536635 19.427493816 0.580591738 0.086397880 -0.511585339 -0.627478351 -0.155026723 -1.773963035 1.672763312 1.104953304 0.281039135 -0.660210682 -0.173771776 0.976508008 0.556394526 0.357061779 -0.288435170 -0.392885150 1.938480402 -2.830450212 -0.921991489 -0.754191262 -1.161465104 -1.643709351 -0.958262827 0.352736219
9.081903445 32.423080490 21.157880978 0.343004788 -0.712338184 -0.537750494 -0.292824920 -0.401740010 1.015610970 -1.072607486 -0.959945170 -0.858721226 2.172203580 -0.955220003 -0.399267256 1.135912391 0.733110447 -0.917890295 0.376135703 -0.153769425 -1.163076612 -1.441654591 -0.323086465 0.324583792 0.641165973 -0.558877606 0.449411202
17.041162118 36.206400811 22.020712441 -0.655487863 -0.603228107 0.133506484 -0.434312712 -0.822735612 -0.408010803 -0.213250385 1.827320036 1.339772944 0.609514699 -1.368330383 -0.728459586 -1.053162004 -1.422637121 -0.018030891 -0.200997471 0.488861310 0.728582400 -0.820310442 1.140776007 0.454572425 0.049562194 -0.429022745 -0.222773519
17.625583330 26.904852438 24.378154531 0.130423763 0.277912424 -0.518832914 -0.797851323 -0.431553817 0.600797295 -0.162425133 0.031121955 0.852506773 -1.233324830 -0.748111993 -1.438073041 1.550382472 -0.439652450 1.176352697 1.360501226 0.251946188 -1.373894400 3.981770034 0.887438134 -0.774771574 0.123645081 -0.171180728 0.169862648
14.885780328 40.169123145 14.012114159 0.545988463 -0.122921444 0.815979104 -0.144793020 0.121002483 0.488574656 -1.195051043 0.270604289 -1.205657305 -0.776490485 -0.629644551 -1.603588005 0.746973848 1.072026392 -1.297035437 0.395813044 0.188278756 -1.212986865 -0.889650970 -0.038143955 -0.047486171 0.112149475 0.887509548 0.155901716
13.762269729 36.878657606 22.727540000 0.323461060 -0.317109315 0.687696276 0.567352145 1.382195451 -1.592198593 -1.455353216 0.032708253 1.165752366 0.341788515 -0.301194288 1.483656348 -0.533485466 1.098514460 -0.168697890 -0.470197669 1.418331470 0.142149599 -0.453302795 0.205798858 0.093392053 1.186782043 0.732562467 0.906597833
14.418415037 39.375897644 20.286911746 -0.083145887 0.934145887 -0.190535171 0.290094075 0.270834486 -0.231188130 0.218593242 1.646573475 -0.225687993 2.103680294 1.098711183 -1.179139625 -1.114874670 -0.100164811 1.200816939 -0.571311658 -0.383590156 -0.493005924 -1.676778913 2.135838160 -0.390242876 0.268103122 -2.303475696 -1.366510756
15.625894896 29.852716173 21.470168329 -0.497226425 -0.748122684 0.063976666 0.434724417 1.545493682 -0.203356071 3.186621198 0.020507881 0.304105837 0.884068871 -1.204970318 1.534615582 -1.624300545 -0.851727389 0.607280998 0.697384249 -0.885249972 -1.620678965 0.878026244 -0.100853936 0.969547049 1.572206719 -0.063266608 -0.317942778
8.892039980 32.975184094 9.893115044 -0.376963816 -0.769567697 0.444616174 0.260730317 0.868926751 0.570346784 0.917877514 0.499268476 0.799873195 -0.567512899 -0.654886921 0.368413998 -0.914109309 -0.047717787 1.220443706 1.377903304 1.226691597 -1.576918482 0.775817829 -1.309909914 0.170644380 -0.198023447 0.471929135 0.307572416
14.290080266 31.722874910 17.936063127 0.548554580 -0.537500224 -0.194808533 0.610107381 -0.877376307 0.672295077 -0.626007623 -0.202829324 0.854498983 1.700141251 0.219520805 -0.060240425 -1.046321162 0.800827523 1.305694521 -1.582152979 0.540670827 0.549072184 0.389548008 0.452496691 0.031896706 -0.146444386 0.761864451 -0.476545591
5.228020321 30.897596779 15.722801098 0.169560506 0.079547252 -0.965627237 0.180237367 0.107528931 -1.389327096 1.128007570 -0.256249578 1.099004740 0.936369485 0.719599324 -0.302921613 -0.948607283 -0.944250058 1.553187710 1.908272962 0.561841332 2.708828660 -0.316044469 0.210471673 -1.156290544 -0.409171649 -1.589489797 -0.573481560
13.644405963 27.689307682 9.097843207 -0.036992492 -0.728844366 0.635906140 -0.251079323 1.892865302 0.831473898 -0.155551295 0.486291267 -0.289231431 -0.943325467 -1.123321892 -0.762119393 -0.216892540 0.257860513 -0.176487403 -0.675747024 -1.121827891 0.590589981 -0.476126241 0.823006898 1.011933935 -0.978875647 -0.575021767 -0.204090239
13.922759071 30.949616278 12.236829304 -0.140559006 0.950328672 0.104914308 0.257121700 0.994610790 -0.310500162 0.347930633 -1.212291994 0.650897521 0.266831250 -0.792779761 -0.122912437 -1.065780266 1.516884257 -0.634707951 -0.139839338 -0.560862664 0.546620853 0.836675067 0.357091734 -0.261149545 -1.699020914 -0.398367521 -0.218211958
5.209865155 33.110183342 24.246712888 0.335520275 0.816840757 -0.400375967 0.244737426 0.956352873 -1.063830663 -1.055078203 -1.796533374 0.115120695 -0.722850318 0.297933899 -0.002932352 0.048723628 -0.020061791 -0.597247057 -0.272684640 0.816319654 -2.218504203 0.961047382 -0.019249585 0.100894065 0.035967448 1.121574057 -0.017390752
12.299623322 31.863272277 22.110482007 -0.175482030 -0.140176937 -0.973571208 -0.041419646 -1.311127422 -0.311643214 -1.187556866 -1.327136100 -0.956986719 0.498214548 1.271560021 -0.272934259 -0.533698261 -0.791243451 0.571351908 -0.429590217 0.168025118 2.655663137 1.118213019 0.142329203 1.745900470 -0.774304274 0.124105162 0.019132245
10.536018334 40.120506449 21.206452439 0.934539912 0.298446166 -0.172487234 -0.088392268 0.028808700 1.459983309 -1.472021264 0.913974548 0.695426775 -1.263326480 1.878000033 0.026977001 -0.199495969 -0.232357754 -0.387087301 0.371464801 0.074002227 -0.383913983 0.205590363 -0.251511260 0.410653238 0.562773602 0.129393160 -0.173455570
14.172926046 27.714553220 25.782878212 0.793818651 -0.508341222 0.158746114 0.293667878 1.764312969 0.809505799 -1.165628377 -1.186624288 0.069267116 0.205859523 -0.235075230 1.329776139 -1.454116483 -1.130717246 0.307027969 0.001811548 -0.151195071 0.971956042 0.074130868 -0.109522215 -0.187157376 1.271431014 -0.068595184 -0.075034564
5.438036510 38.431917606 16.631429586 0.379120793 0.027780351 0.106890298 -0.918732900 -2.663058089 -0.299422512 -0.198511935 -0.936351119 -1.466118252 1.004872256 -0.979902457 -1.169337995 -0.451133488 -0.292770030 0.376360290 1.059916768 -0.254704517 0.654808754 -0.287317588 -0.393914835 -0.068062209 -2.121306942 0.166165038 -0.313558277
18.841045149 36.058414357 21.924368590 -0.098401346 -0.925272194 0.363052047 0.048803204 0.548251409 -0.449987910 0.038464641 -0.738995160 -0.662417358 -0.334066492 0.454283587 -0.499649267 1.337483214 0.824711979 -0.237957588 -0.420878798 1.648062755 -1.216155721 -0.560296873 -0.300197301 1.734676411 -0.049845307 -1.231224299 2.600416590
19.538995207 28.457043106 16.332295694 0.026038451 0.123116387 -0.817771945 0.561616774 0.047814799 0.659629358 0.285543278 1.277735489 -1.256570987 -0.129955861 1.353615963 -0.750828932 0.824841488 -1.573429406 0.697533440 -0.216063283 -0.356011567 1.332497133 1.324958290 -0.666792482 -1.193516465 -0.058779261 -0.484915313 -0.492867794
11.603450710 29.727626909 20.183475033 0.025992615 0.538425653 0.733800405 0.413472086 0.836471514 0.289971656 -0.122606341 -0.102461934 2.028672217 -1.298034274 0.204675120 1.039098199 0.144914383 0.285849786 0.975550305 0.881355072 -0.469830691 0.077007357 -0.757413433 0.549968071 0.654722472 -0.436849064 -0.792624922 -0.897617460
19.177786787 32.492159731 23.446312175 -0.794637486 0.298144132 0.497980777 0.177978898 -1.265610406 0.352390983 0.492636561 -1.110279924 0.170563452 -2.221562167 -0.245680938 0.664486372 0.287130264 0.717896085 0.875245903 0.240418368 0.866437909 -1.602581918 -1.048975298 0.549192629 -0.391913093 -0.384839277 -0.033021912 -1.153568347
10.747721931 25.077513183 22.514118785 0.278697847 0.708955502 -0.293482187 0.577561955 0.925205870 1.628087439 0.950297409 1.841272475 -0.179702288 1.778635362 0.241047501 -0.109686564 -0.803146384 0.239672096 -0.136277012 0.350758946 0.452318987 -1.010753749 -0.577765095 -0.047663335 0.756618177 -0.611514178 0.475994370 -0.133092481
14.947096946 30.114506112 11.935861511 0.377187408 -0.285884529 -0.596629465 -0.648099512 -0.242190213 -1.060639366 0.742551680 -0.838204564 0.759490324 0.684982875 -0.301271914 -0.925787405 0.236022625 0.176494640 -0.982613700 0.332062217 0.745144431 0.560692094 0.599960090 0.470774519 -0.289294638 0.943847599 0.426030881 0.850617678
9.366555224 37.556199757 15.895325938 -0.722369910 0.375849766 -0.383272170 0.435914110 -0.192661688 1.109319068 0.397666540 -0.609246802 0.315259025 -0.410008252 -0.807345085 0.173170931 0.279293300 1.147766901 -2.264031131 0.720173244 0.836753570 0.174822848 0.274503826 -1.243711464 -0.340825271 0.523246019 1.771266225 -1.483584743
11.901846432 34.345874610 26.027270875 0.420976756 -0.850692735 0.268794329 -0.163859848 0.006493781 -0.775613759 -0.749479098 -0.240014222 -0.015892838 -0.077059155 0.472980126 -1.400549068 0.619051848 -0.397291929 -0.646462800 0.862713728 -0.117139950 -0.315090436 0.452840339 1.023562082 -1.269601745 -1.080396555 0.255896499 -0.614503763
4.918735500 33.744144829 12.026370144 -0.244921478 0.578673523 -0.204634992 -0.750516451 -1.580697739 -0.037282056 -0.724846364 -0.487063620 0.041030978 1.178457720 -0.424057427 -0.406756654 -0.713782203 -0.088502909 -0.688150744 2.328492179 1.024368068 0.088634766 0.809522587 -0.815240989 0.226114931 0.615731835 -0.433672392 0.716474682
15.105408335 37.780517780 10.374593168 0.092008745 -0.978217309 -0.122870309 -0.139743246 1.821055134 0.196449174 -0.171089890 0.364640445 -1.090883713 0.063378551 1.354225317 -0.756605777 1.242629517 -0.485577727 0.332322676 -1.456682767 -0.317460147 1.229159977 0.906743796 0.861295518 0.862352378 -0.772790206 -1.198280259 -1.215937721
9.816589078 36.269647477 22.131408948 -0.289443864 -0.357007256 -0.784489655 0.416346070 1.277813863 0.902605162 0.222469818 -0.335345366 1.465147227 -0.614170657 -1.246615886 -0.657896078 0.805881781 -1.908063241 -0.311051081 0.767691641 -0.993851007 0.602075196 -0.982271180 -0.266234793 0.258762201 0.610316463 0.433489189 0.752792180
8.872481087 34.642880406 23.339648680 0.236433641 0.760444670 -0.273422512 -0.539502704 -0.321789987 0.390518650 0.083078109 -0.874725225 -1.570115053 1.349607619 -0.530051033 -1.347176152 2.587855769 -0.091842450 0.180505611 -0.063599921 -1.851602680 0.683842621 0.511632276 -0.721807313 -1.673891148 1.100393273 1.914260602 -0.827815810
14.863087977 39.993462559 18.332776355 0.801480978 0.115802186 -0.223991840 0.542259856 -0.721366714 0.754556906 -1.133880811 0.294326525 0.405040933 0.246675770 0.583407887 -0.315121806 -0.577547818 -1.038500173 -0.990176388 0.450822329 0.226222399 -0.043589188 0.458319773 0.817926891 1.096743191 0.301968017 0.146778717 0.538629027
9.392465467 29.551059700 11.078437408 0.617143779 0.370397424 0.237314763 -0.652396358 -0.189611129 0.204813271 -0.358101198 0.302698232 0.883200935 -1.315658113 0.648590635 -2.108956985 1.297249471 2.541387850 2.646232036 0.525323096 -0.283814231 -1.715897348 1.111132328 -0.682998089 1.094923129 0.968128505 1.049068184 -0.375542387
7.576151723 23.882474480 20.145173020 -0.379029010 -0.184744201 0.520897430 -0.742207827 -0.032935177 -0.795333699 0.350264066 -0.729682438 0.141327956 0.034977048 -0.768366457 0.990662012 -0.688189190 0.843709203 0.643589256 -1.706206780 -0.549644598 -1.050338292 0.344670151 -0.841247085 -0.471074804 0.696509887 0.525780831 2.873238441
15.820723685 34.862696896 9.035473358 0.674880438 -0.546349628 -0.410734273 -0.278093214 0.159967676 0.131766637 -0.925172020 0.080069426 0.921270746 -0.843144297 -0.998092396 -0.221404863 -0.054446607 -0.574429415 -0.845344452 0.647371741 -0.157816145 -0.725026767 1.494871742 0.608495687 0.612172341 -0.026908586 1.216301403 -1.233340376
14.432361854 35.624233722 12.320714611 0.450620195 -0.876774657 0.145353461 -0.084142811 -0.245791078 0.363793636 0.620888462 0.928007377 -0.088539393 0.439425032 -0.887021634 0.943933507 0.603352622 -0.114973788 -1.843159224 0.515074103 -0.013649944 1.207969004 -0.169882743 0.473053683 0.477077781 1.054643778 0.706174072 0.710831472
16.621097582 26.902999101 16.764056492 0.130332498 -0.221136478 -0.714102153 -0.651283512 -0.307875698 -0.428103594 -0.369297302 -0.446586106 -1.356769543 -0.660848652 -0.354810606 0.656053101 -0.713097006 -1.999744288 -0.206139237 0.864435638 1.404126262 0.235795107 0.477683465 0.012067860 0.770923526 0.087034016 -0.834496777 -0.689438255
6.312447916 33.274856774 16.203352235 0.252335414 -0.502204830 -0.128912252 -0.817005984 0.598701738 -0.079684692 0.892179532 2.247478490 -1.548223485 -0.123182070 -0.777627477 -0.076730839 -1.522531527 -0.087752952 0.455616702 1.193372390 -0.780713408 -0.625083161 -0.064998237 -0.656143596 1.274603158 -0.743630850 0.977438598 0.547987530
11.204965990 24.893355711 10.971808909 -0.636346377 0.616047603 0.368069635 -0.282972408 -1.007762144 -0.516320249 -0.274295724 -0.015148617 0.708933971 0.994797404 2.623074962 -0.891843152 0.455990819 -0.953429237 -1.289275033 1.794944584 1.309466681 -1.578453104 -0.440396449 0.041071892 -0.712945137 -0.301582597 -0.892249432 2.293858247
9.069943888 26.278525005 23.700364389 -0.589286371 0.535497141 0.001670279 -0.604964127 1.181060593 2.011485148 0.019229791 -0.710476826 -0.290509194 0.590109494 -0.242488710 -1.801942725 0.726234566 -0.160942749 0.713276680 -0.469236981 0.848970402 0.338715682 -2.457473719 1.052489639 1.114452149 0.285245515 0.345651116 0.040791381
14.863972705 28.777799145 21.899755687 -0.714182248 -0.172155832 -0.489937687 -0.469326271 -0.926634656 -1.163317472 0.380899956 -0.055152377 -0.378210901 -0.890209268 -0.492656086 -0.231035428 1.605415667 0.732101678 0.990544041 -1.583485453 0.909085078 -0.533401170 -0.929087493 -1.254590128 0.162328483 -0.157374174 1.054977258 -1.212685366
5.998610464 29.208897929 24.504623599 0.048081554 0.108258165 0.515678108 -0.848554314 0.394717273 0.560777132 -0.083592988 0.195015109 0.028908289 -1.027333867 -0.151055201 0.598692373 -0.234493714 -0.332867477 0.885985836 0.874288138 0.667625248 0.135583646 -0.107769665 0.379835035 0.328148197 1.579775608 -0.432393963 -0.935862118
10.128006184 38.794049664 15.298689170 0.220023657 -0.941102699 -0.102011333 0.235603456 -0.567014099 0.149890344 0.150268449 1.003776945 0.144659703 -0.760693482 2.767564617 -0.979653790 -1.686725615 -0.696434349 -2.795047738 1.398296072 -1.338251665 -2.573461912 0.932038988 -0.305239720 0.297931871 1.279758356 1.587953808 0.955596081
18.110607264 33.111097673 13.277130899 -0.650953422 0.168993659 0.379338583 -0.635454974 -0.762700730 0.054488643 -0.535215510 0.828722655 -0.342118970 0.109515574 0.223832084 0.031017350 -0.783566843 -1.174306830 0.056828393 0.439481669 -0.352494537 -0.913110348 -1.981975476 -1.442192062 -0.055517991 0.292957923 0.317508117 1.895868480
6.151803188 28.150822880 12.414098181 -0.417558803 -0.112155435 -0.352127121 0.830103786 1.228291502 0.976288562 0.952691157 -1.569726472 -1.194039424 -0.580743374 -0.542461519 0.560402381 1.052321786 0.846259892 -0.103215098 2.086072454 0.054933171 -0.092454005 -1.140298906 -1.841546395 0.798538081 0.649819219 0.950164667 0.698182982
18.005983542 35.547111177 21.596290002 -0.099814662 0.915168692 -0.345091877 0.182797418 0.356213645 -0.222961743 0.222202346 0.204536915 -1.471231798 0.532173088 -1.677403956 -0.539955384 0.645439006 -0.676812251 -0.396889670 1.296599821 0.451231088 0.558750888 -1.347374047 1.447443427 1.725383069 -1.418982507 -1.692068174 -0.796663913
5.953137185 31.274762012 16.722316494 -0.110330402 0.499346752 0.831963904 0.215211726 0.732701279 -1.979344964 0.468250081 1.342212531 -0.228942229 -0.824760247 0.408509944 0.572188233 0.014972512 -0.022508584 -0.222901519 -0.717922692 0.755188438 0.040513466 0.616518048 0.540403199 0.102349702 -0.525574683 -0.534183450 -0.710119696
10.559461340 31.422811888 19.428501590 0.325046066 0.215433043 -0.606650755 0.692754300 0.355754455 -1.570863054 -0.336463035 -0.802225508 -1.103800808 -0.756853203 -0.902315711 -0.087764046 0.626465975 0.356738483 0.751095502 0.138093454 -1.145403436 -1.538886686 0.469243105 -2.109766402 0.356514128 -0.860092822 -1.084401127 -0.566401569
11.893774709 23.468243059 13.522297478 0.422911076 -0.659064614 0.580266004 0.223766443 1.187563206 -0.915591717 0.327887403 -0.271050293 0.659313843 2.283254255 -0.438267257 0.595014430 -0.604956386 0.192200799 -0.813503011 -0.419118186 0.820816605 -0.036819343 -0.733045408 -1.086317502 0.915422213 0.273291194 0.089820912 -0.402194358
15.936876738 27.068140716 18.665007420 0.935052749 -0.132978123 -0.196745270 -0.263219440 0.496723303 -0.606733548 0.150372359 0.288267850 0.411285305 -1.740201495 -0.719125236 0.273334622 0.818682425 -0.036303647 0.178282148 0.188874910 -0.042627058 -0.885154411 1.739182051 -0.682563897 1.386765437 0.568060199 -0.160839688 0.885554884
14.940861436 25.112288896 14.535441854 -0.701574443 0.268919664 -0.403434275 0.522222463 0.095993887 -1.124286095 -0.311955209 -0.778017409 -0.022508782 -0.531337874 -0.014558033 -0.081769152 -0.065087459 0.620168982 0.142890916 -0.895198687 0.588464899 -0.928816004 1.063588687 1.303343748 -1.518035397 1.720433807 -0.199506193 -0.040650784
19.722893080 34.387089881 23.060747001 -0.185820490 -0.380008954 -0.276718053 0.862838953 -1.741896493 -2.065666650 1.221363619 -1.128683831 0.479982879 -0.231664199 1.014270528 -1.121419498 1.082022919 -1.156592093 1.832070333 2.284301155 0.501040439 0.301678797 3.045417386 2.096078845 0.747688020 -0.160868890 -1.738648574 0.054539529
4.347926412 28.249669268 16.648506100 0.197861132 -0.898379291 -0.074939573 0.384902172 0.974067005 1.537710115 0.495807421 -0.294530658 -0.692073057 0.248645491 0.758471895 0.226916579 1.382195933 0.212092029 0.903574724 -0.249610423 0.099720925 0.701729855 -0.339895974 -0.193537736 -0.712078850 -0.750444906 -1.082593558 -0.384033496
9.587240836 26.322477654 12.691032007 -0.067533027 0.545353070 -0.195398798 -0.812310673 -0.982788585 0.533801393 1.589579621 -0.376209390 0.471028811 -1.436193756 0.794817398 2.069417830 1.016764557 -0.393466049 0.668776697 0.875094837 -0.506819327 -0.222719444 -0.017043736 1.049686709 0.432074550 -0.193974010 -0.355266774 -1.052191397
14.230018864 23.292582743 21.710518664 -0.828823182 -0.130694263 0.514728385 -0.176141512 0.275107124 0.631782399 -0.632837345 0.419129057 -1.925683471 -1.864517014 -1.252564856 -0.157862056 -0.447255755 -0.905087987 1.125528571 -0.395063462 0.702274030 0.668817586 2.117175874 -0.729321534 -0.755717988 0.427258794 0.748733180 -0.479131049
7.683646386 26.991281278 16.269174445 0.160169192 -0.532854020 0.561001527 -0.612935323 -1.740060045 -1.767829461 0.881129366 0.021464668 0.703322632 1.164054610 0.898141733 0.505819813 -1.309227713 -1.181922232 0.293296382 -0.034598794 -1.687180723 1.763106530 -0.122176550 0.064644999 -0.639482801 -0.855114026 0.133458989 -0.248350528
11.923826567 26.659558285 23.307287991 0.027107382 0.815547949 -0.530447215 -0.229722627 0.403543327 -0.852186166 -0.375928639 -2.199364417 0.982894723 0.490440433 0.796047672 0.733184928 0.803975018 -0.788313192 0.098645428 0.375041086 0.265215404 0.009889797 -1.039023693 0.955560127 0.659714996 -1.054315815 1.077266536 0.331940171
12.432413786 39.466553235 12.653539669 0.584449058 0.022717861 -0.705309462 -0.400551820 0.112095052 -0.751649512 0.642435170 -0.112003620 0.134558500 -0.722846219 1.604324500 0.694206907 -0.872840437 2.251743263 1.221490199 -0.212311080 1.609517407 -0.104490489 0.257437738 0.272001399 -0.879736586 1.947001009 1.759664992 -0.543276443
12.186892844 35.825016936 14.656098593 0.506986394 0.771750822 -0.341918473 -0.174519980 -0.236953692 -0.336452035 -0.209100286 -0.390871860 -1.831236199 1.462486038 -2.098577206 0.009457798 2.062148539 -0.270498229 1.415660567 -1.635246513 -0.839763151 -1.020028588 -0.010253419 0.948481319 0.950941667 -0.151113696 1.371949824 -0.760840675
13.426055887 30.932729965 24.545233019 -0.715154086 -0.460986565 0.504714145 -0.145978259 0.378375770 1.214283127 0.539566541 0.478685399 -1.762444093 -0.236931340 0.156384596 0.531860325 -0.569086477 2.174009754 0.100945837 -0.897759394 1.365248482 0.249598010 -0.490137167 -0.871595163 0.081948127 0.045339606 0.183323320 -1.689896242
15.862745164 36.049091079 21.919830122 -0.391995098 0.900915056 0.053500608 0.178408490 -0.075452298 0.323945403 -0.882233653 2.576201831 -2.066164476 0.228054813 -1.038781240 1.398717048 -0.748879213 -1.200500434 0.360684383 -0.247028442 -1.893447639 -0.012126643 0.817244409 -0.647126875 1.099947531 -1.139940883 -1.128946396 -0.887889845
12.770440271 26.788086676 13.665903031 0.575204222 -0.083379516 -0.462207614 0.669740308 1.031964947 -1.027995896 0.908251208 -0.602345465 0.442629763 -0.919266628 1.623978919 0.061239735 -0.560227594 0.895861982 -1.428514270 1.353224264 0.779780245 2.226819443 0.212949056 -0.142263053 -1.211109473 -1.507422194 1.571757454 -0.978221896
8.664661327 37.589495718 16.579270178 -0.389678497 -0.206019263 0.589412650 -0.676978183 -0.636918408 1.811116445 -0.604535995 -0.592298544 1.492683763 0.688713960 -0.984557639 0.377120165 0.229584678 0.467673837 0.934678628 0.217096712 0.105631172 1.683503378 1.671367079 -0.772469679 -0.372791217 0.524067252 1.822759072 0.789760116
14.012039531 28.238666308 24.694319014 -0.432331517 0.698315689 0.379007860 -0.426377416 -0.018272787 0.176489244 -1.415522689 1.552989958 0.522871970 -2.834471136 -0.204027582 0.861825298 0.679920016 0.014493379 0.170000985 0.013083395 -0.416158365 0.334559829 -1.389696547 -0.643726850 -2.164104701 -1.818031855 1.671837765 -0.428339251
11.550970711 40.074466324 12.764399635 0.124376687 0.411155493 -0.853724080 0.294341291 -1.422044340 0.935769119 -0.533731411 -0.450288254 0.449152039 0.369540000 -0.512869793 1.068989782 -0.589672063 -0.839225650 0.233896750 0.497240048 0.709990448 1.523708800 -0.634786255 0.869023103 -0.290476397 -1.470239247 -0.444028542 -0.843011985
11.793665600 33.652654284 14.570909489 -0.434616206 0.578016838 -0.544114255 0.425376264 0.205533582 -1.664474987 -0.633376728 -1.136169792 -0.491302140 -0.414623159 -0.302691771 1.167652971 1.777846903 -2.655893363 0.029358301 -1.109774506 0.458853803 -0.852033147 0.719822321 -0.031433417 -0.415224409 0.188435302 -0.101028735 1.267299690
8.976069686 28.068838327 18.764596702 -0.475905382 0.001557602 0.877119445 -0.064599702 1.832199145 -0.561614143 -0.205074780 0.930745488 -1.185324854 1.158813515 -0.301754662 -0.014162435 0.996627180 0.968054683 1.776995749 -1.164799519 0.879500980 -0.000132393 0.610006499 0.375158774 -0.082390188 1.695879279 0.644881707 0.068677230
18.538596123 25.308174449 17.578494920 -0.504421123 0.103508093 -0.438058939 -0.736851255 -0.054460485 0.086925855 -0.662642949 -1.229619366 -0.209540235 1.890048985 -1.171192042 0.347306177 1.146662562 1.000969240 0.878474637 0.714657104 0.351360208 0.537123159 0.310556785 0.269172114 -1.316325528 -0.446152339 0.856351989 1.820552563
11.895162934 40.623277540 14.292619062 0.032634074 -0.859394727 -0.055811502 0.507208829 -0.817565237 -0.006660291 -0.344848353 -0.894795054 0.840423761 -0.550236694 0.525632016 -0.340237658 0.082674218 0.214221659 0.155716441 -0.382782527 -0.392495916 0.537953013 -0.319153074 -0.143791689 -0.822621705 -2.274857146 -0.186906112 -0.941642856
4.038225815 35.718344796 14.700647108 0.762832407 -0.142704377 0.484893618 -0.403237348 0.844189275 0.103809581 0.923699909 0.556522374 1.314416985 -1.108701867 -0.460908406 1.121698223 0.386234688 1.847693225 0.113824437 -0.217512903 -0.458276779 -0.681159608 -0.986696730 1.210332486 -0.399047058 0.123444623 0.429316470 0.853238684
13.813897532 38.451718688 21.500365693 0.311889111 0.372106332 0.785071370 0.384610198 0.791751207 0.959991465 -0.029322154 -1.963101919 1.844735889 -0.976233560 1.207419876 0.365891013 2.411996882 -0.523397489 -1.021154603 0.491242630 -0.475470256 -0.537490172 0.838566868 0.650423034 0.896409479 0.182890603 -0.915357370 0.835732857
14.783946962 35.247193909 14.063182495 -0.661920897 -0.131334279 -0.527303940 0.516296996 -0.696750743 1.201899643 -0.059235138 -1.059502492 -1.603571236 -0.277226618 1.465887890 0.645338344 0.229567113 0.026040068 0.156824472 0.180980416 -2.164272697 -0.792895448 -0.490296744 0.552055247 1.754513691 1.094627807 -0.963944279 -0.787800285
10.555486997 34.136284850 18.190287494 0.266601810 0.417200713 -0.225625203 0.839023425 0.711086420 0.428402878 0.930636239 -1.721446624 -0.441301791 1.364911807 -1.428389113 0.283001640 -0.298661798 0.021764004 -1.287212994 0.188686808 -0.096232582 -0.198856346 0.198104682 -1.766086880 -2.841026020 0.726984396 -0.693572075 -0.286224044
17.200125943 37.959952454 11.799206088 0.332768402 0.427599684 0.047265824 0.839160082 0.167022461 -0.522926150 0.550909036 -0.420045621 -0.360108848 0.119944940 -2.215546987 2.708513332 1.043902476 0.259251961 1.639931387 -1.225674893 -1.662118038 -0.202767711 -1.488937869 0.072037224 -1.775353880 -0.124328829 -1.674094277 -0.051214799
6.803187624 34.583859857 19.441080497 -0.534955559 -0.277631761 0.195892497 -0.773543331 0.533243786 0.025860052 0.248016770 -0.690911951 0.185578787 -0.175492427 0.894325265 -0.316428666 0.720206078 -1.006514225 -0.045401711 -0.610829450 -0.275825414 0.593427973 -0.639524197 0.888155667 1.181538906 0.009321168 -0.459883946 1.117410586
14.788467941 25.427050479 20.423177365 0.847539710 -0.330224261 -0.031719520 0.414273157 -0.802955098 -0.346572622 -1.818082790 0.408592014 -0.904762328 2.550596657 0.959191133 -1.429951553 0.829073553 0.180533003 0.132212146 -0.677148867 0.221198351 -0.363059930 0.170967903 1.116440125 1.357719590 0.498724180 0.295526711 -0.643702856
13.292864457 30.721531376 26.399927660 0.311862463 -0.614978375 0.554105946 -0.466379677 -0.526283159 -0.913214910 0.759778591 -0.078337486 -0.026225769 1.483607869 -0.265295267 0.403275045 0.172637478 -0.633650347 -1.489856629 1.962095561 0.064402477 0.728795344 1.781960135 0.273093054 0.688365796 0.372406713 -0.139119424 -0.447426589
10.849212066 27.795051938 15.012180399 0.238347056 -0.060583394 -0.557158118 -0.793155196 1.371580342 -0.085292101 -0.709137786 -1.386591277 -0.140440859 -0.425934243 1.576633683 -3.255151980 -1.638431084 -1.236371813 -1.403799480 1.636679677 0.663411408 -0.167451853 1.299380718 -0.064619329 0.760639514 0.007390050 1.260417919 0.302443418
17.548955029 25.962756649 13.597065551 0.054005380 0.749458421 -0.331285670 0.570653396 -0.695421538 -0.238034933 -2.609392880 0.122138342 0.451424631 1.462847768 1.662791628 -2.484536733 1.810448033 0.034655048 0.074844057 -1.037570774 -1.954424550 0.260648742 0.574600131 -0.625545615 -0.634755019 2.059192783 0.303195792 0.068798736
3.315304671 29.970244794 14.557960278 -0.874445624 -0.016972500 0.181395582 -0.449613642 0.579584220 -0.910394762 -1.069872790 0.085684199 0.200216238 0.011337898 0.239494900 -0.520796130 1.846390190 -0.676303050 0.005232696 -0.999728327 0.485277388 0.421792491 -0.324799424 0.864692947 1.009919115 -0.687422044 0.487270140 -0.655423921
12.684151908 37.993851944 19.951712056 -0.058715081 0.435754944 0.643166781 -0.626902433 -0.474720516 1.400859264 -0.736034450 0.776979803 -0.295026787 0.825365296 -1.081831353 0.695762189 0.933078207 -0.123649532 -1.896231455 -2.707875763 -0.254331637 -1.869423808 -0.499377625 0.420620343 -1.089331809 -0.523574320 1.729474251 0.981256625
12.973166223 37.673628818 21.668531774 0.512099592 -0.597781423 -0.612730885 0.070514125 1.946131320 -0.997374811 0.035005596 0.036748602 0.775002584 -0.627609973 -0.816978581 1.107251279 -0.518262109 0.292121482 -1.101983345 0.360492791 0.042844525 -0.554539718 -0.896576799 -0.657792607 1.656640714 2.060280472 -0.638992085 -2.059820325
11.900644891 29.316494480 16.727342781 -0.255024494 0.303303031 -0.463293911 -0.792671767 0.445299857 0.059219510 0.812793482 -0.437516510 -0.177107920 0.992843203 -1.051554940 -1.067246795 -0.580460108 -0.838666683 0.632438110 -0.052746582 1.311262012 0.071278750 -1.010220980 -0.530522579 0.678072773 0.451120523 1.567593562 -0.864555356
16.837258867 28.570978085 18.369733389 -0.581787217 -0.020189683 0.289149091 -0.759940006 0.131706849 -0.341049035 -1.115893405 -0.872450529 1.266996165 0.415799043 0.787557433 0.755928435 1.701588700 -0.325794602 -1.036440906 -0.085207241 1.128680253 0.127702796 1.653927637 -0.104696651 -0.023330763 0.153508104 -1.251845256 0.547185923
16.466751186 25.871863666 18.960121861 -0.083792868 -0.289926272 -0.772554285 0.558642451 -0.440856731 -1.093529867 -0.768573964 -3.354694026 0.849415458 -1.325545035 -0.184583115 -1.059383412 0.155032280 0.094600327 0.582127020 -0.187941935 -1.484675646 -0.564514674 -0.492202156 0.743055127 -0.380450835 -1.233642547 1.432212085 -0.585903365
13.586970861 33.326494129 11.674105278 -0.179802712 0.062180606 -0.978324228 0.081769569 0.667300205 -0.543998159 1.628599854 -0.679988355 0.580644651 -1.814203975 0.166602662 -0.166177205 0.012165553 -1.886983357 0.283142845 -0.575224246 -0.323054327 -1.352125076 -0.462962374 0.195627988 0.584488179 -0.303152123 -0.630825492 0.803047772
7.832578670 33.827688498 16.737073507 -0.913882783 0.204758492 -0.086135007 0.339813153 0.292394503 1.987341402 -0.192226732 0.400774525 -0.102531570 1.087704864 1.338629777 0.485554294 -1.726017685 2.133262841 -1.671508125 0.790308452 0.028817256 -2.217417857 -1.198583345 -0.437496726 -0.731698587 0.442453357 0.370929603 1.964396629
7.484218661 39.577699470 21.108594863 0.105325083 0.630310766 -0.667989177 -0.381320633 0.611108242 1.088777590 2.796136984 -0.610224381 -0.529507366 -0.293555942 -0.484387837 0.425694608 1.041765765 -0.501252440 -1.762212446 0.635500312 0.026787417 -0.472307019 -1.360461029 -1.094583119 0.861473352 1.619452898 0.410856252 -0.263776235
6.534990230 26.086994142 19.779875060 -0.408726829 -0.165440189 -0.897256259 -0.022430540 -0.586295719 0.163825379 -1.656333495 -0.096457208 -0.506975251 -0.728490084 -1.796973515 0.640840150 -0.694117752 -0.024505409 0.105795727 -0.200943443 -0.423939762 -0.938102904 -0.001593257 -0.884684488 -1.466467028 0.085786754 1.167850399 0.787148365
13.362476400 24.217652956 12.751990008 -0.134296468 0.443862371 0.454065596 -0.760772692 0.878257518 -0.717425012 1.494460198 0.310518282 -0.278627086 -1.369851119 -0.488260805 0.284720837 0.356717523 -1.360067053 0.250191935 -2.085873616 -0.606607911 0.967254104 -0.697649659 1.819828629 -0.643772738 0.993106482 -0.521983690 -0.108274972
11.042478107 31.961568989 9.305424103 0.065737882 0.343182033 0.087449312 0.932875791 0.354996645 0.660550649 -0.640985821 1.039460885 -0.860077312 -0.853968999 0.139730289 -1.933633620 -1.219128164 -0.180728353 0.484803825 -1.341098230 1.282548319 0.035404709 -0.177724922 -0.207717297 1.379457146 -1.289025034 0.351338857 1.366236188
11.060012525 26.078272945 14.850405802 0.578337103 -0.556213560 -0.464606740 -0.374557404 -0.385974181 0.362070481 0.745486431 0.148530359 -2.896240314 0.693247822 -0.561433278 -1.299909194 -1.608644698 -0.356818006 -1.155506294 -0.263744382 -1.943116521 1.681105532 0.484140489 -1.644795530 0.030791976 -0.307811516 -0.886416974 1.027477832
14.440850340 25.058089417 18.719190301 -0.657581712 -0.081931650 -0.515066718 0.543672487 -0.268527879 -0.748705482 0.279346783 0.765237058 -0.084354839 -0.418667067 0.947808294 0.931299635 -0.243777983 1.003119150 1.401422286 1.106930635 -2.141576969 -1.871874128 -1.278060928 1.009420236 0.047147627 0.101719123 -0.452631493 0.428177993
4.545710146 37.374379089 19.213369777 0.343940827 0.286009781 -0.607067350 0.656789423 0.100023448 -0.165907435 0.953117002 0.384790292 -0.827397542 0.197687555 -0.036814751 -0.039513100 -0.463080228 0.592059265 1.815317152 -2.086742790 1.010538488 0.096842033 -0.069987068 -0.591409353 0.893464897 -1.780003101 2.542992219 -1.409252526
14.146919405 34.479046998 12.359015810 -0.471423824 0.328444043 -0.810696756 -0.112493821 0.029958804 0.172034998 -0.660219073 -0.107817611 -1.193645290 0.731600917 0.484398397 1.014964843 0.391345283 0.505328756 -1.211181597 0.136490721 0.693483909 -0.627811710 1.052634458 0.302031230 1.483232113 -2.237425447 -0.402677976 -0.218298554
14.543430895 33.598692005 21.245521375 -0.404476898 0.110356194 0.610586980 0.671865678 -0.064872199 -2.045680129 0.259135794 -1.788656290 -2.151984523 -1.266131292 1.364979027 1.077127892 -0.481597100 0.190633759 -1.412303015 0.217991033 0.914708376 -0.828657584 -0.875734855 0.230950665 -0.933955172 1.885905709 -0.562550894 -0.848160695
21.459163018 28.114901631 18.730133250 0.054081378 -0.213109725 0.683261282 -0.696285480 -1.060161489 -1.021256353 1.156326806 0.275839323 1.267260725 -1.423321869 1.096786164 -0.099959663 -0.172328551 -0.208539276 0.323080137 -0.534270052 1.005816914 0.244007280 0.568980549 -0.693550544 0.133169907 -2.354789729 0.171589967 0.836543095
17.889552983 30.604232120 25.760643797 0.472323982 -0.513464797 -0.413936246 -0.584739893 0.601014505 -1.069441432 -0.033447562 -1.845686282 -0.279602726 0.621701902 -1.112901905 0.160444067 0.312405300 0.051212781 0.097595502 -0.038223818 -1.290173692 -0.563049661 0.952051436 0.430872514 -0.380476173 -0.734941136 -0.562128278 -0.171152230
8.317365738 30.912092514 23.541426974 -0.003190440 0.361945030 -0.051855104 -0.930750592 0.104133317 0.079509506 0.824696548 -0.732356756 -0.516086684 -0.080774009 -0.176048731 0.212050427 1.241514432 0.112476697 -1.125067132 -0.383092635 1.445224119 -0.378095341 0.371538512 -1.728199233 -0.499958043 -0.043927114 0.583002736 0.020240752
10.445097335 27.856220072 15.711266046 -0.227182433 -0.810445763 -0.380806031 0.382821855 -0.693989766 -1.571185323 0.589564787 1.501108454 -0.500731705 0.085285452 0.299591413 -1.105248521 1.733073219 -0.287926836 -0.581362980 0.719433722 1.948139399 0.429890936 -2.292263890 1.015167088 -0.792972845 0.612790337 3.081631021 0.981791168
17.535276053 30.152310464 10.500802351 -0.320031382 0.048927279 -0.327287930 0.887732306 -1.498340688 2.298057734 -0.842057223 0.190265662 0.162405296 -0.780651764 -0.378745389 -0.420038662 0.397916411 -0.889170166 -0.289505835 1.546995005 0.606851781 -1.124441749 0.432237730 -1.567791378 -1.433091588 0.762984797 1.338733805 -0.486983599
16.728272732 29.215512035 10.852638456 0.528894029 -0.211216350 -0.200375468 -0.797187827 -1.276556821 1.619326992 0.693351453 -0.983625793 0.023213708 -1.142365034 -0.221368480 -0.377329105 -0.329779593 2.313668331 0.032646269 0.620161993 0.275357139 0.759134090 -1.637285415 -0.078028871 0.215950175 -0.345193576 0.740893482 -1.396604127
5.532522271 29.718689687 11.714294231 -0.069954833 0.103894359 0.016084952 -0.991994737 -0.564343200 1.328213400 0.696533832 -0.108059277 -0.890005661 1.935504615 -1.032896141 1.616062226 1.174947985 1.492560701 -0.191681645 0.229991339 -0.663298341 0.504493728 -0.712221540 -0.366608264 0.834102418 -1.422108438 -0.273516182 0.687399261
12.009538610 34.922671432 8.250224523 0.950218058 -0.008017800 0.294237364 -0.102204356 1.531199862 0.349015352 -0.510097854 0.942076264 0.420148506 1.777855210 -2.286503757 -2.220197788 -2.010918288 -0.079660464 -1.067500717 1.100241962 -0.812530475 0.847671952 0.886254240 0.788726961 0.080576996 -0.610508611 0.152116728 -0.149176058
6.535178441 31.305175265 22.680348910 -0.273694926 0.708920049 0.213217106 -0.614053676 0.495558251 -0.948202381 -0.173132774 1.342310557 -0.354401410 0.144961717 -0.572440890 -0.365346168 -0.478223731 1.546002399 -0.141385809 -0.518735190 0.069011347 -0.649756709 -1.272447312 -0.585385951 0.631684589 -2.135667760 0.791275329 -2.477115409
14.218548019 31.955086722 16.838126245 -0.363430694 -0.570080159 -0.616150848 -0.404085231 1.243809317 -1.524583067 0.876488571 -0.898219234 0.032459697 0.393609057 0.006140244 -1.085155064 0.234807508 1.004600345 0.049999337 -0.797545300 0.423223888 -0.963529663 -0.389111380 -2.944062010 1.141149732 1.392681746 -0.491520486 0.679973333
7.608464818 33.821446588 15.191527862 -0.376563296 -0.028710817 -0.593741007 0.710526136 0.662892982 0.652922300 -0.750179328 0.615471071 0.334955817 -0.498190093 0.164809118 -1.287201843 0.635776446 -0.443433379 -0.333521018 0.711445853 0.489520143 -2.120396368 -0.971855638 0.045603677 -1.227667553 -1.635881651 0.438715528 -0.677822770
7.693916405 33.336032823 9.562551977 0.501920249 0.293590592 -0.772487136 0.255233721 -0.577905115 -0.507315132 -0.411553474 0.131263413 0.640241096 -0.135188888 0.521667869 0.976650760 1.461988553 1.416395869 -0.211421354 -1.083082251 0.156686442 0.302915472 -1.019337453 0.220577014 -0.086929826 -2.107386022 -1.305094493 -0.405719805
10.876675638 34.113600808 9.526487863 -0.686584343 0.202347859 0.650168289 -0.254830297 0.289428503 0.315053164 0.205371466 0.238554286 0.417522707 -0.371858890 1.495892612 1.704029052 0.452137733 -1.895684838 -1.598514522 0.341987494 -0.114363024 1.949473556 -0.851517143 0.241941775 -0.614222794 -0.057501026 0.156811497 0.861185397
15.877839969 27.775261776 23.809721000 -0.365243719 0.611212616 0.587729698 -0.384174395 -0.158705528 -1.216591613 -0.694939227 -0.042751948 0.924218679 -0.125425413 0.360294757 -0.328070028 -2.515270324 0.381866554 -1.932003968 0.387549575 0.332963619 0.214016739 -0.835603736 -1.398082126 -0.224577483 -2.399026354 0.988565995 1.243298453
16.968415738 26.340852589 17.407644744 -0.532603093 0.253377835 0.249878790 -0.767915495 -1.224037701 1.032123819 -0.161746452 1.306967955 -0.739151516 0.082300792 -0.464204621 -1.512213373 1.720418829 0.785849153 -1.193314895 0.372274257 0.121791320 0.248881245 -0.109154559 0.435737876 1.787953812 -0.098781914 -0.224177971 0.611271114
14.161235271 36.917037311 11.660615800 -0.511926645 0.443643406 -0.012181161 -0.735502045 -1.427075756 0.529448366 0.651542955 -1.429314101 -0.229628147 -0.608133737 -1.352051033 -0.947775347 0.335205384 1.191123597 -1.159932752 -0.365670511 -1.265166550 0.932840092 1.848231900 1.132204685 -0.784805365 0.403243983 -1.171186316 0.038746484
5.249811291 29.192675315 16.931922780 -0.765189529 0.412764135 0.151357526 0.470320799 -0.065672243 0.354715835 0.962337530 -1.436011136 -0.269892156 1.386814677 1.858075841 1.003928577 0.212280466 -0.419549192 -0.136457317 -1.109238159 1.088004281 0.311345911 -0.528513819 -0.746831260 -2.295214418 0.094714095 -2.150006161 -0.340147317
14.812088646 37.615070059 22.297145368 -0.155851658 -0.051136864 0.925480383 -0.341440101 -0.638585164 0.210342201 0.870591179 0.120054273 -0.659451682 1.949978559 0.574475994 -1.233315436 0.469125100 0.377001896 0.799047975 0.299852042 -0.047280023 0.549572894 -0.586271589 -0.851941367 -0.755138670 -1.347949062 -1.006528599 0.092035352
6.801182479 32.313216864 17.399146379 -0.055601364 0.189751452 0.092081424 0.975922070 -0.229185874 -0.411631127 -0.124110037 -0.517502707 0.209854079 -0.389044847 -0.008088965 0.037605715 1.257187058 0.545526761 -1.015808639 2.228310820 0.185096019 -0.083404344 0.139796330 -0.825626574 1.036271850 0.329216462 0.386000574 -0.286435147
14.567103146 24.912864377 16.119311801 -0.338069852 0.001331110 0.600310765 -0.724799275 0.433230515 0.276681162 -0.583502985 -0.078772970 -0.064179569 -0.680034986 1.423124895 -0.839536651 1.941757554 -1.859821164 0.703630065 0.121870573 -0.848925715 1.378349550 0.266680136 -0.203265489 -0.517770987 0.012943773 -0.076091202 0.703609089
6.110478552 26.857821353 21.199310533 0.278761570 -0.398572338 -0.432953549 0.758935638 -1.346458010 -0.032597751 0.361073738 -0.448552551 -0.163103917 -0.408591350 1.348054890 0.452244576 -0.726826500 0.793332253 0.147999999 -0.266491842 -1.727774278 -1.272211129 -0.176687091 0.410336912 0.297979440 0.027217248 0.925783479 -0.677315487
7.583967239 38.759148021 17.688257306 -0.073777508 -0.505201987 -0.856240078 0.078617810 0.312781087 0.528165608 -1.123834026 0.231978135 -0.385656444 0.065159931 2.196293509 -0.988291536 -1.084345023 -1.128446627 0.081833189 0.103479557 -0.156511547 1.153707272 0.132334724 0.388886740 -1.569547950 0.378776799 -0.716608707 0.209721296
13.949224993 24.836899631 23.009045281 0.934252489 -0.348539164 0.004957402 0.075287195 0.685784372 -0.252582516 0.418113102 -0.074362117 1.604351702 -0.082650409 -0.043413650 -0.406973582 0.992105492 -0.627714535 -0.705899811 -0.249706153 0.211722914 -0.783822184 0.167724030 -0.237596321 0.420090666 3.437298746 0.691101535 -1.528603955
15.881035481 29.857323636 15.058059804 0.067229405 -0.074613382 -0.769500868 -0.630699187 -1.268213794 -0.704342225 -0.451866974 0.326055805 -0.236122553 -0.815269839 0.470358537 0.554207024 1.275687792 1.241658090 -0.042243655 0.998781241 1.114565733 -1.186000157 1.025756071 0.178194614 0.008513533 -0.328536316 0.052698445 -0.268429432
12.894689600 38.810404225 20.165793813 0.063205488 -0.162875621 -0.928595709 0.327393659 0.643568319 0.918450064 -0.094572679 1.961427397 0.213281511 -2.177766147 1.305503788 -0.646697387 1.561047836 -0.204170716 0.748981520 -0.147243185 -0.941292153 -0.457026172 -1.274972008 -0.984162659 -0.087936577 -1.066032998 0.686863752 1.139634171
12.473179124 35.047974927 23.813649454 -0.135079729 -0.327583037 -0.814043827 -0.460190687 0.731586102 0.016461966 -0.571597261 0.743391221 -1.196626134 2.003534698 -0.406764531 0.695090405 0.337923621 -0.900842749 0.287504838 1.585492835 -0.613174204 -0.132302036 0.621980858 0.090912161 -0.753547855 1.517604392 -0.210095793 -1.109594227
7.842562291 40.049814433 18.813611950 -0.322058533 -0.693055419 0.641423554 0.067292731 0.520241567 -0.744193192 -0.255040365 1.626207593 -0.744020267 -1.652566710 0.666376433 -0.389063002 0.483147927 0.474500478 0.552138139 -1.575886438 -0.764381074 -0.458191110 -1.558869066 -0.289254304 1.658945891 -1.448898584 -1.145169002 0.369040332
10.542949538 33.222421309 26.305944786 -0.469018770 0.148574903 -0.585772754 0.644063019 1.609409305 1.157875912 -0.435883389 -1.028581887 -1.656749587 0.552005249 -0.009614669 -0.818066453 0.067976976 0.828732822 -0.188924780 -0.870939308 -0.313507314 -0.273161831 2.091973720 -1.155078343 -0.836625692 1.245319665 1.064222174 -0.841121490
18.921180360 32.386663341 24.302276629 -0.338209999 -0.118135197 -0.625530371 -0.693087171 -0.171490017 1.795789541 2.109685245 -0.201191978 -0.268215273 -0.499005042 -0.022045528 -0.274485464 -0.656136826 0.223781909 -0.068093664 -1.129168657 -1.223576431 -0.553137752 1.420985242 1.622710429 0.862317833 -0.244168723 -0.844847059 -2.275351788
13.539754703 39.655743091 12.673185876 0.188297227 0.487676370 0.449994060 -0.724031255 -1.688145234 0.513021681 -1.028572588 -0.437941929 1.050112006 -0.453865488 -0.437339896 0.902026366 0.649960723 -0.224994417 -0.314608248 -0.060378471 1.284445432 -0.843827091 -2.590345594 2.030857728 0.535029023 0.615945351 0.963148729 -0.127782467
20.325952928 37.190767201 19.738853060 0.043886668 -0.474429486 -0.601508947 0.641231323 1.500892145 1.039453287 1.122639012 2.438890864 -0.650804849 1.135973416 -0.729813918 0.932100855 -0.711054176 1.456647680 1.751059536 0.022943133 -0.531857275 -0.499595373 -0.380249417 -2.007225350 -0.751530913 -0.273227873 -0.745715555 -0.710122481
13.197746733 33.287904478 18.633098338 0.464038344 -0.024078467 0.743424794 0.481049082 0.493313369 0.390768587 0.285991190 -1.525373002 -0.764817498 0.429285509 -1.289904263 -0.316940579 0.685008188 -0.455388836 -0.067617805 -0.177935034 -1.412059260 0.800895984 0.556336836 -0.200841321 0.619438163 0.373790892 2.222403649 1.138347284
12.431173049 34.742185542 8.420076604 -0.418406751 0.140842299 0.886271989 -0.140075691 0.256585671 -0.842283121 -0.671699989 -0.652974197 2.132420246 0.794366634 1.092685784 -1.963264060 1.161850328 0.152886707 0.966976962 -1.675213520 0.116189767 0.691491317 0.641275058 0.781123119 -0.224103598 -1.025129822 -0.813798194 2.295218030
10.712505700 30.659270561 23.277175888 0.607682421 0.389281825 0.258134290 -0.642299326 1.054966709 -0.490710756 0.029134956 -0.981715411 -0.960607931 -0.127611205 -0.731880853 -1.991354554 -0.573456494 -0.788782666 1.816505439 -1.585984023 -0.814501179 -0.803152459 -0.097043346 -2.401307021 -0.037402112 0.964428301 1.001902229 0.376154774
16.432132149 28.670844508 22.412741340 -0.042797303 0.704779701 0.615031310 0.350984974 0.598314137 -0.484459912 -0.591421833 0.107527751 -0.120669429 -0.077724711 0.532479612 0.311570315 0.053383989 -0.479533805 0.713708981 -0.823030400 0.214731534 -0.382269248 -0.294350624 0.814585961 0.160703283 0.238132793 -0.522217713 0.243324811
19.628421667 31.562598233 12.254884624 0.643727827 0.486423279 -0.386944878 -0.446408490 -0.649231656 -1.066077815 1.226220467 -1.286913303 -0.880545762 0.017094789 1.010215830 -0.424396888 0.514578167 0.710757360 1.206975622 -0.520580441 -1.768078428 0.033003928 -0.344399954 0.196332970 1.923208047 1.236389084 -0.300558251 -0.858780161
7.092802729 30.056421205 11.800421789 -0.572749299 -0.094977563 0.513369162 -0.631972790 1.083372478 1.125035253 -2.125342031 -1.375335451 0.329198278 0.287414753 -0.626778570 -1.002786126 -0.042963340 1.073504529 0.055854283 1.204117214 -0.882497419 0.080835937 0.597686023 -1.552803528 1.170731989 1.096043284 1.476522957 -2.399382243
4.461422529 36.978892909 18.017613802 0.700619699 0.487297882 -0.520340646 0.030305510 -2.159293690 -0.441324796 -0.923879676 -0.875279002 0.293705461 0.957818054 0.920315321 1.289191073 1.425064103 -0.952780169 -0.254576659 -0.476516685 -0.099770772 1.374095581 -0.426430855 0.542926499 0.700593246 -0.070552434 -0.093723388 -0.885985921
