-1.541219243 -20.956028248 -50.928806662 0.082429843 -0.845913787 0.512148021 0.123853097 0.626372254 0.452855594 -0.356219662 1.140428755 0.434395653 -0.414313666 0.002495594 0.135479632 -0.540697804 0.003175644 -0.885957633 -0.225527211 -0.314179779 0.696493986 -2.162594761 -2.783222140 0.207452348 -1.809131926 0.839267946 1.280174107
-6.158207707 -26.032747556 -41.107386368 -0.614890110 -0.149623723 0.044558848 -0.773005435 1.146787299 -1.410918212 -1.910016072 -0.145067453 0.605166619 -0.469528075 0.397488200 0.245990478 0.047183278 0.217068091 1.013528211 0.719501070 -0.217988289 -0.458010502 -1.186160093 -0.096737716 1.090813957 -0.124805985 1.129832988 0.162334287
-6.787206337 -17.765357094 -38.510313210 0.116766376 -0.745398219 0.348289111 -0.556274935 -0.086178860 -0.159919324 -1.180139667 1.083609375 0.202365047 -0.395580077 -0.886132069 -0.564621589 0.974701497 -0.575325698 -0.237304074 -0.480997168 2.612483083 -0.767966837 -1.287393871 1.289820760 -0.801301288 -0.833125741 1.052755691 0.069894776
0.641656838 -19.202919953 -44.523076383 0.925742276 0.101904645 -0.135516105 0.338011934 0.117171615 -1.132988954 -1.648752487 -1.314854655 0.897964013 -0.469536458 -0.217688848 -0.603978240 -0.897257187 1.563421088 -0.421867175 -1.128629534 0.415859815 -0.251311256 0.451465461 1.006178737 0.481534536 -0.074334156 1.491440303 0.170633402
0.076478370 -12.646351153 -46.219708155 0.247827947 -0.570454591 -0.705508940 -0.339735197 1.413295775 2.447067170 0.068063943 1.746049689 -0.959979787 0.749059770 -0.382259584 -0.213536193 -0.751773360 1.701488137 0.381361369 -0.654893534 0.773037588 -1.192889310 1.896359331 0.117888756 -1.135527532 -0.561798348 0.954577409 0.526356031
2.315078338 -14.338815110 -41.705843004 0.152033180 -0.121546661 -0.979797802 -0.045919366 -0.183453461 -1.884748953 -1.376213129 -1.260791052 -0.470539914 0.591956306 1.201614261 -0.953900508 -0.342044303 0.977031025 0.312190074 0.788665137 -0.724221566 0.571440715 0.625932362 -0.396680507 -0.214855957 0.688082818 0.500167670 -1.787107534
-5.614682102 -15.892619909 -36.586444804 0.914933085 0.381396407 0.131391461 -0.013058147 -0.527490951 0.415968213 -0.315788141 1.934572555 -0.029081270 1.859423208 -0.635864717 -0.661012340 0.843298083 2.002129721 0.614998165 -0.645258824 0.301081588 0.193804822 -0.449111264 0.786304072 0.899062932 0.363649571 -0.885153621 -2.096548319
-2.477698199 -23.205797114 -38.038884507 0.812094830 0.356869561 -0.433431390 -0.159007339 -0.353551240 -0.004823975 1.133301730 1.199613119 -0.851122668 1.064483142 0.439295583 0.301531641 0.321976701 0.147866094 0.360316363 0.123411125 1.793208967 1.382939842 0.600215849 0.284288239 -1.325941443 0.249808566 1.949620324 0.268072991
5.383486519 -13.514046094 -42.291533493 0.812469234 0.160796299 0.008356073 -0.560328895 0.159862788 0.007018179 -1.006049921 0.420490424 0.533838047 0.128633794 -1.488079219 -1.022229570 -1.133160019 -0.678634389 -0.267435135 -0.623948589 -0.431781412 -0.867250109 -0.661822818 1.136247777 -1.282660557 1.461789005 0.210183879 -0.868795824
5.292551480 -14.917249088 -37.690344573 -0.671137664 0.672379312 0.294705884 -0.103095774 0.452043654 -0.322467082 0.176796462 -0.730151303 -0.289716435 1.275355841 -1.325097861 1.665198606 1.568199544 0.656020654 1.562182298 -0.386006068 0.408922201 0.071237353 -0.631165574 -0.085494734 -0.185562375 -1.082009476 0.639530094 0.552963653
0.760628295 -17.249659567 -45.891989299 -0.030933316 0.065682099 0.124832785 -0.989517947 0.659002670 2.114983350 -1.108399922 0.016507558 -1.465094953 0.508102192 -0.221221126 -0.652647421 1.503261901 -0.582662341 0.527157164 -0.206429023 -0.962802980 0.955769661 2.732848187 -1.976021398 -0.180163369 1.741557757 0.421408356 -0.874463700
-7.765489280 -23.744319401 -39.626088136 0.657208686 -0.041134765 0.663523043 0.355136376 0.338485302 1.687769350 0.152827539 1.025978208 1.349787611 0.687608150 -1.881831185 -0.593560951 -0.134925162 1.565570630 0.035403801 -0.903292235 0.690892583 2.768190071 0.539576817 0.777992849 0.015946583 -0.517626640 -0.177393119 -0.371886756
-4.201622558 -12.125173479 -37.106247153 0.749155343 -0.090189835 -0.303499978 -0.581824569 -1.335849475 -0.531964510 -0.477524571 -1.310774054 -0.414207806 1.572190576 1.079521595 0.090956944 0.396317498 -0.907884944 1.189393872 0.908198859 -1.787241788 1.253640025 -0.701729952 -0.425846098 -0.815758051 0.195833350 -1.329305185 0.220280380
0.824190655 -24.530285980 -34.204823617 0.725670322 0.635355290 0.160187317 -0.209919658 -0.046802379 0.155614447 0.581310211 -0.325609925 -1.490242725 -2.199900555 -0.015088579 -0.029786860 -1.687204536 -0.097309068 1.618289625 -0.523440805 -0.490056693 -1.221365289 0.707611466 1.212332960 0.144387312 1.079872654 0.449850331 0.892448613
6.020150653 -14.945280988 -38.526877758 -0.091334871 0.522431888 0.472868948 -0.703646092 1.069104351 1.417993903 -0.089822163 -0.189473848 2.010619313 -0.362596282 1.111664531 0.195471941 -0.680060744 -0.680954254 -0.583825035 0.492096427 1.815841960 0.371182624 -0.204543180 0.708415207 -0.835457500 -0.227037090 -1.121965589 0.462225562
-2.936420630 -12.489772548 -45.958551335 0.197658064 -0.855052448 -0.352903132 0.324462603 0.275066731 0.271774979 -2.134692645 -0.092687717 -0.507979991 1.261345614 0.558867071 0.501785497 -1.393505512 1.291585570 0.078332510 2.594586543 1.232266256 -0.006433392 -1.502382627 1.202196191 0.828814903 -0.022350169 0.444857103 0.925401694
6.057664835 -14.786111318 -38.963044426 -0.958055474 0.226986878 -0.169438330 0.043558226 -1.569889530 0.644459688 1.298939001 -1.597156124 -0.298292773 1.556567644 -3.109942388 0.564654967 -0.211370618 -0.287967358 0.180513177 0.399369953 -1.732136227 0.479214098 0.458120544 1.302486727 2.265074467 -0.320126977 0.228416661 0.802379496
-3.613680863 -20.256178909 -37.172332523 0.472068847 0.154140495 0.024662572 -0.867630952 1.317152291 -0.981587476 -0.984034658 1.080229375 0.800698695 0.340292413 -0.737548221 -1.440928348 -0.041767935 0.461128102 -0.517852398 -2.460350002 -0.293468765 0.303816471 -0.808895448 -0.278927793 -1.410877294 -0.455101628 -1.101461691 1.561725576
-1.676075477 -14.865208113 -33.923845215 -0.864279935 -0.099519470 -0.047861956 -0.490739546 1.037287228 1.268164418 0.587870438 0.009258042 -0.947307222 0.480400006 -0.808006051 1.409987470 -1.413325834 -0.053083897 -1.337257132 -0.315966940 -1.276889810 -0.984138873 -1.355626497 1.705943649 0.464888885 0.914352977 -1.129669940 -0.829784353
-1.716587660 -26.964780834 -47.191242378 0.355762179 0.107429165 0.814673889 0.445195126 -0.654718809 0.232489518 0.844887146 0.249504999 0.442980222 -0.765354865 -0.651488996 1.630919979 0.846622463 1.534074135 1.039694248 -0.790070888 -0.430390175 0.104320291 0.729536051 -0.442408713 0.938342516 0.549269762 -0.208017823 -0.794906379
2.628076014 -13.974997247 -38.124622937 0.610092222 -0.055776060 0.094068520 -0.784746854 0.019143043 -0.233648772 0.194517527 -1.435550417 1.938432773 -0.189513175 1.902292633 0.060612807 0.355865824 0.583940129 -0.220259001 0.685521264 0.173335957 0.126087410 -0.042975454 0.385546191 1.213623692 1.524353821 1.300419730 -0.529263673
4.459811791 -19.792796247 -47.661914454 0.180841159 -0.022683503 -0.339230635 0.922878383 -1.963889269 1.393930758 -0.377838180 0.583463428 -1.541514539 1.935750181 -1.063562404 -1.090799025 0.018270199 0.524049364 -1.680765767 -1.903639517 -0.891273580 0.921488477 0.539636660 0.645380983 -1.761823098 0.519801573 -0.733381047 0.898693427
4.499661936 -18.508586432 -38.691454447 -0.911659482 0.369529883 -0.045502188 0.173937358 -0.303545577 -0.108543638 -1.415037533 -1.376056171 1.107995228 -0.529002608 1.525109156 0.167939383 0.191473853 0.738972157 -0.881900071 1.641480137 -0.369124122 1.372482494 -1.927407285 1.755123040 1.600486983 1.837487840 0.259465880 -0.367701477
-6.848537278 -16.901785179 -47.939258867 -0.082615071 0.963357948 -0.131008299 0.218981824 2.247122892 0.447857220 -2.504104916 -0.520756692 0.481180920 -0.026793122 1.423734343 -1.291998239 1.913350426 -0.662967373 0.736543575 0.718867562 0.978717525 -0.964708497 -0.038154699 -1.617018979 -1.107181216 1.132894313 0.610298774 0.117701594
-0.772982038 -18.379050577 -46.304590241 -0.433220374 0.145116602 -0.823206780 -0.337033940 -0.938810621 0.599867774 -0.798589741 -0.461381019 -1.178431176 1.217300832 -0.514042508 0.276301491 -1.329293848 0.159593930 1.019419395 0.664928328 -0.934191549 -0.462497073 -0.670411291 -0.765784294 0.512444979 -2.598705704 -1.571840326 0.877286021
6.085563754 -19.405719887 -35.795305772 0.541296370 0.800880545 0.011186157 -0.255858286 0.347717359 -1.498287165 -0.266986060 0.048719367 -1.834585969 -0.329995376 -0.155666730 -1.133171011 -1.030109352 -0.085112084 -1.252825069 -0.727184541 -0.074469305 0.907608744 1.492172187 -0.730504705 -1.009895347 -0.192255106 1.116944319 0.803982760
2.554445282 -12.534702961 -46.289093941 0.343902942 -0.848598029 -0.382662589 0.123213207 -1.095025812 1.097877316 0.834832687 -0.368861083 -0.278880412 1.636920759 -0.531727340 1.093822243 0.979449350 -0.093179564 0.385913788 1.415647424 -1.012714455 -0.906233410 0.299002657 1.715123905 0.292934764 -0.973144807 -0.047226285 0.026656487
0.749508793 -10.619742843 -39.413643141 0.125758148 -0.497715075 -0.838079699 0.184626681 1.175107810 -0.925711553 0.155599904 -1.082249750 0.010123893 -1.060890488 -1.584472573 0.597270229 3.330114196 1.048033069 0.196543307 -0.822558429 0.710292496 -1.328251591 0.909375663 -0.215846252 1.413427554 0.609739797 0.193601467 0.555634967
-1.332045500 -13.575460237 -39.654783508 0.294098568 -0.691279257 -0.183898989 -0.633892880 0.781462756 -0.303785149 -0.316568050 -0.959320274 -0.031997499 0.349417756 0.183959463 -1.586740358 -1.251321426 0.128496087 1.053615763 -0.395910556 0.027615894 1.152381726 1.028825690 -0.759518060 2.116011962 2.586040397 -0.080112725 0.350495742
4.766663543 -22.555130434 -35.883057975 -0.730363389 -0.366598281 -0.509245613 -0.269896139 1.214894074 -1.311885754 0.598212989 -0.244059097 -0.263619777 -0.472768309 -0.167463316 -0.586790859 -0.967107070 0.370863636 0.618934279 -1.075718643 0.249238691 0.458739286 0.547448003 -0.814638350 -1.135758649 -1.687423714 1.862452841 1.182504042
-3.466431841 -13.799826749 -43.785362723 0.546427640 -0.499810545 -0.410378790 0.532161162 -1.160660344 -1.568201803 0.586481709 0.648660277 0.691443964 -1.345083261 -0.380358087 0.403922150 1.812784975 -1.185502504 -0.082052165 -0.938859804 -0.067539756 -1.191297152 -1.577034871 0.147468186 0.232494473 -0.328400327 1.358365459 0.335742990
0.156450588 -11.921359687 -41.342314023 0.848210667 -0.200264310 -0.486803430 -0.058781720 0.052617897 -0.431971161 -0.765788982 -1.214466727 0.187041921 0.665865196 0.201735585 -1.740576106 -0.854178952 -0.111215795 0.644885252 -1.763394919 1.348504608 1.193118440 -0.941658774 -0.632525386 -0.376199860 -0.799488226 -1.084774656 0.619651491
-0.142212469 -15.895493362 -49.638855499 0.430713198 -0.064181441 -0.764580978 -0.475166089 0.640529025 -1.123585402 -0.243375790 1.462644593 0.314158307 -0.446571032 -0.321039991 -2.189440642 0.365627741 0.495637124 0.086413653 -0.635659149 -0.729438697 -1.143735257 0.669534891 0.817420545 -1.386385565 0.508142363 -0.782115401 -0.976344143
0.790099076 -13.184098386 -46.606059989 -0.549200566 0.225244873 0.062274099 -0.802349937 -0.941250887 0.652722820 -2.029509516 0.208166959 0.364624741 -0.755621696 0.156092555 -0.663457072 0.292369158 -0.088355743 0.211280812 -0.385672089 0.775004332 0.042422624 -0.484438882 -0.202616451 -1.146132984 -0.609018156 -1.064612945 -0.342066300
2.104660391 -22.447705987 -35.893595695 -0.460240097 -0.222811226 0.247216330 0.823054249 -0.709462481 -0.443112148 -1.116064934 1.526138339 -0.024646365 -0.788246619 -0.819959255 -0.105431940 0.939388457 0.006403499 0.076739142 -0.164303300 -1.193137506 -0.870074611 -0.756245415 -0.061967009 1.699870695 0.796089812 -0.503672701 0.080970308
-1.998711834 -19.085087353 -35.095091391 0.865911186 -0.279856684 -0.396778201 0.120187822 1.262081154 1.102457047 1.846945623 0.274316288 -0.550235190 -0.822352737 0.309777986 -0.410898648 -0.785716881 0.530075815 1.265655544 -0.692181490 -0.569112307 -1.262826051 0.898020762 0.695045109 -0.545458307 -0.185641947 0.862244912 -1.454718675
-0.811060659 -20.196826513 -36.746087674 0.055991266 0.382154458 -0.670754082 -0.633176050 -1.244448796 1.910861561 2.749907529 0.310196620 1.097770562 0.499440057 0.634404776 -0.566885648 -0.248684148 -0.761042438 -1.027075220 -1.538347932 0.440857149 0.271199230 -0.161707318 -0.163443918 0.864168630 -1.283783282 -0.237682609 0.403196357
4.536018750 -16.494761734 -39.654477471 0.625067583 0.768290224 -0.108934893 -0.084580365 0.422052382 -1.860199702 -1.275234263 -0.916644438 0.268002278 0.332806950 0.161690057 -0.583118108 -0.891387133 -0.185031110 1.851339386 -0.665424821 0.203180898 1.865350583 0.429454813 -0.472877612 -0.004803933 -0.054836824 0.385590590 1.196673078
-8.710567694 -21.088672492 -41.134359071 0.447676066 -0.807449126 -0.147754392 -0.354655732 0.263297335 -1.265211180 0.837591226 1.527477463 1.746369361 0.284054730 1.132298230 -0.149252483 -0.772410291 -1.794626006 -0.198309880 -0.769422354 1.124232340 0.134046569 0.070878983 0.046765314 0.120214943 0.930415491 -1.400171577 -1.157391006
-2.506133857 -18.722395562 -49.362538121 -0.416179364 0.185272971 0.733606750 -0.504271553 -0.673640819 0.010960914 -0.473352807 -0.053453916 -0.493610068 -1.108459635 -0.914054292 0.566701942 -0.418832969 1.169153582 0.268165023 -0.726371328 2.289354820 -1.474891520 -0.137299111 -2.727187360 2.121031482 -0.023145716 0.193717319 0.828856702
7.253533407 -13.793386666 -42.249962653 -0.366799626 -0.700493622 0.428883762 -0.436835711 1.981448655 0.143849187 -0.309478488 0.920859833 1.617711550 0.617054981 -0.225199264 -0.270262526 1.235170776 0.320328241 -0.023941097 -0.895874557 -0.852382039 1.682213409 0.898573963 1.047552459 -0.265143419 -0.174521476 0.009634571 -0.661296107
-1.348140704 -18.554265553 -32.906241271 -0.791865344 0.418581101 -0.080856855 -0.437265718 0.924663857 -0.414347421 0.552902926 -1.204379500 -0.936031947 -1.315880863 -0.709004935 -0.036094560 0.678425388 0.331489786 -1.420562863 -0.834345262 0.643353974 1.367731358 0.064780829 1.835342823 0.942236955 1.235496496 1.798438476 -0.075542899
-2.689626027 -11.822353515 -35.301388197 -0.037944256 0.341194434 -0.085460123 0.935330508 -1.008160438 0.180558569 1.778579804 2.831954571 0.245177881 0.030161737 0.993854511 1.194353969 1.908514252 -1.230465472 -0.958671693 0.357886876 -0.809371177 0.150802357 1.835361699 0.187592426 1.395070298 0.533102785 -0.790877164 2.041153350
-6.092010297 -23.872715854 -39.285513513 0.771082088 0.471452548 -0.097833437 -0.416645565 0.690943910 0.834090506 0.906528540 1.224109214 -1.124874577 0.534986790 -0.175443111 -0.339042159 -1.062888261 0.523926286 -0.667621338 0.175395621 -1.226226484 0.547733299 -0.840905417 -0.386246347 1.365448812 0.605364248 1.743956477 -1.349890017
-2.009505314 -18.631009020 -43.997239030 0.468098305 -0.363423213 -0.792091347 0.146283436 0.173836722 -0.380906174 -0.623488615 -0.188454095 0.960778832 1.542576908 -0.590289263 1.487100428 0.789977678 0.432427537 -1.592142443 0.500888119 0.447797983 0.251941093 -0.307454442 0.754188822 0.221621226 0.548415564 -2.036326370 0.924236044
-6.940224201 -18.177235475 -36.720309352 -0.541435305 0.595798934 0.282653202 0.521515683 1.619272788 0.268938196 -1.896162419 0.192840796 -1.315883492 -0.402731101 -1.968298058 -0.287415911 0.375579261 -0.226507699 -0.200399285 0.514401995 2.819167956 -0.718386105 -0.998653929 -0.928356726 -0.736197998 1.238421537 -0.594150035 0.062484013
1.209429027 -20.999541726 -45.907579041 -0.804757276 -0.402935181 0.432122050 -0.057266923 0.212327031 1.190313185 1.277775378 -0.548091632 -1.146399835 -0.055361864 -0.285163355 1.267548796 -0.330912394 -1.317145851 0.941229831 0.805571129 -1.737068469 1.632973334 0.052418246 -0.083375132 1.433388397 -0.057894558 0.588025294 1.573144963
8.027658707 -19.750347089 -43.572010648 0.193513669 -0.516966336 0.186654028 0.812686004 0.195683207 -0.277472792 0.049191934 -0.447905350 0.744375278 -0.758696124 -0.201129734 0.733587178 0.260212835 0.394078956 1.153148702 -2.137869077 0.618213892 0.933206752 0.559138664 -1.472698817 1.320973156 0.793325098 -0.032591966 -0.169698098
-3.376807225 -24.829261064 -49.125351369 -0.327519138 0.263669697 -0.892806779 0.161572151 -1.142716664 -0.735691306 0.980288577 -0.652387525 -0.539013366 -0.016913130 0.524245406 -0.036470156 -1.028298363 0.373506246 -0.529659886 -0.486067721 0.222736476 -0.400153527 -0.940083295 -0.937506827 -0.241781564 0.244979736 -1.041524285 -0.387369224
-8.265520788 -18.603224360 -46.759250831 0.112993243 -0.616136433 0.078094784 -0.775570518 1.796777747 0.527221551 -0.049438475 -1.431394825 -1.673808332 -0.962776563 -0.093043940 -0.116362518 0.003012981 -1.095836899 1.468619034 0.018627744 -0.952004905 -0.142133825 -0.783000165 -0.854985237 -0.143916647 0.822886878 0.740077647 -0.801046155
-4.928308691 -17.495409438 -45.795277967 -0.200725848 -0.369214550 -0.737784546 -0.528264813 0.326815288 -1.330646747 -1.671409393 -0.999584998 -0.005162220 0.154226821 0.548705575 0.289869777 1.573512892 -0.446243442 0.527402558 -0.922146129 0.869404183 -3.362337310 -1.348654593 -2.814966577 1.869863397 1.077067945 1.281912768 2.582238534
3.633664809 -22.068031976 -37.845255242 0.071440627 -0.843258588 0.479807593 0.231507804 0.598679839 -1.352268131 1.604692182 -0.765587349 1.829812294 0.369668975 -0.713681626 0.654934076 -0.040291340 0.227640535 0.641224282 -0.528042812 -0.832752284 0.308954343 -1.026917083 -0.588008906 1.036967442 -1.198814764 0.622143400 0.462008803
3.917156297 -16.765091663 -39.470008910 0.026513243 -0.723132101 0.597415370 0.345647057 -0.707873921 0.821626163 -0.501094511 0.498353504 1.177104550 -1.177387715 -0.622928505 -0.179101284 -1.291456646 -1.816859170 0.520744860 -0.851159315 0.845537698 1.117604708 1.348174248 -0.479010039 -0.078147966 -0.745630120 0.071066900 0.555617418
5.135447144 -19.633282036 -33.921812785 -0.031416808 0.762551885 -0.626944109 -0.156424715 -0.632318364 2.443657511 -0.363947702 0.483993001 0.449739383 0.953202024 -0.531049856 0.199716937 0.792295252 -0.369472760 -2.000813042 -1.239465983 -1.398634725 2.192514750 0.146474023 -0.156760565 1.805136261 -0.281370032 -0.230413573 -0.912991909
-8.730480754 -24.113914373 -41.553612942 -0.190246358 0.072871355 -0.963836486 -0.171800227 -0.521304429 -0.913440712 -0.934774390 -0.053231521 0.458106129 0.327499233 -0.043124991 -0.830749861 0.808610034 -0.009016604 0.353161217 1.609887575 0.286937380 -0.331264068 0.358165162 -0.676105579 -1.722775722 0.004728932 1.304527776 -0.992963881
1.144802334 -23.389482519 -40.378342044 0.291043873 -0.886529360 0.131266454 -0.334855606 -0.564205768 1.101361645 0.446886473 0.543112338 1.018391738 -0.258422831 0.388250130 0.607424892 -1.222766022 -0.042416966 2.151395437 -1.316922960 0.703589392 0.475175115 0.220502260 -0.332596651 -0.302104214 -0.477347227 0.068765561 -0.098938255
6.990471495 -21.888597655 -41.429756712 0.309779698 -0.846513021 -0.234878283 -0.363709274 -1.009608762 -1.934190268 -0.421723490 0.336981174 0.623682135 -1.449678317 0.338256831 -1.789605424 -2.195928391 0.345668103 1.874354205 1.564272604 1.342588449 -0.098838405 -0.821410031 -1.764988179 -0.779774829 -0.882118444 0.250815708 0.957112649
-0.500415403 -15.471863582 -45.604707462 0.184160069 0.249387817 -0.925496647 -0.217593066 0.520403360 -0.464591069 0.073668187 -0.298913486 -1.139915885 -1.050682870 -0.052209243 0.020111885 -0.471076255 0.362650182 -0.884444581 -1.112032156 -0.044139148 -1.086384188 0.409264915 0.792972106 0.575758410 0.061153226 0.617103673 -0.860290853
-5.821954040 -13.514398543 -43.218674777 -0.345237951 -0.053972839 -0.929752881 -0.116005474 -0.915586556 0.177219192 0.103381677 0.533975430 0.804470850 0.512000705 0.441663831 2.414969442 -1.281031272 -1.233815843 -0.831186765 0.709660895 1.408673199 1.719976726 1.680939617 -2.049887825 -0.691862650 -0.507120345 0.551958463 0.610439304
2.641567090 -12.988192148 -34.547098036 0.564122027 0.766304936 -0.127970338 0.279583040 -0.145487970 0.571508503 -0.430527224 -0.328256566 -1.009246496 0.499854095 0.651337818 -1.168123622 0.042118391 -1.881134781 -0.554484014 -0.703941259 1.775472304 0.340680282 0.659785653 0.441558991 -1.077741947 0.579425726 -0.150639340 1.225842292
-3.661763498 -24.433292419 -33.915684573 0.072005764 -0.408919109 -0.618279403 -0.667331186 -0.286587937 2.053050514 2.187179499 0.963533556 -0.157713741 -0.235725923 -0.747107455 0.765810928 -2.246615184 0.460535363 1.231029681 0.584864635 -0.672844647 0.732277074 -0.834278780 -1.275074183 -0.402131556 0.695450277 -0.707988219 0.614121479
-3.888919691 -28.352019594 -40.314655705 0.808574036 0.383419330 -0.180499246 0.408188275 -0.537525256 0.830679605 -0.379429852 1.606500939 -0.947941974 0.042384298 -0.812045466 -1.146262461 1.475306680 0.880265280 -0.382383908 -0.943550177 1.532958825 0.765182359 0.777811758 -0.942827192 -0.433144835 -0.778595710 -0.632254085 -0.945644943
-4.641991820 -19.077961038 -44.955686917 0.204118607 -0.364352899 -0.234649501 -0.877793923 -0.035835581 -0.271413025 1.794843270 2.128689647 1.268508160 -0.329441354 0.156596768 1.531647673 -0.012009388 1.168342023 0.254210859 -0.746094533 2.583576865 -0.067071466 0.768206074 -0.576757618 -0.079111932 -1.777378482 2.986965382 -0.176646964
-4.005749727 -23.609346917 -33.477938583 0.598051120 -0.558399421 0.080255906 0.569283702 -1.357816151 -0.454770974 0.382093684 0.942502674 -0.030992932 0.055592933 0.633742333 0.043083212 -0.502835373 -0.247390509 -0.294506189 3.153417374 0.655094003 -1.070027250 -0.038510334 0.991381764 1.626535707 -0.104218315 0.501136642 -0.638960789
-8.810671152 -22.095536047 -37.629803251 -0.471009808 0.642252739 0.466177631 0.385148796 -0.378887468 1.429277523 0.367631131 -0.855742880 -1.287486650 0.078744690 1.763881036 -0.737416206 -0.956375599 0.606066525 1.513426859 -0.740541932 1.521371267 0.323312291 0.569424663 1.180461208 0.550627645 -0.658548836 0.143137578 -1.256794343
4.117036042 -25.721602045 -37.138396782 0.407458259 -0.353110238 -0.615441921 0.574910574 2.498522291 1.204101560 -0.309689086 1.625689556 -0.516241402 2.035828284 0.637096407 1.165725297 -0.841502348 0.231823661 0.193960690 -0.211024916 0.615423164 0.657172295 -0.762201009 -1.311293851 0.624838239 1.828596983 0.959010899 1.087091446
-0.049973627 -11.013436491 -44.841235760 -0.689330156 0.563032592 -0.415167803 0.188292144 -1.708556529 0.301667246 0.109162374 0.034913183 -0.136985850 -0.459607339 1.438797375 0.345910401 0.033337488 0.417944346 0.036593565 0.081233366 -0.572090079 1.506218774 -1.015293510 0.849185167 -0.662131386 -0.219896263 -0.037783609 -0.987748284
-6.660181076 -25.609405061 -43.391702310 0.945164414 -0.281924188 0.141065523 0.085343427 -1.197328888 -1.164228688 1.069150541 -0.453701571 -0.056075975 0.874868640 0.380774677 -0.896164315 -0.336946101 0.304365808 1.035195926 -1.005970218 0.254443550 1.604638025 1.361955158 1.224667039 -0.356799460 -0.124908213 1.672290141 -0.434093341
2.766759596 -19.332446090 -37.872418224 0.250235144 0.124100294 0.290248145 0.915280014 -0.554086838 -0.479290602 0.329634023 -2.097689798 0.215972401 -0.148289962 -2.452197946 0.225632097 0.757137277 -2.003677975 1.447502511 0.058420004 2.360144916 1.104527068 -0.237815682 0.278162709 -1.565859883 -1.322050562 -0.523382685 -0.161051779
3.408150238 -17.698982582 -43.411544149 0.605601469 0.649452043 -0.070109692 -0.454470611 0.451678752 -0.098756996 0.158719386 -1.137057430 1.022899042 1.151081780 0.136791657 0.093156110 -0.342158180 -0.413227739 -0.060121905 -0.464602183 0.366280738 0.866622260 -0.471945578 1.466906681 -0.316183058 -1.275750971 -0.864675809 0.805972691
7.268785818 -19.320133873 -46.115889859 -0.923195221 -0.137434564 -0.282940385 0.220832660 0.196268868 -0.252693642 1.897957006 -0.493299206 -0.355464931 -0.550633648 -0.245805009 0.137701875 1.051369731 -1.203555634 -1.530477385 -0.997645543 1.512242663 -1.427281428 -0.731611441 -0.289840963 -2.090143006 -2.648968891 0.779270184 -0.692706672
-5.363005141 -26.823472595 -44.718901073 -0.635312334 -0.571611489 0.112134970 0.507015081 -0.627807868 0.399680572 0.273171014 -1.546835245 0.088551668 0.755285415 0.241189551 1.356415965 -0.535743476 -1.037816755 -1.169447898 -0.170626613 1.457052865 0.029636262 -0.247167821 0.349196335 -0.550892060 -0.526150040 1.630767162 -2.195724475
-8.399743343 -21.264558457 -35.696843752 0.373563405 -0.136648231 -0.821595443 -0.408360836 0.824517171 -0.596778566 0.432214269 0.628110172 1.022158481 0.454139455 -0.641206469 -1.074478588 0.472084529 -0.465979912 -0.309955784 1.248814630 -0.774554869 -0.433945867 -0.043299724 0.578176605 -1.681448592 -1.056802595 -0.051289763 0.353423721
-4.149476841 -24.643086242 -45.400509711 -0.135943234 -0.312642653 0.901089690 0.267976455 1.302350076 -0.492858144 0.323288308 1.475955957 -0.442366700 -0.018639157 -1.815035302 0.375353739 0.754550154 0.469962385 -0.068375754 0.842620592 2.039089670 -0.137177366 -1.955166868 -1.155762591 -0.182100574 2.166226363 1.009604074 -0.064148294
4.316220704 -17.995734197 -33.978056774 0.222469011 0.775864551 -0.039231120 -0.589069314 -0.482838724 1.712794262 0.161411521 -0.473273814 -0.401231610 1.241584539 0.594025008 -1.596210952 -1.566575906 0.256709730 -1.395017626 0.259165778 -0.292706472 -0.552650231 -0.864502514 0.374939216 0.490222684 -1.522617370 0.606537070 1.068645763
-2.400115038 -25.601259870 -34.398560683 0.119676639 -0.497338869 -0.083104460 -0.855234003 -0.611387658 -1.964599859 -1.822179926 -0.605741941 0.225580054 -2.025155866 -0.846055061 -1.296624196 2.428384857 0.149407151 -0.169142128 -1.351806182 -3.264875061 -0.507640600 -0.050086128 0.191267392 -0.880683386 0.515911442 0.161097530 0.117425472
1.315052167 -18.479965945 -37.801921830 0.438583215 0.643747534 0.045091682 0.625460323 0.912049723 0.604108660 0.364321927 2.867423972 0.665993637 -0.558235464 -0.741085144 -0.504768706 1.597978019 -0.124244056 -0.071410419 -0.374534331 0.160039905 -0.169796129 -1.450870918 0.843241596 0.858311016 -1.507836517 -0.106994123 -1.368142331
-7.409273256 -15.322433921 -46.312101894 -0.377216486 0.405167193 -0.217044785 -0.804014198 -0.568831014 -1.770317721 -0.767033519 0.596639873 0.467463965 0.684213883 -0.459561454 1.892991865 1.050407769 1.079000675 0.394105296 -1.591073853 1.810311530 -0.798619401 1.023108611 1.411912093 1.055566949 1.098095733 -1.027023293 0.398722413
2.718308501 -20.687743173 -46.693810498 0.210682118 0.688521804 -0.398597217 -0.568041398 1.716056478 -0.514971362 -1.199181930 1.082019966 -1.422455097 -1.194078856 -0.475076114 -0.051159184 0.447744973 0.281359185 -0.915744512 1.959385671 1.662511732 1.222174984 -0.330292242 0.557602682 -0.560038007 0.456010219 -0.701136671 0.822489634
-4.806225665 -20.533427140 -47.473248202 -0.399062642 -0.463372138 0.609521585 -0.504498471 0.842650325 -0.739879099 0.926451829 -0.677018185 1.305216566 -0.173093730 1.455429903 -0.604168137 -0.785817084 0.334054361 -1.109521652 -1.355310625 -0.548811913 -0.919006685 0.468134504 1.488066810 1.426359922 -0.757910029 -1.930798296 -0.379773019
5.810943479 -18.635714409 -45.929471213 -0.036008905 0.859811991 0.505089466 -0.065660717 0.148029349 -0.800037862 -0.881312717 -0.487515091 -0.209088886 0.053085012 1.159624778 0.360722570 -0.653243028 -0.024383534 1.614088319 0.763906959 1.165939198 0.375716765 -0.562135037 -0.853987098 0.291259159 -0.083428054 -0.614340306 -0.798917458
-4.881579705 -23.799574757 -35.851824253 -0.232488660 0.409687407 0.863920385 -0.178176374 0.969093656 -0.327487478 0.391504246 -2.406591921 1.318377966 0.673210658 -1.576173029 1.277996492 -0.135091635 -0.300768761 -1.020671025 0.255885292 0.752351563 1.030733166 1.697024228 1.056268405 0.423491943 -1.174536315 0.196887488 0.373289792
7.605772226 -14.589975581 -43.477249228 -0.138202226 0.442857911 0.506211254 -0.726998750 0.679118323 0.227914142 -0.328167940 -0.662742587 0.652870104 0.346638703 -1.546515203 0.618487750 1.255070056 -0.784120733 -0.547984225 -0.513299760 -1.245078992 -1.330371844 -1.030882780 0.637740002 0.819788037 1.550207206 -0.310461930 -0.069964577
-2.489480123 -10.401566517 -39.448259238 -0.408761857 0.278633595 0.387354995 -0.777967333 0.778917545 -0.303729255 -0.362326732 -1.408802294 1.027843796 0.248302556 -0.653004098 1.045544407 2.850634892 -1.844593126 -0.433679311 -0.047911864 -0.623520099 0.462284777 -0.529200951 -0.264406532 -0.011911240 -0.797376747 0.699265626 -2.445553758
-7.440364139 -17.816032149 -43.741935511 0.171988015 0.412599828 -0.369616017 0.814595301 0.534639344 -0.820422504 1.154353537 0.492253710 -1.995883250 1.180952762 0.911748365 -0.145718403 1.007119253 0.636390834 -0.133974964 -0.820517025 0.787302836 2.133440261 0.388390952 0.321358576 0.292091945 -0.885171427 -2.036376621 0.094302667
7.061640527 -17.788844526 -39.753040678 -0.321639725 -0.304577902 -0.605748057 0.660945898 1.641827711 1.547760802 -0.702405334 -0.244601407 0.033095878 -0.295898759 -0.007454936 -2.035936109 0.240986027 0.620456438 0.769804268 1.523867412 0.000628773 -1.728079705 -0.119542936 0.004991203 1.074752272 -0.056797729 1.985756113 0.888585228
-3.724390246 -21.638120572 -35.783607976 -0.070960127 -0.432615970 -0.830125522 -0.344528231 0.186736525 1.553348317 -2.153262859 0.177498386 -0.126099557 -0.810319760 2.179733694 0.140493478 0.869113760 0.247660045 0.974422268 1.000425090 0.206839785 -0.109158705 0.223066338 0.208334916 0.456779058 -0.440703475 0.387369449 0.123629560
8.307975040 -20.367043596 -42.274506785 0.417317824 -0.896850414 -0.097255944 -0.109756326 -0.146937230 1.257011974 -0.548125137 0.343981603 1.944122502 -0.054023620 -0.865271211 -0.644742459 -0.762858866 -0.000337324 -1.206167435 -0.722053318 1.322179029 -0.116800130 -0.566847622 0.253206431 -0.457248186 0.045489052 2.151778909 1.524430728
4.346444038 -11.264423139 -40.685173236 -0.833400943 0.006001192 0.502049566 -0.230982873 0.606961951 1.948900367 1.208337598 1.061062472 1.139710017 -2.696419496 -0.331682286 0.594587072 -0.945493692 0.588212838 1.166740245 0.833037184 -2.364651492 1.050057832 0.500161795 0.609415174 -1.346542167 0.222751072 -1.314845368 -0.462330938
-1.106226388 -18.679627633 -44.169144134 0.240353341 0.597483536 0.566720645 -0.513878786 -0.675002469 -1.150570441 0.136658634 -0.190409461 -0.294410187 -0.804326213 1.144960990 -0.459055598 -1.411924390 0.770565193 0.865121887 0.463159944 -0.566506852 1.613686312 -0.007100576 1.147672430 1.860162159 -0.189177773 -0.022865736 -0.108230947
-1.673169257 -17.488373437 -45.838385847 0.250599901 0.844151046 -0.188975163 0.434622927 1.478069699 0.154636193 0.513511157 -0.432047449 0.906318912 -0.399478780 -0.111039073 -0.407053046 -0.509220062 0.109717190 0.619538199 -0.814803530 -0.942092585 -0.706312187 -0.436838177 -0.711807478 0.606477789 -0.210138438 -0.652125571 -0.454993860
5.689143748 -22.783816191 -35.120787806 0.462592351 -0.743795034 0.438119254 -0.202061337 -0.875367062 -1.020600960 1.424676288 1.422368072 -1.154916307 -1.284375540 -1.863321195 -0.978039953 0.944334108 2.135796995 0.439345307 -0.615367465 -0.136819625 -1.700451756 -0.245497130 0.968175007 -0.015543137 -0.378586768 -1.606836652 -0.774284105
-5.392086335 -23.454579812 -48.105766746 -0.105645230 0.904768837 -0.332911828 -0.243725565 -0.190021579 -0.157025026 1.217389920 -0.815996474 0.504517428 -0.691376610 0.533946486 1.483037243 0.920485558 0.468320174 0.156600072 -1.099743975 -1.556092789 0.413586295 -1.060595356 -1.028342549 -1.176428804 -0.369470660 1.172187811 -0.783198222
1.997699268 -24.478124557 -42.431954975 -0.662957578 0.047031265 0.727775947 0.169167021 -1.111031626 -0.799856583 0.229741130 1.549560769 0.293852326 -0.804151013 0.195196339 0.130349561 -0.309049391 1.752570963 1.456898317 1.034915107 0.225024846 -0.859771440 0.633962564 0.058593896 -0.900799243 -1.221063044 1.462874920 0.283835137
4.855970284 -18.482186736 -46.288037461 -0.501084144 -0.078983593 -0.697087403 -0.506700528 1.203212537 0.198099163 -0.993075232 0.130638505 2.415943491 -1.002421390 0.533106723 0.520949701 0.951876419 -0.796270131 -1.298824984 -1.256276447 0.152761884 0.192920042 -0.220068781 0.356543619 0.252613590 -0.691760052 0.163632216 0.634785441
0.096037646 -22.029969880 -48.172812896 -0.240955290 -0.551728483 0.440384485 0.666031332 0.814605476 1.404678164 2.509271256 -1.356748958 0.583038367 -0.491657201 1.482883837 -0.548128377 -1.263857490 0.480101045 -1.041351324 -0.915474136 1.674890819 0.699332585 0.057380056 0.606821601 1.142011327 -0.033629720 0.507094669 0.077199379
-5.261550282 -19.514732399 -48.459816377 -0.241019150 0.347192785 0.324028561 0.846387873 0.077105931 1.691943751 -0.956667718 1.636023003 -0.630621854 -0.937643529 0.983275766 -0.265082329 -0.062340337 -0.709752991 1.187815141 -0.098406110 -0.299207264 -0.866649236 1.745821648 1.164114113 0.421575091 0.447162324 -0.639482817 -0.502268580
5.287927752 -20.843222825 -49.229340507 -0.592001026 -0.712034861 -0.039308847 0.375494282 -0.094705518 -0.500806447 0.432405157 -0.895718876 1.276066156 0.666902326 0.141889482 0.189130842 0.159658128 -1.507922798 0.966713329 -1.929983521 -0.584620691 0.646395062 2.184170709 1.046379434 1.090831380 0.687297045 0.646864287 0.234704782
6.736365632 -19.778225826 -37.888096778 -0.828145781 0.102377517 -0.073031568 0.546223214 0.498006917 1.031901879 -0.148393723 1.289168660 0.041739759 -1.024343266 0.571304264 1.315275080 0.241999340 0.317260873 0.429685293 0.782982810 -1.740832104 -0.940313929 2.435012193 -0.879839653 -1.946649316 0.632682200 1.174044410 0.680897046
-1.451423857 -14.127365852 -40.482776143 0.380489296 -0.341661795 -0.556205196 -0.655080829 0.889979163 -0.016448268 -1.032315776 0.804093303 1.659110962 1.827816987 1.678445387 1.503395562 -0.377651477 -1.044434931 -0.217976274 -0.517972956 -0.917175718 0.861682589 1.162117481 0.002069654 -1.351180073 2.989802032 0.203177802 0.002439757
-7.580435387 -17.817413918 -40.234966552 -0.550320953 0.748723152 0.088611434 -0.358759675 -1.420510473 0.679597347 -0.255153416 1.721745822 -0.650723023 1.451877603 -0.656562546 -0.957832128 0.426113096 -1.380513155 -0.958789962 -0.791374143 -0.057058537 0.472189695 -0.231119297 1.535022555 0.584576602 0.152023642 0.095643826 0.172774931
-8.783615673 -19.235758379 -35.909567322 -0.279377086 -0.216814958 0.884241500 0.305051942 0.313054025 -1.954191166 -0.639487898 1.391752623 -0.047952091 0.242349075 -0.781221866 -1.366355080 0.489604913 0.260782831 0.274007915 -0.572733376 1.427713785 -0.732192020 -1.945045909 -1.396829578 1.431414617 -1.007435552 1.074760127 -0.373118020
-3.157742573 -18.758155456 -32.534320113 0.640274979 0.022855649 -0.228832915 -0.732912729 -0.241770739 -0.718562858 -0.708327143 0.508618116 0.067837303 0.864397294 -0.545935419 -0.215405038 -0.169020571 0.724691192 -0.335876242 -2.068573805 0.008796167 -0.445943779 0.033391601 -1.442841427 1.234917600 -0.996098886 0.869780719 0.271596630
8.301485196 -20.725438362 -44.407891844 -0.122767614 0.007621882 0.626579344 0.769589725 0.561557141 0.854863363 -0.151764774 0.274868698 0.208029824 -1.235711251 -0.637107298 -1.162205394 -0.294320741 1.208969786 1.678752017 1.566643593 -0.372457739 1.675043320 0.185216365 -1.040309786 -0.393247385 -0.762532996 0.842757893 -0.943846105
6.084625268 -19.302239175 -47.243380319 -0.464914811 -0.606894082 0.454151002 -0.457472031 0.013938375 -0.317150870 -0.309342433 1.027626536 0.907322633 0.668491063 -0.445994398 -0.203571181 -1.761263498 0.582555386 -0.676289530 -0.702967361 0.028393099 -1.010767769 0.643751109 -0.742033927 0.434760416 0.325412060 -0.406765612 -1.183036720
1.401713290 -14.097914924 -34.619274963 0.496128506 -0.200999722 0.026330919 0.844252510 1.395189376 -1.339647175 -1.266447241 0.554908902 0.836108631 0.312512384 2.499255840 2.379479371 0.251808853 -0.095661874 1.889084753 -1.142270216 0.730586301 -1.700160666 0.436596788 0.356648812 0.046074112 -0.058928002 0.688014376 -1.680417735
-2.440376263 -23.232828475 -44.942960098 -0.327857749 -0.069856983 0.315641102 0.887693637 -2.611023987 0.576170501 0.572733888 -0.610808327 -0.221351735 -0.187141341 2.334006766 -1.649027203 -0.963891230 0.602755576 -0.408428377 0.323994446 -1.270520609 -0.357781427 -1.639906225 0.570153204 -1.564264817 0.118633000 0.272253062 -2.039764825
-4.546932339 -16.930917609 -38.843311845 -0.266906995 -0.488443459 -0.791719991 0.251720281 0.710020262 0.060963244 -0.475247333 -0.276863249 0.754184740 -0.995980211 0.590867284 -2.550513000 -1.549072499 0.491748159 -0.981985452 1.570165918 -0.897566616 0.581385036 1.578155605 0.203605027 -0.347021905 1.565577247 0.324813417 0.420415264
2.426345370 -22.207148450 -38.441083793 0.105195160 -0.740500587 -0.527841139 0.402463154 0.235488551 -0.478475828 0.937938763 -2.116977260 -1.333081025 -0.584036746 -0.281969866 -1.295345280 -0.768262391 -1.967584153 0.678516544 0.901900903 -0.298747878 -0.120374664 -1.252584206 -0.434505954 -0.262840746 -1.059790176 1.256498725 1.830773787
-0.558109421 -23.294667520 -43.400433702 -0.062636687 0.394023990 0.730313523 0.554494272 0.277144104 -0.589437801 0.336468220 -0.158464899 -0.879519236 0.537956896 -1.381665597 0.514166605 -0.040359593 -0.461279286 0.103821302 0.749312797 0.584183901 0.182644048 -1.175350076 1.193920998 0.097847485 1.339320644 0.277004881 -1.004061877
3.305510101 -20.951647478 -45.920434140 -0.008884975 -0.980616366 0.149731326 -0.126067954 0.606998115 -1.184703248 -0.239318722 -1.669307460 -2.368422281 -1.174496566 0.143350011 1.510350959 -0.554629780 -0.287553014 0.788409482 -0.121065450 -0.772349214 0.010850655 2.142160785 -0.979970040 -0.524371330 -0.553104592 0.183567475 -0.632015762
-1.494786615 -23.304152714 -41.603942715 -0.287478140 0.195328343 0.557376320 0.754012464 -1.230546608 1.959920403 0.195446146 -0.358833561 1.296098413 1.647728672 0.177165540 -0.226758969 0.525576279 -1.759615329 0.043342739 0.104079552 1.084608347 -1.042639268 -0.285155275 -0.742253178 -1.685895187 -0.155643343 0.097678794 -0.124965686
4.705358563 -26.502112733 -39.182965216 0.030000339 -0.630095154 -0.771223274 0.085409241 -0.657878447 0.750749798 -1.809689503 -1.316557140 0.069471527 0.619072413 -0.309365493 -1.854655211 0.228498110 -0.881481838 0.702559421 -0.688726703 0.630066743 -0.462365934 -0.621313884 0.146467577 0.092408164 -0.568483044 -0.014300874 -0.347778554
1.867370218 -14.703552831 -40.480733447 0.388000910 0.265612671 0.340739694 -0.814126319 -1.541091387 -0.596312227 1.679476823 0.325729356 -0.140127653 -0.005140485 0.615197978 0.501176309 1.005509247 0.516696603 0.591692583 -1.037830332 -0.333665411 -0.383489427 -0.537623179 -0.370571714 -1.824963849 0.436683397 -0.301414534 1.114790394
-8.013686904 -15.177835591 -46.588601688 0.604577528 0.736024105 -0.203841561 -0.226281127 2.131039471 1.806874605 0.483699787 0.068010649 -0.372797182 -1.185095478 0.329271951 -0.032177862 1.471916854 0.560146444 -0.529127971 0.647056617 1.698391495 0.196249129 -0.074288032 -0.513747458 -1.619069332 1.111123649 0.789065140 0.675843612
4.243204621 -21.510337466 -36.738733769 -0.527402948 -0.385574785 0.349023956 0.671833680 -1.437539596 0.390694925 -0.010111479 0.491089097 0.389820525 0.667964284 -0.164668097 1.359615553 0.554960022 0.352974715 -0.591702111 0.551591533 0.197348764 -0.597477585 -1.522631077 -0.600733525 0.961518319 0.816106193 0.831501900 0.204843517
-0.476377525 -22.510138269 -49.889706176 0.663758721 -0.655738636 0.284493936 -0.220214446 0.369916827 -1.818495287 -0.978940311 0.598996313 -1.149730931 -0.264756550 -0.134752348 -1.334005458 1.644122507 -0.210596871 -1.217908973 1.693171978 1.435457056 -0.667609227 0.137541249 2.548628859 0.930002663 0.131157906 2.419869228 1.763045166
-0.883752894 -22.109543786 -46.465073548 0.318526363 -0.337386810 0.394880038 -0.792957030 -0.291305330 -0.018477279 -0.264285432 0.437061607 -0.630170791 0.738331288 -0.962911019 1.162036505 -0.864388554 -0.093623478 -3.162930629 -0.615822892 -0.400349587 -0.895755817 1.575646240 -0.474654812 0.131644019 -1.233432736 0.637773846 -0.030050750
3.191331133 -19.518671645 -35.687056728 -0.802637800 -0.191826138 0.329201392 -0.458913649 -1.325314421 -0.366379935 0.186376155 -0.424409443 -0.322704622 -0.640883023 1.050123713 -0.449411283 -0.737926279 0.168932867 -0.895528570 0.735552324 0.297196763 1.352457669 0.844137027 -0.413292479 -2.308887641 -0.081100655 0.856977932 0.022358158
3.881131006 -14.995391966 -34.288987309 0.372466059 -0.843081351 0.300612250 -0.245183903 -0.883026019 -0.345389921 -0.087888645 0.267320978 0.421684373 -1.060296320 -0.774123213 0.367427721 -1.009485377 -0.512872388 -0.729307581 1.567340827 -0.401819226 -0.872862135 0.218351587 -1.795059469 0.931598309 -1.135730154 1.765357669 1.541235675
-7.475072909 -26.089079247 -40.847988094 -0.014672292 0.415438369 0.080388770 -0.905943338 -0.445838747 -0.558153663 -0.914831596 -0.936409162 -0.617179837 -0.107859612 1.108909308 0.682786189 0.863526659 -0.023903770 1.009608207 -0.139306489 0.544861458 0.105704713 1.797526582 1.211045862 0.344692044 -0.121253107 -1.197638118 -0.251134097
-2.446526769 -27.475888521 -37.499321379 0.754416476 0.329748545 0.180013934 0.538253343 -0.621826162 -3.063909154 0.384820935 -1.084372001 1.398518173 2.787157330 0.952792942 -0.585687606 1.149879440 0.102645734 -0.828008529 -2.366645447 0.259007946 -0.781595737 -0.811093391 -0.627770419 -1.174827305 -1.152027002 1.282670810 0.391766970
-7.325410798 -24.315814218 -40.319477848 0.522268469 0.599844086 0.534524226 -0.285843611 0.585088629 -0.874223908 1.241029185 -0.176365427 0.946351581 -1.430096067 -0.973297860 -0.277442597 -1.450474816 -0.234304486 0.848466466 0.078746223 0.230187723 1.007042383 -0.571504515 0.469786956 0.796862561 0.222309392 0.884414254 -0.012757582
0.943787040 -18.936643400 -44.773360094 0.375338908 -0.286496507 -0.840197633 0.266661572 0.077331467 0.308584969 1.748375863 0.313550525 0.456701335 1.882462597 -0.353453114 -0.443898170 -0.231537197 0.323111371 -0.471740791 -1.205838816 -0.521491047 -1.127587613 0.692626160 0.502907664 -0.641566313 -0.323133828 0.564971026 -1.721986402
-1.677975785 -26.558259304 -40.232311307 0.399468263 -0.800278946 0.437652209 0.091865436 -0.700060155 -1.513815008 0.205634302 -1.486447803 0.415017942 -0.417988267 -0.424108641 0.182024497 -0.292424160 0.595498255 0.474051561 0.659048650 0.810811386 0.001959128 -1.305439665 -0.608503129 -0.533587121 -2.512331543 0.113913627 -0.710852811
4.019022736 -23.015244905 -40.742205495 -0.366647017 -0.516440324 -0.760637206 -0.142444369 -0.668223021 2.126120511 1.510641720 0.407266489 0.554375880 1.489830031 0.999391393 0.279106715 1.716558542 -2.308677029 0.285590482 0.179946373 0.292405608 0.109865524 -0.629642811 0.572262412 0.168206750 -1.208387367 1.475869080 -1.047244002
0.586186395 -25.061784416 -46.509604270 -0.650319964 -0.547312114 -0.514811348 0.111815336 -0.416396716 -0.995343023 0.025370721 -0.084750692 2.906826355 0.263465093 0.836995123 0.405341533 -0.018915583 0.804219946 -0.267020479 -0.664532237 -2.894594840 0.478533368 0.040233671 -0.226074808 2.943001068 0.168475317 0.912178150 0.479121173
-7.660511940 -13.398503456 -43.256465325 0.100980605 0.401566979 0.129966974 0.900919233 0.252768179 -0.419768357 -0.971589755 -0.723564250 0.400978262 1.735076352 0.886781948 0.937468922 0.820881425 -0.029534325 2.264282727 -1.419665295 -0.563388646 -0.183849112 1.121690819 1.575583781 0.079412104 -0.137268684 -0.677193171 -1.131744050
-4.776648087 -27.890036349 -41.332160072 0.015461085 -0.751422889 -0.658965670 0.029813457 -1.305733889 1.201087340 -1.558888179 -0.122460964 -0.981119775 -0.261679158 1.586682167 2.703484208 0.975877598 0.009072572 2.097163271 -0.586971534 1.078847686 -0.434469809 0.130369507 1.222359567 -0.962049319 -0.055941186 -1.021397411 1.026609186
-2.671733863 -18.699024790 -46.626798549 0.165372752 0.595596436 0.724210520 -0.305672802 1.571372529 -0.878698741 -1.399546402 -1.085747148 -0.964662026 -0.345672094 0.755400839 -0.986236158 -0.537648359 2.303625658 0.156086554 -0.207923089 0.772900889 0.245514427 0.386897322 -1.081642164 -1.578512891 0.829504475 -2.373684975 -1.945487311
-1.062986228 -16.973120377 -50.294004556 0.092610627 -0.484262170 -0.581806818 0.646849479 0.448521746 -1.477080538 0.831650291 -1.303889286 -1.523452527 1.430756495 0.046921863 -1.008679433 0.214357724 -2.018954814 -0.721211761 0.954576943 -1.186647844 -1.108474613 0.015695923 -0.854121116 0.037513219 -0.241369527 0.458378868 0.041318023
7.150446424 -22.197452854 -41.770093550 0.384220041 0.152143358 -0.299339658 0.860013446 -0.205343948 0.168394943 -0.043996860 -0.234265988 0.281892201 -1.166208167 -1.126036087 -0.557421577 -0.826935801 -1.181396705 1.589550277 -1.130363034 -0.929263955 1.542597900 -0.272846166 -0.303749390 -0.229193722 -0.644371826 0.601683165 -0.019300414
-1.254816272 -11.464144715 -37.861029493 0.980342011 -0.001123474 -0.196967305 -0.011496058 -0.336157448 1.699278400 0.996783665 -0.062750142 0.196593655 -0.548738563 0.363598767 1.866885920 -1.374867388 0.764584631 1.478876467 -0.605889823 0.779118244 -0.197179138 -1.633770854 0.663131778 -0.627227681 0.325608546 -0.894411154 1.186442897
-2.384474856 -27.266750580 -41.461595550 -0.869537539 0.192023380 0.433305094 -0.138845908 0.483572090 -1.479637970 -0.143698926 -0.866400482 0.327358679 -0.798564591 -0.540273267 1.553466289 0.154811781 -0.431217758 1.033651905 -0.980591761 0.972981868 -0.321804356 0.217649689 -2.017579190 -1.706472275 0.181346074 1.985705658 -2.272680309
-1.774727413 -20.575514395 -39.138382226 0.816070682 0.312882889 0.482084232 0.061055155 1.688149173 -1.760932710 0.689754692 -1.897893636 -0.085266056 -0.855223593 0.979051119 -0.546594296 0.227328873 0.049968624 -1.393794594 -1.897145484 -0.756324077 1.885132716 0.083898921 0.819427934 -0.086684040 0.194328730 -0.949008506 0.919901054
3.408689343 -13.864402590 -46.946760038 -0.672899106 -0.022161309 -0.728074081 0.128933326 0.346521836 0.094832751 -0.234020292 -0.175451321 -0.720459981 -0.232300346 -0.917179689 -0.892633988 0.337079837 0.425389524 -0.479272893 0.046703705 0.437047561 1.056443458 -0.863321096 0.745058603 -1.692520362 0.849022394 1.331336500 -0.901248897
7.288781997 -24.266261044 -43.539411278 -0.813969215 0.494521322 0.202615697 0.227705203 0.581185283 0.245677050 0.228034977 -0.362033330 0.000481879 -0.697311017 -0.404118660 0.113149227 0.125965754 0.066521055 0.479190041 -2.104151181 0.728090816 -0.734386841 -0.451800621 1.085137356 -1.139170756 -0.654834374 -2.723617670 0.568565669
-7.740438635 -16.814560185 -36.565702803 -0.889394056 0.031944981 0.403691873 -0.212109885 -0.799665564 -0.334212543 1.681733986 0.786830022 1.364079476 0.291608441 -0.599084979 0.248226440 0.476211822 -1.623836216 0.775919394 1.268390709 0.400228691 -1.211683421 0.202582370 0.447812928 0.431558657 -1.612338746 -2.110267392 -1.669416856
0.158347310 -14.633295037 -43.055923742 -0.156636146 -0.130354240 -0.277773412 -0.938783692 1.610056705 -0.889560811 -1.671678476 -0.624705536 -0.693649729 1.337683423 0.239561518 -0.939198396 0.949269639 0.008816385 0.310114294 0.387607738 -2.007084688 0.111652918 -0.205453681 0.625572385 0.734325905 0.925211939 0.506853064 0.491673292
-5.598176407 -25.809494114 -44.550194429 -0.580558684 -0.727510321 0.306310941 -0.199634556 -0.188882136 -2.049072516 0.029319032 0.341496720 0.597896618 0.033594384 2.254289955 -0.000811353 0.531176728 -0.661098565 -1.481286958 0.740853783 -1.235659976 -1.142664429 -1.869663179 -0.953342607 -0.148712788 1.038327802 0.319521409 -0.510505727
4.032266289 -16.327565024 -49.047174298 0.673327025 0.454334637 -0.298794131 0.500931954 0.250382408 -1.874634291 1.739608318 -1.342922436 0.132005795 1.824639142 1.895105699 -1.319267785 -1.332972766 -0.608602356 -0.194919473 0.618257919 1.608831181 -0.150818522 2.332088385 1.840000030 -0.375395166 0.598977040 1.013734789 -0.413142636
3.938690268 -20.072283227 -41.056946679 0.485756932 -0.233487705 0.530066316 -0.654639897 -0.442870247 0.103645836 -0.840495089 -0.195773316 -0.477973638 1.745511219 -0.174321013 1.177428583 0.345340433 -0.181762467 0.779878715 -0.031606064 0.811165409 0.071703696 0.024277355 0.087297696 -0.752020483 -0.802965398 -0.009283708 -0.418320311
-8.001994559 -14.955350407 -40.997145774 -0.816432729 0.544797724 -0.119413994 0.149577197 -1.386146695 0.658454406 0.363522759 -1.115308288 0.538704083 -1.049660553 -0.063455294 -0.243767090 -1.498133591 1.290434471 -0.871600930 0.999008586 -2.389631430 -0.775562739 -1.034877150 1.216542151 0.077862782 -1.176834629 -1.586129949 0.646920839
2.700033919 -11.608528263 -41.666965414 -0.821159523 -0.232595566 0.105072079 -0.510447058 -0.658111397 0.724346258 0.288312967 -0.871905635 1.081942898 0.249028915 0.929631459 -0.511803505 -0.037786364 1.807476000 -0.268981528 1.442536658 -0.103123476 -2.419025088 -0.637639882 -0.986617134 -0.096692668 1.193256352 -0.444000655 1.120662870
1.291545962 -9.915304834 -38.023022401 -0.649203648 0.328443233 -0.014211852 0.685899183 -1.838493069 -0.051666537 -1.395439238 1.105633682 0.252305851 1.923353943 0.560482344 0.000399931 0.054088906 0.924624068 -0.721502381 0.195212639 1.110646544 1.297405013 -0.706470144 -0.352635414 -0.250030824 -0.079722770 -0.583041969 -0.805588810
4.622274273 -16.639387296 -40.169437871 0.739173551 0.049694205 -0.651969397 -0.161520441 -0.850754738 0.482422246 1.198423612 1.087004700 0.593260860 0.771906303 0.074618410 -0.204060843 0.588676626 -0.166590045 -1.042828860 -2.346352750 1.151300746 1.165549816 0.285727145 1.860101216 -0.911528464 -1.093840806 0.154182895 0.100756312
-1.428679411 -27.058870867 -45.560461074 0.846373648 0.511313456 0.146838763 0.025467127 1.374833975 0.255967766 -0.534670216 0.191784272 0.831298360 -0.044277600 0.392726144 1.200129109 -1.914034804 0.461827112 1.238275528 -0.727276707 0.443259796 1.174731441 1.148794043 -1.583839904 1.539664391 -0.993021871 -1.710329195 -0.539632781
2.034362059 -21.691477652 -40.493613772 0.194982356 0.933289053 0.126355800 -0.273838704 -0.320506845 -0.862561130 0.652322146 0.612891649 2.064961219 -1.718206366 1.049720091 -1.874802675 -1.118606059 -1.015442192 -0.393757846 0.429017821 1.494741888 0.553295984 0.690386941 -0.874141122 0.076297915 1.189152462 0.766778289 -1.123014549
5.854061994 -15.472401307 -41.688274658 0.382627443 -0.359165207 0.739969062 -0.420764044 -1.169087471 -0.527555049 -1.334608798 0.594944565 1.672289632 0.453086366 0.546955305 -0.902728315 0.359756294 -0.967612558 0.304029352 1.084879146 -0.044948422 -0.428483794 0.511007775 0.053519273 -0.445542221 -1.049967482 0.820789517 -0.053546582
-4.098553891 -23.686958542 -38.051830638 0.718863119 0.635459260 0.167197129 0.226875439 -0.699720111 0.333708749 0.611515259 0.441918108 -0.392146743 1.144402092 0.575370776 0.786891740 -1.953548637 0.274705809 0.951338986 -0.381065715 0.194396906 0.731332564 -0.679862541 -2.582180581 -0.710303808 -0.736575170 -0.895649593 -0.501133935
5.500346436 -18.212512199 -37.122653174 0.436686843 0.388197423 -0.220335841 -0.781063044 -0.680905751 0.015815389 0.450058916 1.170238531 -0.111476757 0.629515779 -1.695987838 -1.306975250 0.723032987 0.090909239 -1.000173471 -1.851073350 -2.506143577 0.209390239 -0.200684369 -1.398275164 0.484953593 0.596762853 1.406007210 -0.019312832
3.804010298 -22.050045794 -33.726382908 -0.122922709 -0.682194859 0.185754309 0.696416197 -0.492699788 0.555732503 -0.088550568 -0.719021304 2.123089148 -0.654254969 -0.045150575 -0.591636129 1.211818955 0.160038654 0.759238797 -1.563727717 0.253948567 -0.466004002 1.508746100 1.956912391 -0.648612502 -0.843093879 0.529460918 -1.204807077
1.933949184 -18.569594683 -44.008163812 0.047833007 -0.858600885 -0.302944081 -0.410781459 0.231115801 -0.072738720 1.555721770 1.295782030 -0.293281881 -0.481394945 -0.354691815 -2.710526796 0.267065653 0.192196785 -0.141386087 -2.308288901 -0.363116500 -0.922622464 0.704117326 -0.682620487 -0.045281473 -2.253595851 0.249689342 0.174902783
-2.806734926 -11.784671823 -44.985747499 0.014351253 -0.601119960 0.179391899 -0.778631737 -0.016322571 0.060099935 -0.640799857 0.802704727 -1.103792625 -0.051939865 1.875519895 0.128949114 1.620757020 -0.966342504 0.984543735 0.688065783 -0.258840366 0.973293156 1.384317834 2.385189800 -0.673105767 0.750704114 -0.997623820 -0.205668302
-4.888981697 -13.102892243 -34.823491453 -0.636000075 -0.498389842 0.345376548 -0.477311753 -0.953092441 -0.370503422 -1.078163279 -0.384458500 1.025728206 1.528267079 -0.589540767 1.016784703 -1.218014725 0.860320009 -0.820351591 -1.618386378 1.964160891 0.249434076 -2.166711305 0.389665232 0.354123906 0.702376132 1.087193128 0.715687104
-0.991593457 -26.094864005 -47.318297187 0.107077644 0.535281079 0.784464175 -0.294320407 0.752960960 0.669783159 -0.582789744 -0.092540367 -0.247063078 1.280646738 -1.717667438 0.510457114 -0.378151313 0.163640041 -0.954686329 -1.055217670 -0.108051774 0.063016059 -0.588238915 1.517301762 -1.483927869 -0.769410245 1.596003946 -0.921468606
-8.355118024 -15.575557161 -43.244593576 0.493019536 -0.526148229 0.372977438 -0.583941443 1.684774034 -0.156170084 -1.002943574 0.658746038 -0.290013777 2.353763847 1.381381094 -1.261665445 1.013902503 1.880574579 0.887085941 0.789622686 -0.428902900 -0.679344195 0.976207026 -0.297545785 0.448071593 1.426744174 -0.325689853 2.279555152
-3.145457480 -13.085060333 -38.707495853 -0.745778477 0.099666136 -0.649839907 0.107653241 1.009190735 0.886210184 -0.916684885 -0.244053314 -0.604009887 0.035490320 -1.274155618 -1.272835191 0.253309459 0.736894591 0.676485183 -0.535350870 -0.160481197 0.105490393 -0.519203092 -1.452094184 -0.858621440 0.679151035 1.708217713 2.542417287
-6.717478086 -24.658603187 -42.945201900 -0.353858583 -0.713119362 0.266542377 0.543323145 -0.130531283 0.734152177 -1.130605537 -0.716311960 -0.208284762 -0.944748613 0.093051653 1.810163148 -0.094417426 -0.837382299 0.024668095 -0.662807806 -0.447090495 -0.602037865 -0.790866048 -0.419832373 0.281593283 -0.728551093 1.001641936 -0.773233723
-3.084760242 -23.317821130 -38.085462819 -0.235951264 -0.642237739 -0.616927301 -0.388919521 -1.353508189 0.241108596 -1.219637945 2.182946139 0.982261137 1.409055404 1.038619908 1.532205917 1.301313296 1.139442519 -0.565947274 1.366304366 1.177443163 0.337286009 -0.310331434 -3.053684085 -2.331051891 -1.919542908 1.596381832 -0.022882795
-4.917715990 -17.178394681 -42.655143869 -0.971039758 -0.011480210 0.238641295 0.000570012 0.358391530 0.726495930 0.130712210 -1.687164752 -1.153727562 0.429672028 -1.134665190 0.201457535 -0.423263765 0.773495698 -2.103337805 1.085587948 1.197656273 0.314716576 -2.135509716 -0.681193472 -1.272158499 -0.997882799 2.098365385 1.707251638
-2.341266010 -11.268633625 -38.667928538 0.051225604 -0.076174585 -0.988233298 0.122345080 -0.557994585 0.901873062 1.813392601 2.020823372 -2.322583779 1.970013963 0.450389276 0.061499540 0.111731281 0.017013107 -0.207696801 0.735899962 0.234030857 -0.273580203 1.053688513 -0.900522523 1.683526838 -1.212387545 1.504119358 0.779785916
0.865841515 -12.590207357 -47.201217983 -0.657508742 -0.661487805 -0.098086873 0.347124046 0.014639702 -0.484791463 0.051474792 -0.020236487 1.131648918 1.475431895 -0.611573441 -0.804445903 0.145094897 1.143994961 -0.306410092 0.774718503 -0.154254220 0.772635096 -0.006302989 0.672045516 0.482633164 -0.872419400 -2.261167016 -0.194071588
-4.863423292 -27.593450954 -44.404865081 -0.449493804 0.035285258 0.808905990 0.377334561 0.876611406 1.060699745 0.695652708 -0.155166624 -0.247197492 0.557038349 0.058488698 -1.072191075 0.255971533 0.338379058 -1.792451112 -0.657958576 0.992065296 1.807332618 0.953463955 -0.886452450 -0.482284848 0.315424162 -0.834170911 -0.825989077
6.305714038 -19.522962120 -40.417618635 -0.392099836 0.862585923 0.014684696 0.319354981 1.871388439 0.122011201 2.024425720 -0.098575751 0.473004433 0.458231996 0.856786609 0.579504722 -1.621354200 0.473212412 0.816344503 0.347001363 1.038726502 -0.297049746 -0.514671674 1.065197874 0.366934744 -0.118955994 1.034135811 -0.628787966
1.697301544 -20.335302694 -35.674874411 0.537788582 -0.203249277 0.121338097 0.809166385 -0.082735902 -0.944727873 1.043110625 0.294185438 1.259398329 1.417552564 1.982872214 -0.155811541 -0.056975499 -0.208830330 -1.657045462 -0.221643755 -1.859300798 0.241591030 0.819813331 -0.230566916 -0.361853673 -0.606331979 1.600493416 0.479372611
-4.465772686 -12.395033908 -42.242697787 0.156830262 0.368057045 -0.580599249 -0.709114090 -0.946492667 0.631792360 1.472251397 -0.330328856 0.111911896 0.276213609 1.886073851 0.912819460 -0.590984259 0.478735402 0.999865985 -1.137036715 -0.709825169 0.164308237 -0.153123960 -1.276857090 0.144370176 0.046100142 2.247243823 -0.890764960
-3.616880581 -20.554625111 -35.699908947 0.836029121 0.114976123 -0.533655360 0.055206491 0.958344508 -0.240129653 0.828692465 0.553571201 -1.289308616 -1.077472993 -1.316405610 1.163026992 -0.603895676 -2.337984925 0.220351664 -0.426163661 -0.522943809 -1.004253627 -1.528653082 -0.379277780 3.400505996 -2.085648943 -1.117148735 -0.552157170
-4.091817820 -24.868126132 -47.690503135 0.233994867 0.963558308 0.129505903 -0.005478228 -1.105703104 0.470204618 0.742714802 -2.762268743 -1.017527456 -0.125877217 -1.286989354 -0.567135472 -0.483413061 0.258242342 0.924521985 2.363154054 -2.599598608 -0.096360435 -0.609344877 -1.944831932 -0.365706969 -0.687023876 0.824550903 -0.402592237
0.701665514 -12.725215015 -39.672299175 -0.673154813 -0.384361763 0.465644608 0.426970411 0.126972253 -0.872657307 -0.664119240 0.468350590 1.715186972 0.325099461 -0.659842702 -1.128440077 -0.415244707 1.594448521 0.577656087 -0.353338541 -1.406357415 0.504403167 0.277610035 -0.250623736 0.229596477 1.962711517 -1.576511181 1.201284263
-1.732995069 -20.505608426 -44.612652897 0.387011702 0.722718125 -0.471508229 0.324931446 0.529265383 -0.417209921 -1.047120411 0.366852582 0.102105154 0.305290837 -0.323441400 -0.942698984 -0.642828735 -0.399146939 -0.280557925 0.202339665 1.348423006 0.289485075 0.205286854 1.079886554 -0.990109151 -0.686780436 1.127405744 -0.349403724
-6.356312390 -15.810540688 -36.600996741 0.421787293 -0.149290746 -0.739263503 -0.503286426 -1.065209802 1.129460051 -0.008192560 -1.026729983 -3.930190946 -0.367952891 -0.413004258 -0.395411142 -1.513544609 -3.309263162 -1.256518213 -1.314390905 1.153921561 1.622312540 -0.362314408 -0.424696808 0.846468310 1.573284665 0.256140226 0.383720289
-8.514646036 -17.205802814 -39.546000320 -0.171097521 0.104586486 -0.158465326 -0.966786453 0.361789121 0.250181437 0.672943951 0.278068431 0.388660884 1.053110276 1.868068360 0.278895637 1.494006558 1.066317623 -0.714920241 0.579423879 0.908683468 0.908750151 2.176032278 0.637672700 1.499456091 -1.613410417 0.726041731 1.152736090
5.799286988 -12.087548922 -41.221036687 -0.052768917 -0.271513508 -0.556044032 0.783779874 -1.069171243 0.955881111 -0.530173427 0.524688272 -1.428330883 0.723398587 0.207177876 -0.300817106 -0.192665013 -0.272831085 1.001378254 -0.333682497 -1.961641010 0.380782525 0.670790015 0.625037595 -1.326059366 -0.236860725 2.146650988 0.294298271
-2.552838871 -21.616484295 -47.600431403 0.384187392 0.076999526 0.582012800 -0.712553311 0.101736629 1.564763770 -0.298661527 0.466508376 0.420196746 -0.517902791 1.854126527 -0.575285108 1.840176320 -0.682228431 1.710903174 0.189745617 1.148323196 -0.404760525 0.981545956 -0.170555314 -1.441755796 -0.544440581 -2.144323182 -1.506865326
-0.782967181 -17.109652894 -38.304672715 -0.300689036 0.927623533 0.187694708 -0.117776825 -1.330129701 2.053979219 0.862714589 0.838436884 -0.306430703 -0.474112135 2.090428690 -0.937663264 1.287835671 -0.592409902 -0.251411170 -0.120026786 -0.154389176 1.980428195 0.801416684 -1.998607869 0.056393148 0.133785992 -2.123506012 0.412916927
3.175103607 -11.169806607 -45.547886028 -0.099548532 -0.211842696 0.501031458 -0.833174796 0.137526622 0.219922722 0.072229179 0.129644287 0.039496693 2.090391734 1.378575575 -0.329738929 1.841497627 -0.717669677 -0.544257023 0.216724078 1.210166694 -0.510777605 1.514407995 -1.629931541 -0.237438630 0.142852372 0.914193851 -0.704682163
-2.028488629 -18.208558855 -49.407845005 0.437951461 -0.744323491 0.038299399 0.502706887 -2.581636181 -0.250875638 -1.115394793 -0.307753921 -0.960113645 -0.211968630 0.435981943 -0.812139789 -0.614526864 -0.093956170 1.146062699 -0.039847800 -0.166470726 1.040625365 0.278723019 -0.500020039 -0.829489703 -1.910398535 0.547392182 -1.411321742
2.128021675 -13.639322386 -44.130083783 0.446318843 0.892234805 0.050877503 0.046130505 1.922149038 -2.527415662 -2.217555536 1.937566943 0.499490594 2.509162840 0.601497702 1.057400966 -2.309234092 -0.493084690 0.364472459 0.285728280 1.253601859 -0.332919684 -0.169772686 -0.970186666 -1.352944944 0.091241789 0.553990400 0.642282918
0.330812869 -26.503763217 -41.393065147 0.005531694 -0.729804077 0.666258477 0.153150421 -0.069556509 0.116146480 0.263408743 -0.334198744 -0.489851346 1.341577334 0.124711631 -0.239527642 0.007069888 -0.185523297 0.912407425 0.767068047 1.102173791 -0.113639508 -0.789130935 -0.516884683 0.705847552 0.812549421 0.045461096 0.710031793
-0.466810866 -21.328039396 -32.428211185 0.123874683 0.711399760 -0.684634514 0.099201948 -0.647752365 0.470844678 0.385384257 0.728198666 -1.372373327 -0.327573255 -0.690430089 -1.163832505 -1.347938762 -0.367139631 -1.739228895 -0.430012555 -0.985805958 1.480427845 0.378752163 -1.509573516 1.381662284 -0.460275225 -0.990309030 0.024233564
1.875471175 -26.443995759 -39.624072981 -0.336563184 0.672935743 0.447922908 -0.482957324 0.999224471 -0.267904910 -0.072661238 -1.343160512 -0.851970441 -0.528722963 -1.732159615 -0.644478650 -1.812068380 -0.463531138 -0.949135472 0.113169233 -0.339077347 -1.301104018 0.593373331 0.259132016 -1.217474578 -0.217196319 -1.062295498 -0.570170429
-4.079821826 -17.070394887 -35.093184331 0.274920516 -0.423077047 -0.198166918 0.840329932 -0.148189214 -0.755196426 -1.554738190 -0.798842905 1.575100724 -0.970135717 0.079339575 0.414312040 0.805065589 1.337164396 0.215486283 -0.801662623 1.499135220 0.089662693 0.102727704 -0.197732616 -0.190188782 1.673968137 -0.804796670 0.040036961
2.198432469 -16.871262705 -33.961065278 0.398366705 0.002050537 -0.019518476 -0.917016245 -1.136801274 -0.710289453 -0.829835425 -0.941244609 0.957164266 1.166354265 0.770184894 -0.530571107 -0.327592534 0.289479643 -1.984639853 -0.193373296 -0.313637692 -0.835779800 -0.019498351 0.592128573 -2.338802332 -1.381339132 -0.104361671 -0.239946805
-1.625463813 -15.579623584 -42.767863186 -0.758701544 -0.481350235 0.275795816 -0.341482922 0.849050057 0.103785229 -0.072290945 0.836120388 0.499913986 -0.300761483 -0.375096767 -0.226918845 -0.911843527 -0.076405915 -1.065103464 0.098630292 0.399102463 0.151902396 1.079593206 0.879876347 -0.103985439 -0.380058442 0.149235414 -0.461619460
1.858831390 -25.911183185 -39.252828554 0.718242045 -0.454323215 0.264700148 0.455689163 -2.197920589 -1.144922883 -1.207365079 -0.398058407 -0.246375820 -0.602513277 -1.799698081 0.735819825 0.072478862 -1.233558604 -1.442197738 1.184087362 0.058938865 -0.371404666 -0.144105697 0.025476322 0.971652145 -0.483074931 1.434985381 -0.104599660
-2.872080144 -23.181382408 -46.795188421 -0.672172916 -0.468667763 -0.105751587 -0.563338886 0.039641920 0.115977118 -1.231314672 1.093389356 0.475584475 -1.066553785 0.241536630 -0.753422821 0.038824271 2.075632074 0.764977270 0.164661590 -0.430785277 1.011206030 0.370233608 0.305495178 -0.892427262 0.820508072 1.199570582 0.980003363
5.043777652 -24.895228300 -46.422873684 0.695342769 0.600376822 0.320307567 -0.231190760 0.496004373 -2.763331146 -0.931750820 1.523182776 0.702876732 1.816042147 -0.115729530 1.302923361 0.081564442 -0.960041254 -0.364155900 0.400212082 1.195427339 0.450007340 0.996825964 -0.494365132 -0.065583899 0.871127872 0.325883035 1.085219023
-4.164570603 -20.482050822 -36.578422041 0.732772310 -0.032812566 0.471309671 0.489729794 -0.294515391 -0.454899248 -0.424022556 -0.940345100 0.090777547 -1.038918149 -0.732086529 0.475795230 -0.493637642 1.207318344 -1.037511638 -1.557502238 1.652408741 -1.160423186 1.186501144 0.247925005 1.289969331 0.502508709 -0.217740379 0.238956679
7.155642761 -22.461045689 -36.804270367 -0.760300409 -0.194839966 -0.531684884 0.318263822 0.755692946 0.584420620 -0.031752808 -1.807161982 -0.771820324 -0.830879689 -0.124229227 0.157961955 -1.229321229 0.360016323 0.855615003 -0.256163513 0.994800563 1.400228965 -0.739990702 -0.542044617 1.256636586 -0.597041523 -0.175750331 1.299815602
-1.024887743 -12.240165117 -37.245680347 0.218634813 -0.806120001 0.547993367 0.045526170 0.151340028 0.223564431 0.679248049 1.322695999 0.333689276 -1.350107448 1.220895723 -0.321801880 0.211598410 -0.731172771 -0.469918362 -0.865461695 0.654560984 -0.718126228 -1.974810734 -1.204528602 1.299815328 -1.482242145 -0.835387763 -0.440399889
-5.793479796 -26.465570439 -38.885858887 0.007041027 0.007963758 -0.542636683 0.839900252 1.040589144 0.410990695 -0.177430292 -0.160121031 0.427599134 -0.210680468 0.862336165 -1.217412847 0.244078583 -0.526565708 -1.412814038 1.571039485 -1.539799841 -0.905769970 -0.727356976 0.241661345 0.251461789 -0.158892670 1.166066331 0.971316836
-6.137274278 -12.270675935 -40.043442456 0.613128133 -0.689282924 0.270955662 -0.274856276 0.428911187 1.317911763 -0.444730966 0.602786937 -0.568455952 -0.118924554 1.157850055 1.196661003 -1.566334923 -0.665500183 -0.205770003 -0.579050290 -1.132498884 -0.414986457 1.294297912 0.771221364 -0.447997066 -2.430789321 -1.846037567 -0.137895246
-7.377790780 -26.452642454 -42.144587107 -0.298683265 -0.114089025 0.273421080 0.907200592 0.342687457 -0.131371811 -0.420520401 1.399057256 0.184629578 1.459613735 1.021043077 0.115016588 1.038948855 1.170994047 1.921439698 -0.442619221 -0.574659055 -0.297613307 -0.021808217 -1.100410183 -0.645099781 -0.971663259 0.638586021 -0.748584755
1.405025160 -17.824836193 -35.833575300 -0.608208960 -0.495889401 0.137973869 -0.604267138 -0.016677671 0.391186023 0.266543620 0.532062209 -0.243644518 2.082962747 -0.134178886 -1.759294338 -0.364906407 0.138408610 -0.060049823 -0.139137303 -0.868552407 1.194572615 0.182935341 -1.973208176 0.806516943 -1.196587708 -1.007592792 0.660490963
4.229806483 -23.544998571 -46.154661037 0.731490973 0.302754725 -0.150177319 0.592205459 0.088112914 0.327700959 0.025944525 -0.271359843 -1.122723136 1.284632346 -1.063565858 -1.005748769 1.545457454 0.159448402 -1.058779010 0.541962372 -1.527114777 -0.076978283 -0.257253031 -0.148326283 -0.063151381 -0.226055055 0.050917638 0.523885604
-9.940710242 -21.456326714 -42.341956045 -0.012394744 0.909926994 -0.123440534 0.395779825 0.836534284 1.079838017 -0.717720512 0.476735178 0.753139638 -2.302078825 0.328774411 0.016032573 1.990723307 -1.141270189 -1.200744684 1.640924146 0.660946330 -0.489235115 1.843444952 -0.132822761 -1.178809161 -1.155086622 -0.085393508 -0.802353415
0.226851963 -26.796810177 -45.951387769 -0.283619864 0.467182332 -0.498971133 -0.672553530 -1.454775367 -1.815839731 0.527635163 -0.102709885 -0.984406337 2.334569962 -0.246727606 -1.316031663 0.067925763 0.134672364 -0.577093784 -1.798578849 -0.003091429 -0.405219908 -0.139169134 0.587702687 -0.171139851 -1.634036687 0.400464305 -1.051637821
-7.252606939 -24.056286670 -38.652262701 -0.371569555 -0.890406318 -0.062241571 -0.255418560 -1.176675183 -0.243470279 -0.057362544 0.774944647 0.436871830 -0.198208709 -1.989857666 1.178255414 -0.143424046 0.252545944 1.046196199 1.110434358 -1.214457735 0.475587875 0.302978371 -0.062648870 1.561171391 0.200818655 0.055717200 -0.999509659
-7.369022423 -20.682692907 -47.664885019 0.419220811 0.791949951 -0.422953133 0.134832613 1.512893485 -0.568212167 -0.607643056 -0.116434192 0.529041815 -0.801124596 0.158075606 -0.151475164 1.771906471 0.625150334 -1.338326229 -0.454211086 -0.870216706 -0.912506396 1.356710488 0.916553947 0.545925801 -1.160779784 -1.021121268 0.332839296
