12.131250236 -22.811220594 31.754060276 0.820761779 -0.290056412 -0.264985303 0.414729032 -0.554785590 1.437180829 1.542395617 0.899846051 0.551066442 0.331205999 0.943892816 -1.029724338 0.600507950 0.458120016 -0.093643118 0.348380792 -1.570701801 -0.127642647 0.159601540 2.954238981 1.278629523 -0.175386871 -0.350410656 1.568101061
-2.211371223 -22.302567443 38.835776262 0.112710772 -0.209965966 0.647164834 -0.724146569 -0.065707360 0.006922932 -0.185540476 0.108194777 -2.865324180 -0.284713988 1.223900652 -0.569132632 -0.559309671 1.255703083 0.527354570 -0.584239411 1.114989940 1.383152046 -1.566695239 -1.004231310 0.482312573 -0.243216848 -1.105230396 1.213539339
6.386126508 -26.510321959 33.271404033 -0.782095081 -0.600660162 0.052244171 -0.157496666 -0.859230098 -0.148970684 0.861670466 -0.638473736 0.745354727 1.013361697 1.141717038 0.611146441 0.310035219 0.257707304 0.338990205 0.300200772 0.513931152 -1.705909144 0.184046680 -1.510551891 -0.150744793 -0.433455990 1.180145609 -0.000053898
9.902114669 -29.520138706 38.217639872 0.349460477 -0.912130153 0.197698427 0.082530547 0.417100838 0.754057516 0.661312312 1.660982167 0.613526216 1.202008063 0.869159017 0.123927626 -0.324921335 0.689440534 -0.132696854 -1.857079102 0.473039221 0.514088989 -0.090652217 1.399070257 0.765528153 0.429216524 0.572187324 -2.043572487
4.630895590 -25.222494758 29.962353500 -0.417091011 -0.261377294 -0.483153570 0.724071562 0.284830201 2.404410063 0.338534496 1.765036151 1.183045885 0.151189229 1.513643552 -0.359181935 0.362695002 1.076479843 -0.325121160 -0.035591150 -0.040958770 1.022753995 1.265863428 1.840346772 0.136946890 -1.999413536 -0.064296584 -0.594089264
7.426701648 -26.282698201 35.513317186 0.883282633 0.229422719 -0.381806294 -0.146290669 -0.342048680 0.992691928 -0.990688586 -0.584525503 -0.864859965 -1.128143726 -0.168712864 0.302805981 0.311885915 1.211739665 0.834820687 0.102989570 -1.271505088 1.605742692 0.680915926 -1.261543200 -1.218636170 -2.172505539 0.276446294 -1.130680525
2.929336689 -19.935427296 32.653656965 -0.438274880 0.425153756 0.665764048 0.428856207 0.437579893 -1.231843535 -0.316878127 -1.036481709 -2.195702162 -1.063437736 -0.374935004 1.666222427 -1.347308053 -0.011650737 -0.608225777 -0.302745590 1.009535216 -0.256313840 0.954769508 -0.306556399 0.162622195 -0.336467009 0.061897559 -0.529537335
2.413999012 -21.471646306 41.753931073 0.087417461 0.237119823 -0.963210678 0.091419732 1.608764309 -0.779996467 2.134173166 0.229005724 -0.094637183 -0.788456040 -0.794999833 -0.560010462 -0.120659779 2.273643438 -1.284672978 -0.104204043 -0.449984551 0.000555520 0.443144478 -0.272478859 0.993409733 1.978029483 0.298039942 0.267720580
9.062354324 -25.398376693 32.280720253 -0.421653359 -0.611808241 0.239222422 -0.625037402 -0.030886201 0.688434811 0.487761021 -0.429793713 1.155656839 -0.263184833 -0.901968906 1.130904176 -1.628437765 -0.543224416 1.280218480 0.858625439 -0.213765882 0.339693970 -0.388406249 0.083206026 0.474208886 -0.219214016 0.086387778 -0.870949656
7.166310295 -32.057293518 30.710261250 0.219721950 0.838063346 0.453977030 -0.208031125 -2.220229744 0.708154088 -0.430037246 1.247596296 0.679361403 -1.221464010 0.403339563 -2.050218492 -0.386928649 -0.752756237 0.335386666 -0.583847805 -0.441967309 2.008245691 0.305270621 -0.180258038 0.563509623 -0.894004926 -0.572397458 -0.221682553
2.168347906 -32.037509780 27.585784223 0.063838503 0.635297988 0.131889341 0.758238956 -0.598492367 -1.568773160 -0.534143393 -1.166957665 1.525738471 0.058985072 1.176635954 -0.108650771 -2.776859276 -0.989969813 -0.876315928 -0.567834976 1.096767178 0.478332246 -0.139647024 -0.863686041 0.623772021 -0.352982343 0.982598265 -1.045655183
7.679208579 -27.837319404 35.220170245 0.498098340 0.492799886 0.413845568 0.581186857 0.003140000 -0.781790260 -0.596275572 1.101589314 -0.262163600 -0.157911403 -0.217292310 0.329347879 -1.219492100 -1.321570417 0.578844999 -0.312985890 0.250341597 0.729897633 0.527559568 0.813056491 -0.844218912 0.780474292 1.017771030 -0.222526689
6.653955168 -25.656437796 40.418024544 -0.503023437 -0.094841508 -0.065254343 -0.856571294 1.004639353 -1.275394018 0.821316570 -0.952579396 -0.041774204 -1.257225673 -0.366102923 -0.556298200 -0.603469255 0.302006684 1.287088673 -0.415480447 -1.084480285 -1.028905299 -0.471265056 -0.394626215 0.558416928 -1.020698539 1.516804289 0.392134224
5.299445831 -28.981312290 42.969669253 0.068134558 -0.026796966 0.302791537 0.950240438 1.044954617 -0.536547437 -0.485852908 -2.012687715 1.479419329 0.505450682 -1.198714765 -0.237900532 0.439937273 -0.628208648 -0.052563927 2.207562469 -2.065174686 -1.059896327 -0.312506696 -0.276652413 0.027925775 1.192072105 -0.154079397 -0.860079245
4.528806824 -27.419970592 29.359091756 0.915275703 0.152999892 0.224761873 -0.297226381 1.107340938 0.437651414 -1.776974240 -1.604565474 -0.066505981 1.485521476 -0.399476879 0.641407332 -1.614337494 0.217290812 -0.392698292 -0.056238526 0.315486587 1.370347279 -1.407958169 -0.924477066 -0.044830410 0.441995828 -0.597514326 0.659267185
11.483704660 -23.443740111 30.368654077 -0.021986456 -0.309896176 0.790115626 0.528392140 -0.164578174 -1.486189037 0.235024978 -1.389312177 0.230974560 -1.271038766 0.050224832 0.869900234 -0.526861353 -0.165453275 0.490599909 -0.359553783 1.477714843 0.550063430 -1.623132229 -0.731761866 -0.078979221 -2.029524446 -0.350205992 0.268956556
13.240193293 -28.102638714 39.896269996 0.128309785 0.176607390 -0.634966411 -0.741056061 1.074812840 0.210005873 -1.748907865 0.531747189 1.924236920 -0.105175688 0.238528300 0.129824074 1.067476230 -0.304065109 -0.830513733 1.603172719 0.405640965 -1.039627365 -1.319987428 0.355196741 0.648107901 -0.099110964 -0.520116239 1.362623589
1.507731295 -27.003137379 28.714089483 -0.745550733 0.102261585 0.492484633 -0.437213402 -1.424229387 0.690607278 0.288884506 0.044576360 -2.072233175 0.199737795 1.464418753 -0.436223227 1.036340210 -0.039402407 -0.048846045 1.176653324 0.439315919 0.704467124 -0.218998623 -0.540178320 -1.115936175 -0.389737018 -0.741243288 -0.694347913
2.850992381 -29.226126845 32.818224389 0.306109908 0.610932561 0.118184340 0.720479418 0.167792571 1.354802584 -0.389664050 -0.071981481 -0.852477272 -0.178178143 -2.330482354 -0.558111352 -1.701446098 0.247165100 0.124105267 -1.533876460 2.400767275 0.794796682 -0.594722285 0.217631172 -0.763939487 0.298145934 1.797467063 -1.395063633
6.577567815 -25.824938535 42.224638785 0.647336588 -0.579507572 -0.271803702 0.413822503 0.704641486 -0.513743982 -0.789330141 0.175593073 -0.633866903 -0.748671126 0.334550314 -0.737193660 0.194081610 -1.211854308 -1.268231455 -2.418698331 1.351463588 0.253450757 0.707616423 1.352681439 0.529420769 1.654946061 -1.189244431 -1.558595335
8.441305202 -21.125989967 36.749576291 0.536756429 0.163784697 0.821426217 0.101617315 0.736045296 -0.608684647 1.682072395 -0.218152124 -1.178767915 0.316192517 -0.085243224 0.574349373 -1.306515837 -0.231608119 0.392249163 -1.907625842 0.701261568 -0.226542858 0.718913776 -1.465698356 -0.214285641 -0.311185920 -0.144471020 -0.132286331
1.513012860 -28.564078636 31.850498967 0.279790997 0.449614950 -0.510654559 0.677344311 -0.578570799 0.079269842 1.459169358 1.018063964 0.534946461 -0.299687281 0.942835590 -0.851227314 -0.004209710 -0.949586418 0.908177992 -0.883071226 0.641212238 0.121148576 0.439414056 -0.268377304 1.346213796 -0.299623389 -1.203584219 1.083106242
9.323299847 -26.157454208 32.395532164 0.695125023 -0.199204949 0.609132168 0.325694016 0.023482503 0.582480187 -0.043970111 -0.403068608 1.259152188 -0.666578983 0.060104675 -2.570475063 1.152635814 -0.577514118 0.345985276 0.223442259 -1.922919089 -0.038269107 -2.591202217 -0.060212297 1.415247929 0.419561476 -0.991788614 -0.606255829
8.553264878 -31.666613061 35.166522680 -0.217461026 -0.066696857 -0.351915362 0.907974564 -1.034055358 -1.273657873 0.644057378 0.345402920 0.590478735 1.203913683 0.998332009 1.478934964 0.645818292 0.568779029 -0.714422618 1.711489197 -1.427209084 0.395902767 0.066289546 -0.750387559 -0.311836743 0.159039510 0.517016018 0.064236719
1.926947668 -23.579312310 26.292420363 0.737018056 -0.360527120 0.207101231 0.532854259 0.088265948 -0.221024358 0.150053802 -1.419906113 -0.421073642 0.418141929 -0.813761449 -1.957615458 -0.505434280 0.954682538 0.374376519 -0.516751566 0.152734606 -0.443862374 0.529775624 0.036480281 -0.989643095 -0.010866529 -1.061017426 -1.354222152
-1.567302815 -21.354289520 33.495277584 0.404215281 -0.566764669 0.152804528 -0.701454626 -0.016104431 0.351263164 -1.147788884 0.230930493 0.872280676 0.372519082 0.276444010 -0.351798036 0.481055346 0.716197370 1.916647652 1.250195071 -2.468277774 -0.193576495 -0.796569232 -0.133786070 -0.509377017 0.725026194 -1.709589493 0.616874665
4.699046723 -19.686637034 30.587590988 -0.753522288 0.564696202 0.333615718 -0.044976819 0.168686743 -0.653742590 0.220486426 -0.249421868 -0.197458600 0.946052606 -0.321495968 -0.323470866 -1.213815032 -1.211920258 -0.134275635 1.791986260 -1.807424651 0.607302051 -1.992638555 -1.140485400 0.042924106 0.694123599 -1.281809763 1.559734263
0.648150894 -31.569054542 37.248201805 -0.417822966 0.871948046 0.005789944 -0.255141238 -0.884059664 -0.174671621 0.460598874 -0.651119566 -0.505214564 -0.353746255 -1.458598147 -0.321285652 0.684402371 0.772512252 0.235838082 0.656482650 0.072483055 -0.443833109 0.075422146 -0.801646460 1.037398994 -0.680861119 -0.407341965 -1.080030166
12.914604049 -27.029950620 31.557210634 -0.261463303 -0.105358803 -0.959294325 0.017054687 0.814520018 -1.154503327 -0.282187454 1.329076937 -0.356123775 -1.741450823 0.500790327 -1.009379726 0.241390683 -1.479247939 0.749089874 0.067268732 -1.331242768 -0.004055765 0.106055707 1.348949669 -1.563423009 -0.996834873 -1.429906985 0.551371814
-1.557430394 -25.760093520 32.245177123 -0.392340372 0.359040297 -0.235942297 -0.813320558 0.932978855 -1.532281036 1.419760131 1.043139587 -0.211611440 0.068071535 0.350165402 0.465037045 0.212404300 -0.562606914 0.301308310 -1.558761432 0.152569959 -2.567962034 -0.401971961 1.128135240 0.026465135 -1.106848160 -1.451564677 0.633761504
10.402011365 -31.928441219 29.741318204 -0.301551892 0.266771646 0.091078780 -0.910825999 -0.175767850 -0.282656003 0.703682338 -0.183788800 -1.461894016 1.030716291 -1.162760489 0.420156911 -0.769444602 0.906865218 -0.882178776 0.719974414 0.796565506 -1.248169795 -1.239748604 0.146899227 0.132544857 0.129280053 1.040191317 -0.574752998
7.251088496 -31.694571185 38.007659333 -0.704474943 0.116359547 -0.395053809 0.578020760 0.591286062 -0.111279142 0.085566457 -0.769707699 0.071636356 2.364828025 -2.733003754 1.335238035 -1.379513615 -0.981303333 0.572827241 0.595249652 -1.075239050 0.489344758 0.252503743 -1.118229462 -0.807802594 0.199308529 -0.387706290 0.433535340
-0.913406708 -34.082993483 35.237975778 0.107897142 -0.826831739 0.339713232 0.435088959 0.751682894 -0.226052863 -1.493420704 0.388849053 1.674559157 -0.900558955 0.732476413 -0.513859068 0.228271231 -1.244519998 -0.747620804 -0.497247121 -0.281922640 -0.019521542 -1.744822068 0.540197193 0.798917132 -0.268034462 -1.433270625 -0.624513457
7.325917547 -21.498196591 27.232122418 0.000380874 0.281408389 0.897797596 -0.338775220 -2.003978449 -1.376868957 0.569038750 0.436864774 -0.773934921 -0.260071820 1.186408272 1.655199396 -1.467549678 -1.647334088 1.559081684 -0.914786142 1.014802428 -0.235753075 0.459613403 -1.128164611 0.438549448 -0.137736241 -1.224272421 -1.076444864
6.680423254 -34.373834798 39.222850896 -0.684827079 0.212713109 0.346568907 -0.604694135 0.290817461 -1.141000112 0.192385019 0.153144669 0.197984810 0.808054551 0.322180358 0.485573242 0.027597376 0.206600566 -2.004622096 0.248887688 0.282305404 0.276393498 -0.495284107 -1.514727611 1.958112060 -0.286303971 -1.577915091 -0.960624574
-3.011804908 -22.933449904 34.173948831 0.207420854 -0.761674906 -0.308031755 -0.530984337 -0.980472322 -0.765852794 0.284307854 0.971657116 0.747364764 -0.109860259 -0.009905026 0.560348586 0.817145143 1.338266031 -0.886767263 0.810492473 -1.479009594 -0.328137295 0.755207035 -0.863781748 -0.038927490 -0.583567901 3.607726784 -1.387427587
-1.385976153 -27.629942495 41.315024511 0.774062900 -0.020894795 -0.203334499 -0.599203735 -0.674751656 0.757386970 1.023121384 -0.298268050 0.429853722 0.761807043 -0.108131673 0.484367146 0.678857286 -1.312737240 -0.476057826 -0.320271422 0.382747737 0.311623213 -0.627478132 -0.633020679 -0.517236180 -1.468430004 1.503997294 -0.070178937
-3.744035455 -28.501292709 31.875402554 0.034987417 0.040857491 -0.996675376 0.061194282 -1.575287721 -0.784750571 0.027101792 -0.066821581 -1.431982388 0.025790570 -0.196547357 -0.809076941 0.547930121 1.334851025 -0.075378548 0.236119727 -0.487599468 1.091301903 0.692660077 -2.051841704 -0.490609976 -0.755721740 -0.287779122 -0.982029132
3.215438407 -22.203807685 40.188712863 0.353075816 0.339201519 0.389882334 -0.779917665 1.364901978 -0.093503362 0.013916917 1.361207318 -2.514082464 -1.165758400 0.528435798 0.001839113 -0.975825496 -0.738439341 0.274867080 0.484588152 0.022794708 -0.122594776 -0.036754322 -0.179904834 -0.137709104 -0.384238689 0.579827903 0.759158387
10.191702179 -34.051547128 31.730035654 0.197404845 0.916891806 -0.115482419 -0.327115506 -1.247210503 0.121043677 1.831339137 -1.121115792 -0.319770101 0.372624556 -0.898186947 -1.124013734 -1.465503989 0.275289467 -0.614463678 -0.705557902 -1.426252593 1.030758191 -0.204563772 -1.347395575 0.238213294 -1.835836183 -0.219330707 0.494315144
7.316708157 -31.193697066 38.848806807 -0.121562019 0.919417898 0.292500499 -0.233102686 -1.183953715 -0.347226547 1.804780329 0.318515316 -1.025298555 0.222207739 -1.232441634 -0.248018787 -1.021471926 0.049898441 -1.147873879 -0.317845126 -0.306106081 0.080862342 -1.401582932 0.396860406 0.726909213 1.453767947 -1.124917334 -1.464644078
9.371907384 -21.576733571 31.867941609 -0.419235990 0.168609474 -0.263584844 0.852252932 -0.462910322 1.316209397 -1.665470766 -0.514533005 -0.390101585 -0.368196570 1.842066561 0.116052690 1.779917424 -1.767838654 -0.629314744 -0.225353739 -0.545821179 -1.268436156 -0.227034048 -0.391315035 -0.326879978 -0.894877186 0.322101019 1.123722036
-4.625495707 -29.510262892 33.522042157 -0.606605357 0.332569948 -0.464086217 -0.553218903 -0.916392322 1.111911191 0.657798819 -0.527565423 0.805923806 -1.349189372 0.554944632 0.339459591 2.261280398 -0.853441547 -2.529712291 -0.429208722 0.315250042 -0.667010911 0.251382849 -0.951987159 0.450754472 -1.309852690 0.129021992 0.063019871
7.237166345 -25.945942484 35.288444979 -0.383931084 0.300194338 -0.757344768 -0.434636842 -2.172407289 -0.208315559 0.387655904 2.348079694 1.389967850 0.387022008 0.337224145 -0.413507540 -0.357936956 0.674790041 1.564882004 0.625926497 0.712155567 -2.183132475 -0.066677398 -0.465353640 1.644574514 0.820478511 -0.136569234 0.146339949
11.651789346 -27.776952328 29.479030152 -0.107867134 0.509074805 -0.801079413 0.295768994 -0.513544461 0.444262486 -0.784485399 -0.126090609 0.456427807 -1.960404595 1.023359421 0.941497948 -0.448504111 -0.278388595 -0.817503451 -0.807041740 -0.124074006 -0.421377575 0.260455609 -1.681044991 0.094707485 -1.551055961 0.856024339 0.997471529
8.091290546 -29.623208165 43.264916324 0.037643123 -0.341257248 0.939214553 -0.001583999 0.398734352 -0.851019912 -1.068760526 0.948583526 -0.105959027 -0.929944166 -0.309641236 -0.512848108 -0.228438826 0.303471053 -3.681537333 0.794228907 0.369676151 -0.369788924 0.700367109 -1.919807212 -1.275964362 -0.483726410 1.370695567 -0.171887589
1.057863741 -25.313831424 39.460672040 0.539444285 -0.360042922 0.580558414 0.492260993 0.489834333 -0.695912193 -0.464457598 -2.006504583 0.882592765 -0.566538039 -1.569122350 -0.548451389 0.895488216 1.065017264 0.407350205 0.502661825 -0.727455835 0.090818833 -0.363719353 0.163856702 -1.336019007 0.990261312 -0.354881403 -0.754502587
0.312451737 -22.625955777 30.474109723 -0.207094533 -0.698572356 -0.236566936 -0.642763255 0.769863761 0.329907752 0.261966956 0.402110415 0.354940704 -0.562440364 -0.367129212 1.858889016 -2.351171700 -0.636426559 0.640427265 2.065611181 -0.810445078 0.464265340 -0.146904757 -0.226397294 -0.201913756 0.853269427 -1.892009175 1.023973152
0.489304218 -31.465346846 40.136656574 -0.083622322 -0.305400240 -0.243215391 0.916833831 1.614484904 -1.101326573 -1.932431186 -0.124945526 -1.627195299 0.388258355 -0.134935868 1.280480926 0.440449034 -1.814497625 -0.711599558 -0.915997611 -1.414282608 1.028231733 -0.702804056 -0.702654260 -0.792948562 0.164453356 0.816137186 1.027740651
5.011915620 -24.776211365 25.807463472 0.588508166 0.138028283 -0.599240107 -0.524897729 -0.725092820 0.308954828 0.842819675 -1.029545615 -0.609220641 0.179631590 -0.309044242 -0.492558554 0.501068439 -0.015270264 -0.119878068 -2.146062575 -1.009905327 0.083508602 0.045781995 1.047045790 -0.236998340 0.643041348 0.118944947 -0.305579164
0.032108774 -20.419668069 32.983322843 0.630745537 -0.546984174 0.544131477 0.083001907 -0.305195823 -1.424145794 1.698544418 0.006314840 -1.030237194 0.287944572 -1.091382221 -0.973923054 -0.053149743 -0.878855260 -0.559119506 -1.235351127 -0.438294489 1.013288218 0.086404822 0.465002992 -0.019249401 -0.457034008 1.507836316 0.753173570
12.042270196 -25.055123485 29.953312054 0.563033426 0.111545061 0.641383839 -0.509095110 0.117739871 -0.281986062 1.765988213 -1.271134292 -0.416317834 0.185100647 -0.679378968 0.263673150 2.555280020 2.245722247 -0.223099492 -0.723780881 -0.429045800 0.193022130 1.286269367 1.223861894 1.221732881 1.448299681 1.402022882 0.381981850
3.780193427 -23.094074759 41.141393566 0.559273614 -0.715551114 0.236324558 0.345471172 -0.537093991 0.683516942 -0.183345264 0.212818918 -0.027526541 0.613100857 0.399645723 1.165714928 -0.272714780 0.695736499 -0.722507724 -0.236198680 -0.315635896 -0.990312991 -0.153714835 -0.451604409 0.936000204 -1.187371862 2.100418460 -0.183288326
6.851286637 -28.991561609 41.980449859 0.405046177 -0.740371659 0.072817716 -0.531493162 -1.887579091 0.602773443 0.879646254 1.892546296 0.964866949 -1.720625989 -0.104698689 -1.062046065 1.112535974 -1.338003128 -0.886893868 0.605246725 -0.001766527 -0.009063626 0.347511338 -0.472298994 -0.655541007 -1.522211736 -0.152521224 -0.812926370
9.024832715 -18.296493098 35.682838816 0.410676246 0.775432155 -0.158569673 0.452665056 0.630323867 -1.102410946 -0.900975115 1.784212583 -0.469461451 -0.740858563 1.149587584 0.525332530 -0.510783272 0.348239481 -0.729421837 1.248647793 0.083309046 1.288953406 1.740259085 -1.400861288 0.872055821 -0.714523915 -0.213362563 -1.701624038
1.375658242 -34.731182969 32.002973057 0.041723053 -0.712630414 -0.012158978 -0.700192287 1.506808421 0.321556641 -0.599210447 0.532347846 -0.853943704 1.251844791 -0.040582950 -0.157642773 -0.416300564 -0.075148856 -0.570696975 -0.574026650 0.618836310 -1.138360313 -1.105234570 -0.859654705 0.558475663 -1.203933645 -1.382160736 0.480897545
11.110378967 -21.344973923 34.973922833 0.593389353 -0.222021099 -0.641986042 0.431798135 0.005546236 0.159609957 2.021408763 -0.786622171 -0.472314921 0.234656695 0.341526996 -0.456769008 0.119063577 0.183526780 0.485573999 0.760966546 -1.899888060 -1.172317195 0.760502944 0.125121981 -1.098410322 0.004465329 -0.255731427 0.665812289
5.001974394 -23.151277984 27.745739384 -0.708709249 -0.194815626 0.608871861 0.298417710 0.217734066 0.313125090 0.215659388 -0.361354693 0.042902862 0.282903594 2.081558872 -0.638755750 0.034720006 0.767099859 -0.010386635 1.357406121 1.228210968 -0.414310122 1.905589921 -0.653806712 -1.619249755 -0.847382404 1.747428992 -0.777569010
1.884375387 -31.481901328 28.632065768 -0.967207691 0.176383917 0.165889353 0.076672804 -0.422479520 0.729171646 0.025860081 0.551712203 1.027690745 0.412109505 -0.003432514 0.707879955 0.207943248 0.400078059 -1.627065802 0.817398017 0.711939455 -1.401325174 0.200043256 -0.110301470 0.106609513 0.773230458 0.786145760 0.392227312
13.127176880 -21.886043144 36.454102997 0.009873816 -0.021521406 0.163630300 0.986237528 -0.723331651 0.700170043 0.557721612 2.180107207 -0.537392027 -1.424290465 0.799044859 0.367463765 -2.430532144 -0.523602767 -0.384088859 0.335817540 0.196955175 0.082111598 0.691186108 -0.440398527 -1.010510651 -0.149680979 0.035062829 0.071696908
7.275896199 -30.829136816 33.774753696 -0.364406302 0.836931251 0.385438517 0.134875048 -0.997006580 -0.310316225 -1.994598705 0.617698889 -0.035050939 -0.456925253 -0.196276830 -1.279376915 -1.038720248 -0.570311876 0.403668615 -1.107131198 0.949481462 1.387467572 -1.606958136 0.494618028 -0.562291478 -1.487277843 0.028197377 -1.770873135
-1.444847660 -26.020964589 27.658784870 -0.574391580 0.350837021 -0.527469928 -0.518423739 0.835220866 1.826010891 0.199167969 -0.031206461 -0.783648332 0.704484187 1.231351051 -2.143476527 -0.947441722 -1.892292678 -0.730231530 0.689498953 0.363415739 -1.182205642 1.674163785 -0.759674899 1.411693803 0.356862463 0.226484676 1.290880305
8.389765860 -32.825832462 28.616892071 -0.158178010 0.780905793 -0.589943926 0.130889358 -1.077118542 -2.107439167 0.767139966 1.968013129 -1.439897536 0.215794236 0.799975501 1.901755291 -1.110590839 1.145228035 -1.584823626 0.657834107 0.400935455 -1.559885239 -0.616561744 -0.114854037 -0.381631607 1.056686588 2.527662855 0.337601051
11.182720003 -27.034400144 33.870713295 -0.451026924 0.568187729 -0.588590775 -0.356788899 -1.487388307 1.500624912 -0.553020885 0.966770565 -0.716169623 -1.716219985 -1.163066363 0.739445582 2.036912162 -0.364040328 -1.956629480 -1.917979669 0.730823083 1.018616693 -0.130911653 0.286595723 0.704235275 1.200526882 -2.640471074 0.900401041
10.115073155 -24.208982604 32.060549943 -0.439380233 0.827685521 -0.208982433 0.279656989 0.252736149 -1.122365087 -1.388788562 -1.762315279 0.866755609 -0.126859718 -0.572286169 -1.100660372 -1.017275000 -0.332140309 -0.156666718 -0.588172644 -0.428662581 -1.046128984 0.797336038 1.748698176 0.499231223 -0.195352325 -0.195799954 -0.560349977
8.779515925 -26.991181853 36.266286905 -0.700215624 -0.667031684 0.080499958 0.241426116 -0.146813714 1.340220713 1.101062032 0.016118712 -1.991386569 -0.099680263 0.091295313 1.156033365 0.307859034 1.026359727 -1.270747161 -0.321145558 0.226094701 1.249536962 -0.184837619 -0.413310268 0.938517511 -0.789547068 0.969169571 2.374424302
-3.712871679 -25.258432064 38.708132101 -0.381841322 0.703396818 -0.061014448 -0.596412070 1.317113051 1.618485845 -1.093725222 -0.700322607 -0.780216921 -0.134920761 1.839443511 -0.053510428 0.783207586 -0.060195922 0.294614943 -0.814995329 0.396941358 -3.159301442 -0.260543988 -0.748197339 -0.909261626 1.243468725 -0.700447805 -2.122243513
-0.389968398 -30.823310997 30.083099587 -0.347952495 0.342429976 -0.677082922 -0.550662772 0.991266431 0.467850347 -0.547984254 -0.594060050 1.563947916 -0.188970157 0.205865104 -0.966008339 1.185476743 -0.247521683 0.062312704 -0.403143503 -0.456393387 -0.205737935 0.173396203 -0.246515233 -0.742601036 1.275582467 -0.181090622 -0.944846521
2.037728603 -27.887245772 32.400548434 -0.700709798 -0.003867110 0.537934877 -0.468633003 0.412116167 0.927263790 -1.340257256 -1.215057221 0.219285080 -0.055466890 -1.254679074 1.355029248 -0.662200524 0.861341410 0.406940501 -0.071191501 0.187250942 -0.658974524 1.659282636 -0.329598584 0.102306118 -0.368100873 -0.665134203 1.267269196
2.576225289 -34.423436435 34.141961525 -0.650396783 -0.695593082 0.299154232 0.060340977 -0.515601498 -0.177202608 0.369599242 -1.491147496 -0.155828223 -1.177682019 1.028330000 0.323156811 0.667088284 -0.004265154 1.199825504 1.299215331 0.038274739 -0.993340480 0.545421384 -0.084508492 -0.841547316 -0.284337385 -0.059835532 -2.031131994
7.843700634 -23.388739902 27.622797199 -0.314486558 0.113052360 0.343270809 -0.877771337 1.039840470 0.401489681 -1.426201461 0.622316788 1.001719439 -0.059008259 0.452938998 0.577453867 -0.106459902 0.668624683 0.428553813 0.382851425 -0.491802288 0.386550595 -1.539729795 -0.293546031 1.524532337 2.211122461 0.498584432 -1.107098818
5.619297742 -25.897762087 41.292543556 -0.865960799 0.249233180 -0.405848925 0.152582324 1.087632151 -1.229979490 1.458793941 0.415968182 1.072209726 0.702135689 0.127187458 0.882099432 -0.688782973 -1.184848570 0.491604758 1.601547307 -0.159622063 0.043651337 -0.396081113 -0.041395894 0.618454860 -0.679082786 -0.324029949 0.381390051
3.339998014 -31.785023984 32.506926855 -0.335326148 0.754256737 0.505623826 0.250993417 -0.540878005 0.843306352 0.727236113 1.304812943 0.880715903 1.246081233 0.419555590 2.301921235 0.263892278 2.166722776 -0.046349633 0.311837853 1.369865416 0.272797673 -0.683445260 -0.121480137 -1.999854888 0.826003757 0.163736062 0.622687070
4.684465653 -20.522986064 36.169865735 -0.286991957 -0.450957702 0.057395470 0.843195427 0.490412061 0.154783260 -0.995312396 0.886224767 -0.202751026 -0.419767771 -1.307953983 0.163522830 -0.159392740 -0.228351977 -1.395621113 0.695078099 -0.121719383 1.000664423 -0.541818924 1.487098732 -0.667313683 0.234514453 -0.134652011 -1.180476276
-3.341720885 -28.477053309 35.216527704 0.482345987 -0.387288796 0.669705686 0.410906353 -0.803698820 0.932598716 0.665613034 -1.565864117 2.219588397 0.232438275 2.418254600 0.002647731 1.010677059 0.456129119 -1.201616867 -1.080850853 -0.495729904 1.150346436 -0.425960407 -1.011182811 -0.353408387 0.027092974 -0.862458572 2.251364784
-2.564063947 -28.833603088 35.448142527 -0.862784548 0.161434126 -0.200895425 -0.434951577 -1.717696512 0.904998215 0.541378215 0.471091754 -0.279328417 0.455701202 -0.536918704 -0.376568763 -1.224316519 0.889256236 -1.069729258 -1.351406862 1.847273730 1.086618527 0.620409155 0.290781750 -0.761951916 -1.124349686 -0.052087559 0.961692157
2.926211092 -25.438625170 25.508297873 -0.362411284 -0.264931025 0.870127116 0.203343095 -0.769632434 -0.281322194 -1.759078381 2.345881033 -0.065131136 -0.548421890 0.025562654 -0.384130845 -0.728768097 1.505367922 -0.428429181 2.845978351 1.223075986 -0.335508747 -2.144569370 0.276439848 -0.080968042 -0.208011077 0.655067994 0.386699983
7.574590288 -18.999789355 37.173981373 0.314187557 -0.939602603 0.034999770 -0.131179813 -0.035635197 0.697849379 -0.249511950 0.279655309 -0.731736001 -1.018684741 -0.427671919 -2.193059808 -2.363770261 0.727447391 -0.988211113 -0.240794612 -0.423096587 1.762957169 1.336309083 -1.459189862 -0.711800934 0.170452098 -0.897603255 2.059741050
8.066942780 -30.040594968 43.404331104 0.628117359 -0.525087527 0.497093081 -0.287489376 -0.010239650 0.558076414 0.606086359 0.219729708 0.606626891 0.917219565 -1.325073845 0.103772794 1.970024827 -1.791199604 -0.064539713 -0.471601407 -1.284659442 0.038005465 0.098099939 -0.834067931 -0.615220485 -0.782271419 0.406566761 1.821245026
-2.587902596 -23.715225322 29.446713342 -0.031390786 -0.816499350 -0.553358863 -0.161670648 -0.735005445 -1.138932264 0.073003991 -0.837758155 1.417186654 -0.960282643 1.501252218 0.152465207 1.731284755 0.301289904 0.724749691 0.369016142 0.200394028 0.282963911 0.769093889 0.138529386 0.167532694 -1.656310840 -2.097896022 0.094034473
1.399573355 -32.612581185 35.498085847 0.233498344 0.346621637 0.522428063 0.743236761 0.004234563 -0.591224081 0.453480798 -0.027650617 0.057217251 -0.325735384 -0.447707288 1.105511520 -0.799951225 -1.177113153 0.036559302 -0.684823482 -0.538308502 -1.189376076 0.729300970 1.330354851 0.237567267 -0.481189489 -0.433716834 1.466251121
5.133901980 -18.782506416 39.531215410 0.688362100 0.217807181 -0.264659373 -0.639275424 -0.004906929 1.098258454 -0.510741355 1.694160155 0.819916119 -0.697285447 0.707893099 -0.855631013 -1.696477011 -0.093932620 -1.292108964 0.081430325 1.331289235 -0.745145907 0.977052292 -0.820026496 -1.676247419 -0.412125672 -0.448073868 -0.224125065
0.273381019 -26.300957623 32.996607882 -0.444580095 0.089568297 0.022279591 0.890971200 -0.188449934 1.409153182 1.050710608 -0.073137467 -0.087130080 1.007086525 -1.313076651 -0.477558975 0.243982993 0.269691113 -0.043808986 0.491163749 -0.701132919 -0.669158970 0.333222139 1.549114064 -0.843613929 -1.260697828 -0.924161625 0.234289501
-1.051763556 -25.546872426 43.321017039 -0.178480795 -0.006822617 0.105912950 -0.978202691 1.260221467 0.699856634 0.159920946 -0.908857118 -2.704915883 2.261992218 -0.551504122 0.442685190 -0.127138155 -0.715823146 1.547290521 -0.381506603 0.683623957 1.827616619 1.172746952 0.124310747 -1.976382007 0.421458346 1.866967248 1.116430938
-0.524567522 -27.798569498 29.589982334 0.128553501 -0.123295051 -0.401503814 0.898369086 -0.536496735 -0.559599753 -0.440175190 -0.277426366 -0.858070004 -0.064291785 -0.794601035 0.819381584 0.137679024 1.367190369 0.965540253 0.298242084 -0.280757119 0.451388301 -0.790352974 1.626555808 1.593289177 0.386309892 0.543227889 -1.194041557
3.431086288 -23.908308118 44.594493571 -0.480924362 0.367840111 0.230495519 -0.761759297 -0.923229479 -1.011002962 0.110405720 0.829261843 -0.360093561 -1.655875548 0.122935216 -1.791997086 0.172000015 -0.461538028 0.014956387 1.655548810 -0.018207324 0.593723756 0.001254582 1.083799753 1.247432610 0.450992648 1.878510905 0.748442021
-3.025727060 -26.367523514 36.047636826 0.351546633 -0.480173214 -0.784789687 -0.173071653 0.484264050 1.510230374 0.947212240 -1.409710825 -1.453186563 -1.497700622 -1.887519713 -0.855120851 -1.109154459 -0.167562534 -0.705063160 -0.021911270 -0.066441482 0.297904732 1.182596754 -0.061637657 0.169012267 -1.436711200 0.110620087 1.483661043
6.669283176 -25.982517850 36.796536855 -0.362292728 -0.544307555 0.619982376 0.433699341 -0.496360417 -0.221023931 0.351639923 -0.977409677 -0.279692026 -0.862415736 -0.519717616 -0.348372594 -1.019534915 0.710941052 1.329876467 0.059095992 0.345635423 -0.751183552 -2.009580273 -0.929740625 0.741232172 0.119617642 0.024003775 0.952555277
-3.400145641 -25.389881947 36.712190945 -0.380817705 -0.918337080 0.084470568 0.067079100 0.929546874 1.051552867 -0.447397968 -0.513935377 0.812310179 -0.070483708 0.703585547 -1.532111899 -0.770650637 -2.613004526 -0.222027872 2.158948808 1.244720350 2.004598500 -2.209744258 -1.105308456 -0.854979916 -1.674743595 -0.162884024 -0.403207804
10.586618434 -25.424879035 35.206891207 -0.985214851 -0.131022460 -0.105103270 0.033735949 0.191756554 1.083704823 -0.096670464 -1.870086655 -0.373903936 1.453944067 1.137415430 -1.243044043 -0.529559073 0.926358296 -0.953812070 0.172496999 0.237411176 -0.067061025 0.062155168 0.020899493 1.737592096 2.180752681 0.872432684 0.781433493
5.189065019 -20.157656644 34.742983352 0.010860800 -0.582646735 -0.151622798 0.798382961 0.721097586 -1.728806635 1.206974944 -0.491128670 -1.110810327 0.455160473 -0.549787235 -0.269558215 -0.349609710 -1.936659536 1.168444177 0.831629288 -1.222241875 0.799733325 -1.830566760 -0.413791100 -2.404224050 0.762734303 1.012183819 -0.414397441
7.998381851 -19.951783636 33.783674194 0.388942415 0.603298432 0.401570949 0.568766712 -0.053259297 1.569853204 0.628360665 -0.391734991 1.109942234 -0.745795761 -0.851509585 -0.199387048 -1.268250539 0.845107140 1.325614129 0.535201634 1.656784695 -0.057878804 -2.245919495 2.639450600 0.537553453 0.544703294 -0.804699424 0.280558343
4.716192426 -29.143943219 33.557075481 -0.279268854 0.810378373 -0.210717781 -0.469993421 0.711244770 -0.730121295 1.400430724 -0.980348110 1.620045671 0.250050793 0.439039473 2.472802546 1.499336716 -1.902308145 1.667918441 -0.911213968 0.201236366 -0.330459699 -0.285430287 -0.544822529 -0.402537977 0.354686272 -0.832873673 -0.250884279
-2.929885054 -29.772637491 37.192403393 -0.410115395 -0.823408687 0.220645869 -0.324220447 2.224910665 0.058215750 -1.393560807 0.041667642 1.331208400 0.684518665 0.227477022 -1.185915988 1.300278494 -1.463107534 -1.643823635 0.697827009 0.294169327 -0.176753334 -0.429627160 0.165655774 0.365933597 0.736419813 -1.990807818 -1.749232143
8.515815349 -20.999928836 38.284638715 0.528030925 -0.580050612 0.530945271 0.320658306 2.107454289 0.878390009 -0.193062215 -0.544892956 1.299486605 0.408196267 0.932560373 -1.019955952 -0.908264361 -0.691469861 -0.240086696 -0.041635696 0.550215428 1.018248565 -1.434298555 -0.488540865 0.922871156 0.763122957 -1.898427125 -1.832358672
8.511578437 -22.749105193 39.716392546 0.108340032 -0.929191731 -0.283968985 -0.210301639 2.096210130 0.862354094 -1.112505090 1.680860946 0.426527235 -0.350648595 0.154044579 1.298304657 0.037034669 0.443321704 1.938711508 -0.817439453 0.082162887 0.163967650 -1.277462165 0.019777493 -2.051108576 -0.677213621 1.514833232 0.220530867
-2.202149415 -31.264657003 40.414650453 0.273542947 0.123758510 -0.857127734 0.418557206 -0.425373070 1.126855165 0.259623347 -0.878911524 -1.092109618 1.342328858 -0.618654933 -1.418281601 -0.489581696 0.172059033 0.214865387 -1.892064751 0.952854468 -0.489408091 0.178533388 0.189465046 0.745387556 0.347326601 1.119148973 0.452079521
-3.990011410 -31.005900693 34.720831949 0.400423940 -0.623632074 0.366798672 -0.562318805 -0.155685006 -0.850715751 -1.472074736 -1.215410870 -0.273296012 0.985870776 -0.243668343 0.506102587 0.012223677 0.452972913 0.213917769 0.032186987 -0.797438942 -0.742241301 -1.475653294 -0.575361441 0.164943311 -0.090415296 -1.217195874 -0.607896378
-2.317423792 -22.256482012 36.731963304 -0.945702650 0.125892770 -0.278673572 -0.110175080 -1.678224061 -0.968720245 -0.805134970 -0.665362798 -0.109913430 1.064937737 0.455854520 -0.942075813 -1.297989780 0.713057189 -2.755498979 -0.738856030 -0.291705068 -0.086814855 -0.906416818 -0.640511162 0.198202785 1.101882732 0.538123963 0.385925691
-0.434792344 -19.903315308 33.989191290 -0.309390527 -0.500549844 -0.284266580 0.756914703 -0.980215788 -1.597936025 0.222374704 -0.753799995 -0.503305208 -0.713753636 1.492040320 2.542221196 1.004823583 -0.755863700 0.487933338 -1.098179886 0.794595754 1.709672538 -0.450120823 -0.400187358 -0.047243794 0.324370608 0.094014470 -0.206098785
6.008561355 -27.421911730 40.362900625 -0.237946813 -0.537327123 -0.560956640 -0.583085351 0.005611884 0.797934116 -0.736452575 0.476493335 -1.889748404 -0.372608874 -1.563497916 -1.249881017 -1.010220349 0.000049184 -0.889670658 1.318040885 -2.810591751 0.144515153 0.693516397 -0.858502978 -1.131947612 -0.917588853 -1.121642145 -0.737365203
4.950570464 -18.869229763 30.234885001 -0.388827991 -0.638691597 -0.516027575 -0.417853298 0.356753873 -0.153080181 -0.167891851 -0.684267302 -0.526185070 0.482468816 0.703203216 -0.470218557 0.243141177 1.580294071 1.163630671 0.044675176 -1.532896558 -0.494212600 0.926213412 0.925459588 -0.374514658 -0.603906839 0.972934764 2.392388488
12.293460424 -25.566880362 34.478471419 -0.442024392 -0.809567444 -0.333460290 0.194985195 0.129922552 0.138600713 -0.886326005 0.212731235 1.039242706 -0.473437659 -0.675075239 0.308385862 0.908297716 1.485698491 -0.949573705 -1.053095140 0.127469810 -0.173601462 -0.330179368 -0.392030487 -0.821107440 -1.247983585 0.213556714 1.344912254
0.709919218 -24.803267477 41.402776325 0.364282223 -0.476687950 0.732997267 0.320596424 -0.496970293 -0.403778184 -0.530317900 -0.543675810 0.919343113 -1.011139274 -2.103058536 -0.735146800 0.104871118 -0.184147762 1.682628711 -0.482165578 0.919881375 0.025566847 -0.085620596 0.689637198 0.258017547 1.979878866 -1.043025475 -1.001058724
0.246140158 -33.579003397 30.310893359 0.440504942 0.459899715 0.699499429 0.324265628 1.761032803 -0.655015797 0.548508090 0.749851363 1.477735115 0.748149740 0.614561664 1.298689850 -1.970315429 0.329981753 -0.784612485 0.378467198 0.710567002 0.275009728 0.149842527 -0.077734062 -1.698027753 -0.445433684 -0.486123434 1.076544894
11.526128453 -24.526909279 35.305934170 0.424030695 0.317620274 -0.277678697 0.801379980 0.476323498 -0.451618462 1.295701743 0.079075397 -1.230792198 0.283277271 -2.665156105 -0.033155570 1.281238271 0.289305870 0.370131247 -0.672929146 1.460845088 -1.177627868 -0.113373010 0.320502083 0.641191589 -1.292277371 -1.450325929 -1.507513285
8.265636904 -30.911562362 43.082757842 -0.736811761 -0.134807521 0.614914357 -0.246608383 -0.975945392 -0.452276386 -1.033659513 1.994563020 -0.637398687 0.746133493 -1.292798537 0.290749153 -0.360933728 1.580749802 0.278934965 -1.612664809 0.933258300 -0.426610970 -0.051386576 0.805149158 0.702782451 0.517344749 0.586149481 2.677925414
5.734691313 -32.585332582 32.058976645 -0.438255768 -0.729575163 -0.340730874 0.399442656 0.780492116 0.317118511 -0.867598127 0.767080655 -0.268077576 0.785984440 -0.081177056 0.440036975 -0.925113336 0.870332842 -0.087198598 1.046608754 -0.077018378 0.353403840 -0.743512964 -1.281053867 0.314348622 0.213232905 0.920221480 -1.264289855
-2.724220275 -26.709509821 37.448943195 -0.844747824 -0.458657049 0.037808746 0.273139752 0.786860148 -0.083119629 -1.079929805 0.837721919 1.058858898 1.256168519 -0.655070035 -0.463892520 0.305097875 -1.108245090 1.417647607 -0.580973031 -1.055946607 0.713178098 -0.039390418 -0.562907354 -0.078860936 0.079959361 -1.145788337 -0.065968194
7.550058939 -22.544777439 30.983352964 0.219207745 0.761816244 0.522641782 0.313734827 -0.956378892 1.364792836 0.437863968 -0.927753052 1.698386359 2.018091839 0.610924676 0.237086117 0.505587942 -0.849791214 -0.814149851 0.069099489 0.692213652 0.462137742 0.144792064 -1.258865778 2.791464818 0.213064715 0.793926987 0.999251607
1.744784131 -30.316333257 35.047454376 0.350436036 0.189063572 0.294218091 0.868841335 1.982695416 -0.653225492 -0.434163850 0.841816538 -0.597104215 -1.240483012 0.320121100 0.911337462 0.026372425 -1.788928104 0.740919222 0.020559844 0.467932797 0.361065975 -0.786395978 -1.024718118 -0.179130538 0.451801065 0.717895985 0.461170464
5.027213761 -27.970536496 26.489160003 -0.794228277 -0.306056996 -0.502259918 0.152530435 -0.904288091 0.162017631 -0.166856319 -0.972767331 -0.709839306 -0.458718692 1.446293818 -0.997239458 -1.009942119 -1.703385561 -0.179548788 1.426455719 0.550263654 1.595673008 1.185379024 0.210256076 -1.432894390 0.330754046 -0.415214368 0.346035178
-0.643518610 -29.332215752 33.393442827 0.243325629 0.489058905 -0.157224970 0.822735884 -1.447279021 0.046318855 0.078539381 1.092282291 1.109529807 0.019509346 0.378619476 -0.170597813 0.177867621 -0.237088801 0.554637974 -1.654236307 0.536698655 -1.587934187 1.130505368 -0.416500766 1.087961510 -1.410530441 0.258632966 0.411623440
2.067394943 -18.709872408 35.969416549 0.431598580 -0.850133573 -0.053473092 -0.296877421 -0.757749224 -1.448980220 1.502916497 1.937432504 -0.626381874 0.349757751 -0.475321213 0.327460976 0.565745988 1.468178880 0.744078568 -1.122377082 0.694583398 -0.948777486 -0.079986796 -0.810057710 -1.562567786 -1.841482501 -0.986646328 1.247536229
8.107771999 -29.250764774 33.960011242 0.267179905 0.227385053 0.012733026 -0.936348656 -0.530833462 -1.437362234 -0.859537996 -1.146377003 -1.647735480 -1.628613453 1.852158474 0.619753531 0.898679559 0.101820519 2.633356167 1.156725128 1.586627577 0.919681772 -0.534359217 -0.997093187 1.835049936 -0.058780822 0.621261130 -1.218545429
-3.405793947 -23.650976333 34.241283448 0.266023675 0.082458763 -0.490617725 0.825667127 1.383268592 0.912083033 -0.013522533 -0.806572928 0.913090020 0.212879544 1.577472427 -1.184480671 -1.838686414 -0.067207157 -0.741836374 0.748674257 -0.810538351 -1.080457832 -1.048215737 0.972165620 1.160712329 0.311388263 1.136155239 -1.476184053
1.960771066 -34.890183792 30.958841461 -0.157112754 -0.415180616 0.827651940 0.343413606 0.846384495 0.042758285 0.968097693 2.082716838 0.816119517 1.077494197 -0.213954122 -1.127897051 -1.243759388 0.974342870 -0.755078275 0.694074940 0.466005735 -0.387304371 -2.047300054 0.132303096 0.126309827 1.413618066 1.518427683 -0.090071357
4.306473893 -23.578105078 27.774070873 -0.716597026 0.602046629 -0.195308701 0.293058136 1.776582885 -0.295698442 0.226178108 0.813202546 -0.169383513 0.071825303 -0.617014527 -0.135390206 -1.201643593 -0.717707905 0.995491819 -0.016765110 0.458453614 -1.108177663 -0.331351669 0.598701487 0.509840854 -1.676761199 -1.426737178 -0.531543023
13.487698550 -22.503182879 36.142274438 0.213607700 0.921163621 -0.111314681 -0.305676915 1.072014367 1.069922773 1.759235483 1.175348983 1.373389575 0.931381516 -0.262800837 -1.023882193 0.013591943 1.506291727 -0.337214997 -1.379704733 0.549504504 -0.340572653 -1.711915107 -1.166523184 1.032501526 -0.132143826 0.439801784 -0.404583162
6.359943079 -33.542421017 38.962855856 0.141973109 -0.316878379 0.582450456 0.734971562 0.211487013 -0.811631371 -0.195020781 -0.867312089 1.838705246 2.505039042 0.111795307 -1.698639710 -0.352518182 0.934827825 0.103975515 1.118657031 0.277275677 0.589274062 -0.075978297 -1.649197515 1.236729445 0.808168722 1.394716784 -0.763456968
4.048400101 -17.639797303 31.029180462 0.228650915 -0.207960378 0.387566661 -0.868483347 0.808860633 0.341029804 2.160790328 -1.699845640 -1.378720405 -0.282312359 1.417639076 -0.350292235 0.165867923 -0.806582300 0.217217011 0.468525510 -0.224857259 0.017517906 -1.595199107 1.920137336 0.197154387 0.123218003 0.851209505 -0.970858481
2.889175137 -17.350876893 35.637319672 0.339182588 0.748957811 -0.565652146 0.063679029 -1.046431793 0.281125788 -0.482600935 0.375271396 -0.780994565 0.069471559 1.189615323 -1.032538453 1.449882359 0.570000803 -0.617175978 0.540623823 -0.085450120 1.179294436 0.781417349 -0.238211811 -1.062918378 -0.666160401 -0.689776460 2.126743113
0.295290482 -19.341551818 36.889417044 0.806078226 -0.481177265 0.118172722 0.323637978 0.127115762 0.532606644 -0.640163435 0.309724002 0.547711622 1.492216089 1.217751297 -0.153930835 -1.243202546 2.086630421 0.996815879 -1.287904126 -0.763539763 0.610215723 -0.605409533 0.714708301 -1.479266612 -0.577740186 0.382717742 0.572957490
11.685653066 -20.442226041 33.751055740 -0.077980632 0.002799729 -0.419565858 -0.904364790 -1.998761700 0.972974077 0.343518859 0.081156346 0.434587807 0.270747518 0.229099833 0.722941440 -0.865326934 0.062470205 0.547734988 -0.978119104 -0.465720554 -0.682309508 1.209262523 0.233573824 -0.533096201 -0.313694200 0.690552359 -0.694760122
13.258942098 -27.115797027 34.712433275 -0.572878731 0.741757463 -0.014811072 0.348405594 -0.852136957 -2.134897478 -0.024664717 0.230993115 0.218187306 -0.675543015 0.007971264 -0.684125171 -0.358307986 -0.070821236 -1.783112182 0.635980688 0.172272845 -0.970711362 -0.116966045 0.166242653 -2.156349880 -0.067582563 2.180702846 0.018746154
3.558840707 -31.965554480 42.691958033 -0.187821462 0.903133882 -0.216062694 0.319983127 -0.189380112 1.106215042 1.043712490 -0.295035867 -1.638696901 1.157168943 0.867570616 0.228911218 -0.064797774 2.059347689 -1.212021889 -0.578229250 -1.539661341 -1.155636478 -1.592416933 1.946717183 1.602774395 0.569876194 -1.109985084 -0.448752330
-4.251363725 -22.310345409 35.501487565 -0.462559607 0.436135211 0.024793525 0.771498521 -0.374585933 -0.856100733 0.253844134 -0.965574511 0.760814896 1.139776307 -0.951640412 0.223566275 -0.147670128 0.644621844 0.079479800 -1.599016346 -0.141176260 -0.033437711 -1.240771939 0.150941808 0.245072269 1.807930157 -0.824907100 2.489599538
7.501232364 -20.779116221 32.745536429 0.526902259 -0.150587202 -0.053316389 0.834778334 0.069636227 -1.067757720 -1.435859429 0.300250667 -0.792335388 -0.147891992 1.397225436 -0.258952440 -1.137879649 1.363368123 -1.460540633 -2.668772961 -0.890538718 -1.366751974 0.478796459 0.398802392 1.232694245 -1.254073316 0.891946209 1.645213653
1.034395822 -29.631151538 42.870794246 0.822953751 -0.096976384 -0.428046771 0.360719651 -0.007995036 0.304308533 -0.728418257 -0.567123983 0.773117281 0.145542166 0.403676626 1.923175286 0.109743413 0.295403261 -2.335760341 -2.691632088 -1.635856660 1.924394108 -1.373902523 -1.907720956 -2.002599704 -0.832403785 2.580224201 -0.525231015
5.067217434 -21.741369190 43.162528390 -0.256128813 -0.607507196 0.671060504 0.339132478 -1.105545775 1.265314328 0.764118959 -0.386105439 1.902729978 0.377909340 2.713831716 0.128712438 -0.381966359 0.112492314 0.448808192 0.735548798 -0.054866523 -1.174722476 -0.237048842 1.223693480 1.211305633 -0.236127486 -0.354282812 -1.392954092
6.826725135 -26.113397995 40.752533814 0.703747179 -0.621482832 0.299924965 0.168949733 -0.974558692 0.189638325 0.173447130 0.836959434 -2.251430209 1.079672399 1.010906509 -1.834928670 0.556551604 1.089371394 -0.517002374 -0.105064898 0.926668613 0.716992927 -0.145823737 -0.520112105 1.010435633 -1.311841548 -0.674758552 -0.261533466
10.676696110 -31.710276721 29.279240135 0.373729624 -0.670020512 -0.572087017 0.290026077 -0.173101859 0.536036064 -1.335802028 1.230126557 1.144138956 1.955626835 -1.430526081 -0.435307005 -1.666601376 1.052261855 -0.385045186 0.071857788 0.779291010 0.149273653 1.966020403 -0.003694645 -1.223931936 1.407924079 0.825766378 1.095471971
8.262049973 -22.972403552 31.322170865 -0.717805638 -0.505112221 0.042599989 0.477286026 -1.434619282 0.975356931 0.795081468 1.017854941 2.718047003 -1.269978867 0.632292454 -0.787703230 0.047835424 1.252221753 -1.006313783 0.253398196 -1.466607388 1.379425804 -0.823280269 -1.496803207 -1.289879403 0.757653656 -0.919757994 -1.307879508
9.055637042 -34.997641132 32.979478931 0.649760782 -0.421896083 0.472360627 -0.420345167 0.104922702 -1.856797065 -2.455460950 -1.268575259 0.056823982 0.404400803 -1.386366583 0.275204510 -0.144403449 0.428825992 -0.967635541 0.419235695 0.465326066 0.768375151 -0.578669850 -0.591461476 -0.314696746 0.813905793 0.192558977 0.362269702
8.434885016 -20.315924335 35.149730531 -0.300164655 -0.467645512 0.372669927 -0.743186370 -0.718454179 2.151441737 0.987021584 -0.713786607 0.545280353 -0.635688441 -0.786702288 -1.523694767 -1.135218601 1.505971615 -1.494092801 -0.157985182 -0.108653337 -0.786232479 -0.396861704 -2.025702208 -1.635338552 1.730371734 -1.163385413 0.775650541
5.849084393 -26.491625669 27.839112943 -0.080688086 0.659168839 0.745460604 -0.057222051 -2.168468606 0.658775720 0.201365465 0.547788220 -0.663965158 1.666434212 0.713609263 0.528788876 1.771236201 -1.350226901 0.278765730 0.588414128 1.386977280 1.094528639 0.540470195 -0.597344858 0.472383717 1.842005989 0.847763425 -1.196110489
-3.444322064 -24.224947461 32.220596799 -0.426152376 -0.826431695 -0.298973231 0.214522291 0.885433764 -1.140593993 0.519050391 0.559080128 -1.078706678 0.117402227 1.008055736 -0.312734312 -0.362734187 0.841452320 -0.493840033 -0.320526040 -0.199467745 -0.284839673 1.345332007 -0.610196047 0.283997976 -1.801402610 1.647517490 -0.498109684
-1.687477504 -29.727069666 31.790135945 -0.696998608 0.483487438 -0.524586311 0.072401933 -0.613421983 -0.453105644 -0.800283162 -0.287749472 0.061285101 -0.795662321 -0.108316859 -1.732195637 0.177123926 -0.445098517 -0.301055878 -0.150332007 0.156869117 0.533269753 1.571425567 -0.192181505 1.639385685 -2.227696030 0.140075870 0.483301483
2.216143322 -31.005464521 40.513854295 0.928481378 -0.311768006 -0.120670875 -0.161745418 0.836310864 0.861308995 -1.786370944 1.397677592 0.390308180 -1.657784171 0.529423794 -1.508468174 -1.144474650 -0.025475375 0.662867034 -0.613343383 0.999957470 -0.327743055 0.576113384 0.787509685 0.065206240 0.807148058 0.182362836 -1.897708465
9.698053965 -22.010219337 34.031822414 0.657640688 0.585319229 -0.086693554 -0.466255673 0.016467705 -0.678982522 -0.280594510 -1.385269350 1.227771091 -0.675907933 1.522314397 1.271813736 -0.051116923 0.143150274 -0.369917416 0.445016928 0.339585055 0.995241420 0.838217453 0.692880163 1.772673457 -0.197052642 -1.028936794 1.154041188
0.729482096 -20.243651671 40.487234627 -0.373053907 -0.117412024 -0.844006466 0.367012649 -0.132797103 -0.095838600 -1.365000399 0.038390235 -1.677615021 1.241230070 1.023020899 -0.129189803 1.117366026 -0.315665872 0.769764604 1.549155565 -0.673686811 1.261902925 0.374134352 -1.460715564 -0.348294134 -0.909331121 -0.251408738 -0.163166784
1.330822834 -34.462684393 39.945349173 -0.829804461 -0.170541260 -0.079983582 0.525302639 -0.082054253 1.124811943 1.823741760 -0.273908530 -0.554701716 0.427759848 -0.246861368 -0.836228500 -0.449008157 -0.185532921 -0.851432112 0.878910977 1.717473748 0.539701989 -0.081444267 -0.925105379 -0.486719739 -0.385694449 2.036290142 -0.823769797
3.274714668 -23.533239872 44.487539327 0.067311507 0.688462491 0.564125690 0.450833411 0.092068548 -0.986867555 0.449749960 0.242705486 -0.553001986 -0.503551409 0.515768634 -1.611373571 -1.097068058 -0.283737425 2.639101053 -0.631048565 -0.527785964 1.638408578 -0.611331504 1.263992836 -0.095892362 -0.601629854 -0.649088720 1.233545710
8.654795372 -27.542626962 40.363843222 -0.780269421 0.471193756 0.409964838 0.032937919 1.295345266 1.260034311 0.684942479 1.745982301 -1.229720817 1.235097933 0.467804633 -0.672383434 -1.474977816 -0.880147556 1.181466762 0.638088605 1.942294939 -0.341812996 -1.214989859 0.072694503 -0.277641067 -0.270517248 -0.672451540 -1.520121361
6.654307946 -28.603071028 33.143244453 0.632561403 0.486191854 0.481495319 -0.362830278 0.440420895 0.101466450 -0.135684785 0.272672144 -0.099552182 1.544820553 -0.098977165 0.846061214 0.011948740 2.569491313 -1.566288000 -0.158905562 0.324662033 -1.441559137 -0.024260767 0.118346381 1.261158327 0.733230809 -0.107134474 -0.239758118
-0.976985269 -26.882893197 43.313603087 0.326067974 -0.813580281 0.164553246 -0.452425719 -0.592903455 0.275593007 1.165231396 -0.556966988 -1.499733937 2.021914522 -0.857161208 0.728397051 1.124108117 -1.148644677 0.602226729 0.004385594 1.201558754 1.245792961 -1.810890543 -0.414518961 1.673902307 0.840131730 0.354281326 -0.194243673
9.469006841 -30.478104996 34.089804228 0.145528942 -0.788556245 0.538515124 0.258847129 -0.724196282 -0.541880279 0.576402050 -0.036289258 -0.141534217 1.082897159 0.025053481 -1.616207450 1.214461459 0.893738230 0.602987939 -0.696668087 1.152596299 -2.196734559 -0.290677550 -0.506260448 1.064181735 1.752960492 0.082042212 -1.070120748
5.008591140 -31.251835828 30.571686051 0.214399393 -0.569936117 -0.266515295 -0.747111317 0.058363034 -1.663442243 1.028710460 1.211940038 0.393657779 -0.428564975 1.571643771 0.765732450 -1.386870862 -0.742747599 0.853127806 1.727345334 0.377373764 -0.596486033 0.589309325 0.188083627 -0.146575132 -1.583993670 -0.469792067 -1.035790036
6.152418104 -22.240068864 39.176614968 0.801177568 -0.423091900 -0.148191216 -0.396417850 1.274959527 -2.144285210 0.157790915 -1.594169853 -2.146870210 -0.165533667 0.621747535 0.127362047 0.139650937 -1.578780728 -0.022813547 0.076258072 -0.309280136 0.496731015 1.478157957 0.563009561 -0.553193531 -0.593582183 0.343577296 -0.097091041
10.119076851 -27.911350120 34.507322905 0.350525900 -0.347787637 -0.860386217 0.126138457 -1.634536295 2.230771901 -0.586973612 1.454967774 0.356698179 -0.489701123 1.373269990 0.689923503 -0.839050910 0.937550389 0.458687762 -1.226075924 0.884175401 -0.341918285 -0.064618798 0.045977903 -1.804400144 -1.033288679 0.672272254 0.106890546
-3.544908342 -24.926344143 32.700443103 -0.417049748 0.525971171 0.149621070 -0.725973395 1.013781641 0.087195049 -1.205958277 0.230679187 3.275364480 -0.162455419 -0.956903982 -0.333608013 -0.866816351 -0.220051647 2.146888030 0.867533160 0.487961230 0.952343475 -0.013211546 -1.096769434 -1.582852856 -1.743654019 -0.921902989 -0.121749195
3.199028711 -16.845393972 34.563599518 -0.022149124 0.396528199 -0.805683034 0.439487944 0.600449739 0.372870266 -1.253086597 0.086084853 0.102924657 -0.285544565 -0.373816123 1.279897633 -1.106863290 1.884790067 -1.239127491 -1.058694074 1.341742346 -0.661271443 -0.443101510 -0.321232708 -1.533577076 -0.247373339 -0.930919530 -0.993431825
5.292191556 -33.660439034 36.040524234 0.590064459 0.147683745 0.563821730 0.558675668 0.567453147 -0.463124123 -0.468277700 -0.117184313 -1.324319110 0.609406759 -0.970789135 0.374061243 -0.555137652 -0.809097861 -0.959258446 0.070350059 0.043627767 -0.894181277 -0.390964197 -1.118555653 -1.005694159 1.806830022 0.272093017 -0.308381758
1.467863178 -24.697518099 26.444953224 0.358104981 0.687267524 -0.193683104 0.601590416 -1.086724996 -0.335051208 1.616691892 0.505093415 -2.179087399 0.581863873 -1.061227217 -0.974553032 0.128806347 1.806838692 0.243587657 2.942835813 0.586298220 -0.088056189 1.061798003 -2.829491084 0.423506812 -0.377727684 -0.228758049 -0.200216550
8.414614531 -28.770813273 43.084912695 -0.341646640 0.096793744 0.655217738 0.666782018 1.302506756 -2.126014208 0.404848193 0.641858721 -0.881877204 2.010526239 1.710330195 1.011668183 0.269702457 -1.170770442 -0.432360815 -0.278074939 -1.199798490 -2.072572204 -0.052940262 1.246980249 -0.272475002 -0.364449531 0.493582466 2.096059155
8.165288912 -26.147614771 40.408708024 0.455876312 -0.345537280 -0.268366638 0.775087172 -0.934802153 1.466157891 1.277819527 0.495241749 -0.301705364 1.896774012 0.027673375 0.415665996 0.661344770 -1.472626805 0.778599158 -1.024564825 1.178979951 2.678073118 -0.304691882 -0.752717163 -0.095302989 -1.106065681 -0.240444066 -0.726742861
0.993733267 -31.022518351 42.166083977 0.620496260 0.615418211 -0.446414655 0.192246645 -0.695133432 -0.374803898 0.879801077 0.574940865 0.228480401 -0.185832325 -1.776806551 -0.201285791 1.342255905 1.081937748 -1.278302784 -1.107871346 0.426399793 1.192739545 -0.733265631 0.463108564 -1.125169279 2.569679764 -1.010660700 1.726954016
9.734282128 -26.410609684 29.102597028 0.541537457 0.587870519 -0.180596597 0.573175632 -1.439729398 -0.570857990 -1.488720729 -0.471819014 1.184483777 -0.247068051 -0.822366194 0.892135242 1.076828844 0.515794040 -0.430390453 -2.076196245 0.259121888 -2.240192148 1.402616550 1.433472768 -1.404751172 0.639809714 -0.100498673 -0.187639171
4.462028209 -34.155657308 36.459859834 0.325363736 -0.506965592 -0.482165013 0.636114163 0.090087603 0.055942819 0.495067494 1.136410290 -0.423623733 2.149639258 -0.173038636 -1.196436311 -0.213113061 0.815480920 -0.210316017 0.490504754 -0.404261601 -0.716473315 -0.034129871 -0.847266148 -0.031049306 0.881817206 -0.481517497 0.725378519
11.312134200 -33.493194229 34.932693209 -0.313141604 -0.362259177 -0.400145973 0.781405033 -1.624352042 1.251276867 0.659867035 -0.244636701 0.303579000 0.508949349 -0.369537526 -1.380467138 -0.704561382 -0.955539700 -0.455441235 0.450680111 -1.169327001 1.597411122 0.314627494 -1.380357551 -1.796467602 0.689572244 0.103979104 1.466634919
10.232400945 -24.083058022 32.569466687 -0.067365951 0.895737098 0.092145967 -0.429681277 -0.730470233 0.813611075 0.569979298 -0.020532435 -1.628715128 1.083561169 0.535087327 -2.893770593 0.636888848 0.022016837 -1.989866515 -0.503480748 0.503077302 1.057431274 -0.239857228 -1.508824824 -1.450200059 -0.788384141 1.318123151 -1.143571147
4.933806434 -27.647043775 40.912954897 0.206927363 0.801739780 0.384956234 0.407680131 1.335288749 -0.974316578 1.055103337 -0.529351083 -0.457747884 1.268870727 0.337632840 -0.672620819 0.714203463 -1.275745831 -0.200356505 -0.409995990 -0.708533489 -0.336234537 -0.650710760 0.128459104 -0.720237026 -0.153378696 0.918517003 0.069281987
1.679868724 -30.064421873 28.075185866 -0.491845427 -0.079980364 -0.723233443 -0.478147052 -1.584100649 1.983793622 0.469813491 -1.384207606 -0.505371017 0.831734194 -1.268762247 -1.622580131 0.337842441 2.299693350 0.960966639 0.692759646 1.194402228 -0.037987917 -0.710685559 1.594258818 0.641281681 1.194544962 1.229216514 -1.281197810
5.808834216 -23.979904824 33.516241915 -0.574408382 -0.794259693 0.197933204 -0.005384850 -0.131688981 1.123131911 -0.840280100 0.385709462 -0.503004063 0.584491567 0.661462241 -0.518632985 0.163827759 1.016085076 1.010498157 -1.451500930 0.138461471 1.022752108 -0.583286890 0.591637670 -0.007361568 -0.367666785 1.921376430 -1.747038071
3.516895547 -34.915279373 30.865137447 0.118791486 -0.552618104 -0.824923296 -0.001835668 -0.572932784 0.322298491 -0.095944381 1.185257982 0.216348838 -0.878150854 -0.423799176 0.423630996 0.186166430 0.339108375 -0.806444745 0.965269427 -0.710838554 -0.940758783 0.273262803 0.638661201 -0.588580402 -0.841813188 1.351376479 1.786131488
-2.715183417 -21.801536900 33.417946364 0.290264645 0.262851323 0.485093776 -0.781882118 0.754020775 -0.193512456 -3.640723582 -0.326859892 -0.185812006 0.890292337 -0.434346448 -0.117441368 0.022688019 -0.074544216 1.594963254 -0.653791386 -1.125600216 -2.072527855 -0.081355784 0.625816719 -1.833469571 -0.266938378 0.493179334 -0.382542259
6.027074031 -32.728109817 42.478193350 0.267479726 0.167626454 0.323720665 -0.891942206 -0.466901829 0.374620635 -0.337095855 0.800749752 -1.163411837 -1.302736343 1.345771042 -0.427390963 1.309532028 -0.024543746 1.132121865 -1.646306610 0.759704659 -0.670560283 -1.001389590 -0.726944020 -1.249847458 0.660303892 -1.261180727 -1.514097436
6.473086042 -26.735971178 41.140158747 0.349868225 0.432494057 0.194306102 0.807951889 -1.712959771 -0.247299996 -1.601580480 -1.071875038 -0.919657243 0.577972228 -0.811358234 -0.162136534 1.474913712 -0.623332305 -0.179768593 1.017453256 0.513201996 0.202945495 0.530998704 -1.149954574 1.515888572 -2.538753240 0.195323441 1.475071122
12.186018798 -22.893996751 30.166931572 0.415029709 0.626472080 -0.627619330 0.203413497 2.438805222 0.323035074 1.231272784 1.281565906 1.000967271 0.852496238 -1.080678945 -0.787358538 2.407076521 -0.850291032 -0.544103320 0.191365894 0.171328469 1.324101550 0.034890358 1.478750344 -0.509061596 -0.644430673 -0.060495305 -1.397640262
6.242040718 -21.187597329 28.586156818 -0.690889565 0.001780178 -0.406984985 -0.597521264 1.221584942 1.587259355 -1.277009493 0.244021275 -0.009921238 -1.796418988 0.243401173 -0.437449624 0.227292851 0.696798157 0.479400010 -1.386596502 -0.527079286 -0.265226062 -0.277713172 -1.207832355 -1.047591111 -0.103782245 -1.189855121 1.019416067
3.355312835 -24.890062078 44.056409159 0.142614214 -0.174977415 -0.425653951 -0.876277812 1.089833759 0.654762713 -0.232348401 -0.124224924 0.105507928 0.556181746 0.203407173 1.121698456 -0.016868801 -0.645009258 -0.124378457 0.011740579 -0.146239464 0.361164306 -0.380373554 -2.409384610 0.222050803 -1.011893051 -0.214908178 -2.510114138
7.692603317 -20.612933536 31.018718293 -0.123862594 -0.760709070 0.284347302 -0.570198544 1.084141098 0.555573442 2.548023408 1.888409759 0.593759395 -1.284678337 -0.022619553 -0.423795558 0.101346486 -0.030045356 1.263852221 0.839002112 -0.322707503 0.115713066 0.933131049 1.575615654 -0.460452689 -1.737897741 0.124364135 -1.296402249
-1.630187715 -28.498224293 40.163355965 0.746411366 0.027210544 -0.472654352 0.467683143 1.443686628 0.438976192 -0.823887002 -0.049569619 -0.561683798 0.049341141 -1.629942572 1.378590665 -0.700355929 -0.732422023 -1.495933698 0.198242959 -1.127929145 -1.085400151 -2.437018825 -0.133663348 0.762339265 -1.089402307 -0.003989877 -0.450523242
2.628651764 -33.364143810 34.706860351 0.025252981 -0.789652762 0.437450768 -0.429473665 1.030203652 1.463196228 0.914178449 1.373018049 0.679304522 0.851015366 1.436758179 0.478508941 -0.520197764 -2.027841437 -0.685808018 0.229659501 0.946273372 1.028743083 1.283058301 0.056887794 1.172652729 -0.735774454 -1.543273487 -0.705313389
4.409519611 -30.381701569 42.293041922 -0.445339873 0.257441847 0.579048205 0.632534006 -1.477209396 -1.193696633 -0.129561880 0.087668713 0.654129749 -0.202537161 1.269314264 -2.245764908 1.212873590 0.449452350 -1.510357263 -0.358516436 0.609274473 -1.008710185 0.705275247 0.623479171 -0.370115744 0.224347484 0.795393277 -0.381012260
7.461742042 -25.286107295 29.928227941 0.906731638 -0.138541664 0.304681235 0.256541009 0.702324406 -0.853509614 -1.107529917 -0.463682384 -0.151734017 1.156271761 -0.600208604 0.193755412 0.895065065 -0.111030522 0.282517171 -0.426754928 0.828859264 -0.407459255 -1.350567075 -0.073158621 -0.905170130 -0.676429266 0.069870705 -0.014411916
3.364702174 -29.291363138 26.936887497 0.474756432 -0.381897436 0.086616974 -0.788199326 -0.875858441 -0.831871530 -0.282138497 -0.828448611 -0.324600554 0.571628231 0.351914786 -0.686340515 -0.541244523 0.980651408 -1.943665395 0.410341312 -0.537253037 -0.008415190 -0.566791767 -1.231795238 -0.488788344 1.686190620 -1.010165665 -0.122871219
0.026904121 -29.432581314 36.555576861 -0.272446439 0.818128021 -0.505303043 -0.033291352 -0.028596365 -1.044065505 -0.218397798 0.185038168 -0.559241419 -0.055867664 0.415803725 -1.322669788 1.379133293 0.796930346 0.466616530 -0.208836056 0.609263718 -0.076611552 -0.397682666 0.754334731 -0.365347550 2.093991830 -0.564509916 -0.910112036
3.834480267 -30.498340756 28.797974293 0.487906989 0.497232870 -0.698772473 0.162552374 0.148635788 -0.608904889 0.687436708 -1.487490027 1.802551926 0.311463522 -0.916619846 0.025997900 0.605012667 0.810047935 -0.545700676 0.164195722 -0.408242525 -0.255769130 -0.325530342 -0.366103746 0.934300322 0.547584170 -1.080362742 0.801877265
-1.617308928 -25.973307103 33.749460003 -0.825335058 -0.393398803 -0.349447137 0.204807525 0.037470676 1.002192448 0.897551643 0.218931647 1.174403439 -0.792187418 -0.360947608 -1.032595568 -0.361727618 -0.790215544 -1.479369776 -0.992972146 0.105218395 0.192026957 0.965502835 -0.266147616 -0.785362698 -0.875006730 -0.033032426 1.509322979
0.976532382 -28.134879517 40.388751845 -0.332874700 0.724376397 0.598047572 0.082537083 -1.275014965 -0.505955504 -0.268692136 0.975125533 -0.563006208 0.486254147 0.826592359 -0.691424210 -0.081939181 -0.575024226 1.314730330 0.965915764 1.010643838 -0.704176054 -1.655574114 -1.227981011 -0.453219454 1.573999746 0.146930073 -0.730644312
-2.874195682 -24.102774340 37.631024120 -0.629681329 -0.048790561 -0.728706837 0.264777739 1.116069636 0.842671547 0.685428340 -0.136047784 -0.278371398 -0.019816965 0.930211540 -1.768851727 1.187605294 0.377620937 0.771686518 -0.281683273 -0.515286643 0.023108360 -2.185716250 -0.279757151 -2.170901132 0.778118967 0.013137692 0.446023056
1.371148828 -20.739127924 28.125935282 -0.731397041 0.596425775 0.139177191 0.299940616 1.111894535 -0.177875313 1.138618041 -1.492183892 -1.360908148 -0.357594196 2.481708809 0.890358609 0.215262066 -0.723383515 -0.617731863 1.095736828 0.855433047 -0.295389827 -0.939520676 2.913717207 0.900499322 1.076921799 0.912562322 0.841742630
6.333155385 -24.473686479 39.093219253 0.423834902 -0.176682200 -0.301745080 -0.835522162 -2.411994475 0.598238188 0.496776245 0.142295582 1.305987504 -0.321415631 0.374941825 0.269215752 -2.156475728 -0.559048246 2.714369093 -1.980133578 -1.114308455 -0.125131039 -0.375838517 0.774804387 -0.449269750 -0.384589644 0.424064834 1.076917551
3.819735452 -33.574046890 42.234246540 -0.075008465 -0.643157627 -0.690917800 -0.321488088 0.443295998 -0.787322742 1.379918207 0.217511001 0.643211268 -0.411959478 0.189423954 0.424843840 0.931769023 0.675628777 -0.216559728 0.815371014 0.106912531 0.821094484 1.319083632 3.053229495 0.213499397 -0.710330228 0.413563332 -0.143880590
4.515188008 -19.576024680 40.575268082 0.061082218 0.441034706 0.433240811 -0.783619646 -1.233117660 -1.108826718 -0.695540764 -0.376824525 0.880797679 -0.821243628 -0.029070619 0.387344070 0.207336554 -2.302064845 0.935779980 2.502603719 0.033160278 -0.335967340 1.176090125 -0.959056843 0.706497182 -2.018743105 -1.490287020 -1.000936233
-1.823849794 -23.553350918 33.934090583 0.233516073 0.734139349 -0.637255132 0.020385205 1.629852028 -1.453622771 0.287514989 -0.540466418 -0.342686315 0.999114021 -1.013689302 -1.094682555 1.276407085 0.180772879 0.389307383 0.961471179 -0.815622193 1.985949542 -0.449636300 -1.831525071 0.995864251 -0.638940591 -0.756764316 0.658532770
3.100096493 -33.615798147 28.293151925 -0.196162285 0.878234640 0.166348809 0.403177813 -0.317768374 -1.460297655 0.139009241 -0.063069982 1.261160221 0.028430488 -0.073211078 -2.056618407 -0.093865195 0.167479621 -0.764255655 -0.382090051 -0.224634478 -0.758811643 0.733145420 1.607043609 0.488851006 1.762442088 -2.029936936 0.469709912
4.835139985 -29.355539604 39.649611514 -0.536175512 -0.814338555 -0.075565274 0.208945992 -0.809111048 0.473673912 1.377528346 1.353182782 0.523291337 0.080206819 -0.548378510 -1.523964646 -0.645430425 0.873977017 -0.497643589 -1.153809297 0.788277554 -0.641704448 -0.589976348 0.456195350 -0.603066929 -0.769934490 -0.290181207 -1.023677015
-4.398401618 -23.279293337 36.800702610 0.854403909 0.387042392 -0.342524453 -0.053564409 1.369467004 -3.132296286 -0.081359283 -0.784101415 0.361310212 1.165636849 -0.149653866 0.091238189 -0.091499890 0.555885180 -0.077301561 -0.593025608 0.019724154 1.014880238 -0.333985681 -0.808394650 -0.050386884 -0.014725005 -1.113006460 -0.556840009
3.270883325 -26.168753610 39.586694636 -0.345531694 0.744440546 -0.543821712 -0.175140134 0.565219224 0.187410118 1.396910297 -0.930466848 -0.328117245 0.152438130 -1.480639802 1.192363725 0.878051624 -0.889581895 0.506553884 -1.440566693 0.488426787 0.460006307 -0.010799005 0.506079959 0.235849960 2.375655872 0.081412261 1.120731598
10.650635617 -24.615106636 33.853899709 0.113811258 0.214286597 -0.852886435 0.462291014 0.355535793 -0.222332388 -1.173782271 1.082189703 -1.043261701 0.934351411 1.109518683 -0.496153609 0.679516323 -0.863585214 1.527514994 0.097301142 -0.080053689 0.230965133 0.622231513 -2.059774054 -0.446193517 -1.305661055 -0.973897555 1.073316496
12.396928516 -25.171173155 37.136109143 -0.282606692 -0.577003103 -0.762952302 -0.071446910 -1.541070699 -0.377726277 0.038413190 0.390479617 0.051463885 -0.563281836 0.264467260 -0.970114880 -1.065747544 0.777995428 -0.582396584 -0.318520118 -0.773004208 -0.116926353 -0.090250561 -0.432508379 -1.086061976 0.504262282 -0.394420952 -0.362231795
9.812987946 -26.861116894 32.032370803 -0.979963802 -0.125445450 -0.076110406 -0.134690730 -0.773768110 1.240895220 -1.379566898 0.046834894 1.034952205 0.588181872 0.536996620 -1.109377472 0.190318598 0.683714365 1.084644495 -0.826477090 0.459250065 -0.490821528 -0.057273631 -0.943574320 0.872578984 -2.143524564 0.588521040 -0.498291885
5.093888763 -19.997903232 38.085984613 0.385697812 0.539627655 0.746838394 0.047661360 -1.770920233 0.200631375 -1.244474025 0.119253355 -0.760781862 1.560319644 0.034079785 1.610423892 1.378609882 0.700633210 -1.151533021 -0.187300850 -0.572634371 0.640414497 0.274969774 0.606942055 3.352387787 -0.037369542 -0.924419118 0.557478580
1.798878591 -29.420902889 41.892422877 0.453405457 0.381546578 -0.319949932 0.739241328 -0.446981903 -0.480579479 -0.170509645 -0.433671519 -0.629478392 1.069838939 0.263265427 -0.813314315 0.268624794 -0.711167560 -2.033807123 1.941606399 -0.462229587 0.272709061 0.835184659 3.235796114 -0.552575245 -1.746721710 -1.551034251 -2.194598851
7.071344398 -17.486949944 38.459936411 -0.258109729 -0.579569530 -0.761034502 -0.135296026 0.102261250 1.058428613 0.270158392 -0.632871328 1.270233211 -0.021354598 0.358183893 -1.597754073 0.168551327 1.320895039 -0.071942700 0.149254054 -0.068320477 -1.190556026 0.600198438 -0.618360160 0.756727887 0.427296164 -0.468682905 -0.783070166
6.791225621 -18.040681036 32.889126057 0.620516797 0.110490171 -0.773890006 -0.062008751 0.765314272 -1.237395645 1.621062320 -0.207498449 -0.168114793 1.094567926 0.069864224 -0.295927159 0.780422963 -0.300011960 -0.201529515 -1.200680124 -0.358408375 1.915554582 -0.726290457 -0.481085917 -1.001573980 -1.928886175 1.488640934 1.790490514
7.825200339 -27.023071457 43.682248227 -0.008827868 -0.030451667 0.879729328 0.474416562 0.640054789 0.016918988 0.700118849 -0.805783293 -1.263039067 1.423316891 1.104565459 -1.343364638 0.463897520 0.725078414 -0.753364757 -0.469832645 1.726816921 0.590476234 -0.647444961 0.924426895 0.675361430 -1.578860159 -2.272755212 2.186034678
-2.766418429 -32.374750179 35.896822281 -0.886951542 -0.254497142 -0.356302028 -0.146959284 -0.566416606 -0.985325825 -1.545120422 -0.706313813 0.541919599 1.532708043 -1.620029607 -0.020933737 0.392489499 1.801642690 0.955037071 1.232175273 -0.922695606 0.153059137 -2.190678720 1.350069069 -1.470863431 -0.940933748 0.404724378 1.669665967
