14.276597489 10.560703834 40.281190848 0.855797653 0.257799572 0.284104131 -0.347036886 0.132599622 0.688483698 2.117190157 -0.071713272 -0.716622482 1.658775191 0.238961622 0.700370238 0.417319628 -0.292951057 2.782136783 0.887413273 -0.968841684 -0.090692858 0.466497555 -0.504889543 -1.011481325 -0.166507463 0.324549618 -0.094663930
10.062395053 15.739188764 40.337612577 -0.461244264 0.428631366 -0.247175761 0.736500526 -0.556749528 -1.122292556 0.883555687 0.630956229 1.201851580 2.389349390 -0.177466853 -0.634924976 -2.282012634 0.664600976 -0.514946941 0.563406975 0.201043678 -0.302237934 0.813939196 -0.097343767 -0.467265517 0.943266592 -0.461942883 -0.101847529
14.402541934 14.166850067 41.550922954 -0.448671619 -0.118693345 0.554148517 -0.691031902 -1.809169939 0.286731672 0.095478111 0.853655350 0.142876060 1.823606889 0.920920880 -0.766058126 -0.915110143 0.409564509 0.243353528 2.925984001 0.592892928 0.416008551 -0.801827743 1.525735573 -0.357237000 -0.781994452 -0.214075758 0.940083261
14.368318676 19.632807777 42.304033456 0.096092927 0.872312105 0.195580647 -0.437705326 -0.253163453 0.854193649 -0.238656780 2.650407335 0.210329794 -0.512410172 -1.600732105 -3.780276398 0.768996237 -0.746286794 0.266719735 -2.226302629 0.887276877 -0.433278893 1.818402979 0.233337019 0.351074477 0.834837672 0.115334391 0.021405857
12.520720623 25.682412938 35.561005241 -0.838051564 -0.336659018 -0.334008790 -0.269756205 1.532036853 -0.272229696 0.179035371 -0.340871555 -2.296652741 0.861584301 -0.480037272 0.841987466 -0.370572049 0.245833382 0.236126327 0.310123749 -0.677220379 -0.967567482 -0.224578984 -0.445172270 0.737640449 1.433170324 0.715347835 -1.054509413
15.074986454 19.585587811 28.529682556 -0.017535281 0.504826785 -0.837077487 0.210104050 0.158558932 0.837862068 0.534975201 0.527824053 -0.042538767 0.286549651 -0.433525045 0.960584017 -0.456738036 -0.112059713 1.195157791 -0.304256571 0.061371822 0.456394264 -1.319298252 0.371318615 -0.568501060 -0.473602455 -0.493284288 -1.280494327
16.776219221 16.890392401 31.989610398 -0.635249402 0.499266556 0.443100109 0.388398504 -0.008552822 1.074738124 0.260660312 -1.323376226 -0.367546704 -0.780159568 0.598267712 -0.716480224 0.329799855 2.508978307 -0.585964360 1.927541584 1.145815346 -0.887012569 0.577514516 -1.150016004 -0.932442923 1.008012331 -2.123867169 1.172978989
16.405930218 20.052338464 44.641241212 -0.333703445 0.814822124 -0.123232714 -0.457734219 1.606889357 0.442027290 1.912371649 0.039779847 0.996157086 -0.350165882 -0.962558681 -0.418523866 -1.850219686 -1.146095768 1.147852701 -0.465776710 -1.453589835 -0.646716601 -0.929512459 0.806186253 -0.243012006 -1.716470077 -0.202298111 -0.383988761
15.167979262 26.817639000 41.645859815 -0.239436378 -0.087873831 0.949983875 0.180219442 -0.325312249 2.230603970 -0.172680267 0.928366692 0.100253423 -1.847428317 0.320811614 -0.543669253 -0.451310737 -0.121355522 -0.305339851 -1.163124895 1.067283003 -0.346685990 0.637350283 -1.272674502 -1.565188691 0.348087638 0.695395649 -0.129893225
16.633349225 11.659907700 38.922978805 0.078830785 -0.838079086 -0.410351713 -0.350742962 0.531165721 -0.028678359 1.523158660 -1.800644430 -1.005658816 0.151649533 1.247591088 0.772157423 0.069509564 0.198597314 1.283469619 0.419381656 -1.891604124 -0.244832955 1.048212205 -0.756816409 0.488536985 -1.518701956 1.553603760 0.752755410
22.102147122 20.355495549 36.882083744 0.062569071 0.130165330 0.228163570 0.962851745 1.655997812 -2.210524426 0.878732686 0.178406609 -1.762034982 0.891341690 2.080388119 1.287918712 -0.697383600 1.826350081 -0.339456381 1.189867184 0.233741367 2.203006155 -1.545209786 -0.286578749 -1.372351088 0.099083200 -1.223312068 -0.168388200
12.308174808 21.063331550 27.458785297 -0.607806821 0.290010718 -0.029699439 0.738635630 -0.622609814 1.441759900 0.081786103 1.247557388 0.310006154 1.207217760 -0.455678085 -0.517311823 0.398473118 -0.736272254 -0.252128751 0.128935033 0.910329221 -0.052569764 -1.199644820 -1.637814012 1.805577528 -1.627782994 0.622226238 0.672267552
11.803371585 19.919945027 42.403282025 -0.064344220 0.262469391 -0.738259193 -0.618015376 0.338275604 -0.048397584 -0.176781365 0.357039148 -1.604412152 0.986232490 0.066906924 0.124371962 1.027538910 -1.424604000 1.114081501 0.154776569 -0.359035334 0.665489442 -0.075020523 1.386119711 1.506722577 -0.004547611 0.571977514 0.745011117
8.831361720 14.510562959 35.566714233 -0.337421232 -0.502053572 0.722751315 -0.334244910 -0.900831973 2.730128855 1.616489962 -0.232256209 -0.070310378 0.515137014 0.014578185 0.792270127 -0.036284701 -1.316406339 0.872278748 -0.024636942 -1.992023296 1.124543881 1.012606408 -0.373239999 -1.276232478 -0.224235367 -0.612414679 -1.097845299
14.097503803 21.652353885 40.160170542 0.721484645 -0.019551302 -0.610878358 0.325430921 0.593124130 -0.197790014 -0.601881629 0.286799966 -0.446172735 0.396234653 1.609199092 0.478142018 0.140287750 -0.441360237 -0.683562449 -0.311898795 1.331940468 -2.397027996 0.568012552 0.192282379 0.193731290 -1.210738472 -0.928788464 0.240454367
16.428345714 15.969591928 37.071807421 -0.331406331 0.457038393 -0.345234661 -0.749732472 -0.030102146 0.700768811 -2.490140210 -0.510876022 1.684365863 0.076273992 -0.523992007 0.363058593 -1.100368977 0.177361167 1.099440681 0.087036629 -0.840084770 -0.085250081 -0.501010699 0.655544648 -0.155072604 1.363847088 1.604956193 -1.340135890
13.685996924 19.038914500 34.631926828 -0.109946537 0.274720035 -0.409242365 -0.863111434 -0.122630193 -2.622328660 0.305733469 -0.090889956 1.205525696 0.095431589 -1.682678843 -1.601009111 0.774568463 1.627596835 -0.152613396 -1.886934235 1.597897603 -0.053283133 1.836291059 0.049568937 0.689661549 1.867113689 -0.774490898 -0.453210147
19.357856270 20.497342740 33.189276839 -0.540991253 -0.467061299 -0.042331906 -0.698133380 2.118791508 0.846438023 -1.939747716 -1.362145408 -0.129526946 -0.540633024 -0.337502433 2.092148394 -0.459605252 1.290511554 -0.417803963 -0.426638238 -1.570346632 -0.892522660 -0.924664166 -0.669327840 0.744765837 1.728384026 -0.544574963 -0.581055018
16.750995503 15.894794416 36.777603100 0.492748792 0.079008210 0.846446190 0.185701852 1.802323712 -0.105731091 1.196624796 0.008501354 -0.718796931 -0.094297412 -0.421526526 0.088177910 -1.640838082 0.725671104 -0.267615330 -2.834135316 -0.528294174 -0.762664924 -0.901587935 -1.243122100 -0.223082015 -1.272171665 0.115177028 -0.091799179
10.564907719 13.625043127 32.151440820 0.258331789 0.254517253 0.867456188 0.340595677 -0.826584404 -2.782612871 0.503546935 0.734895809 0.358515829 -1.147618296 -0.293513434 -0.770535274 -0.720755883 -0.092510947 -0.318238456 -0.486831328 0.222839666 -0.287064836 -0.114403604 -0.205317065 1.427780962 1.100510720 -0.689729802 1.175637297
13.627998745 22.729348051 38.530829840 0.435110336 0.432691356 0.762037701 0.206774579 0.321452949 -1.051655014 -0.380781712 0.467873969 -0.975863927 -0.194318331 -0.599257846 0.457593431 0.591615772 0.156336213 -2.480563027 -0.093876788 -0.017207660 0.219050263 0.229340567 1.549966695 0.802208506 -0.027179261 1.728963639 -0.268993309
11.920384266 17.755253680 30.860477531 -0.357906323 0.878249210 -0.139601692 -0.284767901 -0.643020150 -0.989159222 -0.323871837 -1.848210940 0.301564503 1.947666028 0.485220928 0.396542891 0.247341371 -0.193990367 1.042256855 0.987254054 -0.692834724 -1.346319385 0.436905526 0.594264629 -0.276021623 1.007512277 0.265753062 -0.737599603
10.458116153 27.640480775 36.633336465 0.374681731 -0.099596036 0.840677420 -0.378094837 0.250660235 1.621247784 0.952744376 -0.506062200 -0.099666328 0.719419926 -1.133426999 -0.574689142 -0.488164093 -0.755615632 -0.055776016 -0.414172504 -0.619518125 -1.294379536 1.542873904 -0.430004089 -1.154582891 0.501956177 -1.806166346 1.314080251
19.525017042 13.357006758 36.391165411 -0.412939177 -0.663998560 -0.281681529 -0.556095912 0.533755302 -0.172546008 -0.142896925 0.890595743 -1.296204079 1.453758733 1.175088738 0.310641636 -1.621540297 0.276086833 -0.336522390 0.091297076 1.034715576 0.495514245 -0.447650811 -0.693142752 -0.061507180 1.153744999 -0.071385694 -1.070456798
18.041575176 19.536030337 30.551292157 0.178237232 -0.255407436 0.188701640 -0.931337867 -1.292385172 0.403020892 1.402985330 -1.106396349 0.543261191 0.579330953 -0.431205223 -1.004824990 0.552078834 -1.362194415 -0.932167826 1.349088018 -0.691363305 -1.623492883 1.709880281 -0.104563829 -0.067772711 -0.835455317 -0.007806664 1.751980521
12.988671608 23.681525404 41.313082338 0.713143017 -0.538179690 -0.084853433 -0.441123059 -0.142741251 -0.122392535 1.609076000 -0.069397817 0.871567149 -0.089235435 -1.384673659 0.283776389 0.548427982 -0.602717033 1.169381546 0.289395833 -0.360740308 -3.271693631 0.394546922 0.574271216 1.098838072 -0.139073307 -0.114827756 0.325158098
11.713976377 17.342309670 41.326650482 -0.216228398 0.844463275 -0.347535947 -0.345464648 -0.885659262 -0.478541866 1.265117165 -1.721850997 0.268197627 0.286973797 -0.892669264 -0.221224925 0.383065865 -1.243309497 0.058477279 -0.031102029 -0.399055621 -0.210584536 1.049081927 -1.140299765 -0.773105092 -1.225432083 0.354968326 0.040958391
8.329310688 21.169101949 28.738076751 -0.056410389 -0.839461363 0.502708000 -0.198512355 -0.416388140 0.512945752 2.568460918 0.695631462 -2.217702788 0.195957399 -0.350351165 0.798949603 0.098334379 1.005065453 2.083191441 -0.159305939 -0.920068544 -0.273494267 0.367957133 -1.410749286 -1.148007367 1.174282139 1.945796844 -0.525751572
19.181512741 20.187418884 41.959908460 -0.423192551 -0.647925638 -0.123889570 0.621089210 -0.461678341 -0.272486335 0.052873803 -0.550208503 0.498325808 -0.751401536 -0.360324460 1.572516917 -1.662377058 -0.117466040 0.042552888 -0.514213733 1.415437530 -0.353949108 -0.080939746 -1.650593318 -1.688252771 0.453737762 1.084215899 -0.805536033
17.414012043 15.299037801 36.958027781 -0.274012789 -0.027410000 0.551565948 0.787363124 -1.280493568 0.629576097 -0.477537273 -1.111394367 -1.778964289 -1.165157999 -1.358698906 -2.821671583 0.103462968 -0.849155327 -0.270570321 1.444937698 -1.058881498 1.403192938 1.458591136 1.189796358 0.771087442 -0.109919580 0.261994009 -1.506379427
10.439972427 12.288287718 32.151228437 -0.745510517 0.019108108 0.663528732 -0.059821156 0.461575091 0.586249415 0.018692524 -0.443169463 -2.147399056 0.245840759 -1.588412218 -1.608513728 -0.267862929 -2.046492207 0.338346688 -0.801818872 -1.425506721 0.897986123 -0.275728009 0.789040116 0.320254492 0.506211400 0.319255742 -1.030046232
14.266859678 15.649233169 36.011751080 -0.764684154 0.381054524 0.268583181 0.444880512 0.347158334 1.018754871 0.332107808 -0.558558040 -0.396166132 -0.191168111 0.175561186 -0.133681814 0.713025715 -1.094268840 -1.301685639 0.668267979 0.143091231 0.578026962 0.689326674 1.190600819 -2.197345582 -0.259377869 0.698858877 -0.731924534
13.080525499 28.829813471 34.971317246 0.716590720 0.687194349 -0.047841148 0.109420708 -2.086705762 -0.239026736 -0.070969421 -0.016677150 -0.488534376 -0.554535867 0.337359206 0.629028876 0.162579679 -0.598068826 0.835149207 -0.988486761 1.032219851 -0.840746547 -0.528581658 -0.116358908 0.190065908 -0.920375511 0.694734010 2.450675233
12.833842485 23.102259796 35.058677259 0.739035034 -0.118236175 -0.007818332 0.663163856 1.590989040 -1.131344715 0.066757304 1.187472288 0.440141707 0.579282544 0.071089630 1.388317516 -0.858662407 0.209173105 -1.125192611 -0.482457382 -1.499649335 0.785289840 1.119940416 -1.629955761 0.605855946 -0.264879194 0.227690042 -2.613157300
8.821761411 12.005431890 38.596719480 -0.082622653 0.841579851 0.127444538 0.518338443 -0.148603013 0.339888695 1.029822748 -0.659439595 1.220436373 1.156193925 -0.159487361 -0.906631257 0.469427517 -1.116730099 0.536989475 1.244500973 1.133070118 -0.562611565 -0.096089858 -0.298513314 1.097192486 0.812371663 -0.134298685 -0.571730917
7.932840861 16.473954493 28.995185254 -0.571915535 0.371441841 0.353674103 0.640201694 -2.069718791 0.762504527 -0.532990627 -0.157412274 -0.345382297 0.019835037 -0.216107079 -1.193850920 2.271754099 0.611440585 -2.806693803 -1.923539264 -1.960830021 1.041886943 -0.139583644 -1.587150099 1.772762994 0.800704722 1.111377414 -1.069532218
6.247185635 14.242442167 32.094038976 -0.294138079 -0.789571630 -0.340915909 -0.416936176 -0.197020269 -0.523390687 0.723452562 0.740787500 -0.346309956 0.523071235 0.542790462 0.452718408 -0.326282715 1.379203550 2.288072312 -0.367395396 1.100598232 -0.772483823 -1.052157989 -0.920073963 -0.638027212 -1.275551679 0.967952603 0.350128284
14.059891150 22.572915419 45.658349204 -0.884548227 0.243159207 0.297228925 0.264769712 1.226577593 0.700609943 -0.192815041 -0.922561687 -1.125924831 -2.513084248 -0.015203274 0.770276203 -0.014118081 0.568381982 -0.208149126 -2.371851077 -1.255245503 0.321580637 -0.575948544 -0.937474252 -0.600269986 0.784961073 0.550647938 1.060555103
16.749666407 19.697295897 45.225919941 -0.337408583 0.114066349 0.635065821 -0.685445635 0.233997745 -0.064200379 0.363741008 -0.653727393 0.256256098 0.452701188 1.027165167 1.149699142 -0.659255929 -0.899900112 -0.899673879 0.305492128 -0.599100836 2.872032973 -1.654665960 1.063095508 -1.023547271 -0.581769249 0.345404450 -0.297412230
5.536804355 13.630921747 36.332192226 0.213131482 -0.168651512 0.517576436 0.811323777 -0.340111272 -2.317828940 0.816352355 0.018048368 1.162049153 -0.473255217 -0.458066781 1.892864269 -0.172935440 -1.594735394 1.407499764 -0.059301425 -0.159672320 0.231740398 -0.787861545 1.053804496 0.346891783 0.380363452 0.209930339 -0.275729626
11.393991609 10.421225810 33.369665581 0.411425170 0.227811560 0.351712304 -0.809400814 1.598050918 0.557143834 -1.271540009 -1.157196696 0.331087719 0.555065099 -1.089111550 0.841540362 -2.597908055 0.319393815 -1.049831667 -0.074691736 -1.267044967 0.356177674 -0.072722361 0.126940134 -0.425305599 -1.869959028 -0.213144977 -0.544930077
10.540457775 12.617373491 38.720842814 -0.187692595 -0.175725285 -0.019371024 -0.966186772 2.393713425 1.307248284 -0.405361564 1.039271434 0.535625700 -1.022177798 0.002217276 -0.789062670 1.493737060 1.471060488 0.484179900 0.453863768 0.244216706 -2.252809190 -1.149703065 -0.006438243 -0.209745305 0.921682427 -0.272867401 -0.855398382
7.970848491 22.759530371 29.212319526 0.278769943 0.197113925 0.417640804 -0.842027065 -0.404893751 0.588213133 -1.107526715 0.561412058 1.027988860 -2.282199074 0.517322759 -0.441534881 -0.506853014 0.518086660 -0.039295577 1.065068754 0.297001947 -0.406327922 -0.405889868 -0.373666786 0.894852953 0.952185841 0.041686782 -0.456375484
9.881970761 21.869671252 41.132828134 0.362275859 0.056018315 -0.378383794 -0.849966973 -1.272933723 2.289058591 0.065475279 -1.791068041 0.839282882 0.272221182 1.151169765 0.277237148 0.470543948 -0.585614998 -1.019062880 -0.308809314 -0.501555842 -0.156387069 -0.810385956 0.417476162 0.208898361 0.286023454 -1.618391008 0.965864439
13.962380069 16.642943492 39.720501985 0.425968826 0.135931002 -0.822245011 -0.352117116 -0.216137999 -0.161351678 -0.005022629 0.176702191 -0.985998072 -0.566978112 1.686645413 -1.808213835 -0.182443893 -0.138698235 -0.232443750 -0.365679083 0.544654511 -0.968087893 -0.517799073 0.041062385 -1.791450952 0.635416525 -0.425347201 -0.583090652
8.245646198 17.797309545 40.683742985 0.159511580 0.328979609 -0.306435534 0.878877544 0.103970898 1.388443272 0.626308658 -0.691324590 1.061958034 -0.788874092 0.944299758 -0.423057994 0.481399740 0.531556109 0.529416468 -0.239622947 0.163542820 0.141821359 1.321728279 -2.053723392 -0.410893352 -1.475476250 -1.231961333 -0.522080789
14.255249675 14.571809979 44.676700836 -0.480379006 0.214698606 -0.202055504 -0.826023058 -1.613411079 0.803753567 -1.326295870 0.647368358 0.640726585 0.117063166 -0.329504967 -0.757362314 0.955013941 -0.289702561 -1.645035477 2.230694453 -0.350607369 2.358121405 1.542035277 -1.080477469 -2.425373400 -0.513255850 -1.418873123 -1.209791077
9.082744022 14.142628091 42.706944109 -0.746575528 -0.005595403 0.121124222 -0.654157928 1.227729090 -0.973633374 -1.467238957 -1.269067071 -0.851260304 1.949931720 -0.484116480 1.062422517 0.381688324 -0.114954237 -0.427318681 -0.032668679 0.352421378 0.276772349 0.788591814 0.809103806 -0.929461864 -1.376971287 1.937161396 0.507447413
16.806349823 27.756759395 33.530837266 0.385630972 0.363650581 -0.190173522 0.826366166 0.682048640 -0.260633183 -1.239730087 -1.381721471 -0.410060580 0.071835518 -1.998272153 -2.181961392 -0.164110987 -2.101902002 -0.091034011 0.255647501 -0.476780141 0.391509801 1.027358352 0.120958334 -0.268218522 -1.387259947 0.199824654 -1.678265681
12.368875499 17.097825425 34.570393274 0.513764019 0.235200863 -0.673080404 -0.477168583 -0.759607377 0.160085148 0.753768193 0.201884532 -0.819913202 0.980953096 -1.341474645 -0.260963562 -0.843867292 0.841957698 -0.040343203 1.947006428 0.813602687 -2.475222302 0.301029332 0.735727858 -0.539117468 0.524856605 -1.675505357 -1.994756043
11.893817772 28.000345423 41.144650127 -0.085367984 -0.960649428 -0.069673295 0.254971795 1.406264109 -0.900327635 0.241059049 -1.290036544 0.065636427 0.565542580 0.004133826 1.415084799 -0.067020718 1.194477952 -0.004729130 -0.723853171 0.370521074 0.235738027 -0.645357754 -1.686339650 1.360313040 -0.949676922 -0.196473981 -1.089305043
17.147717253 14.917919468 40.541028257 0.330949642 0.525223356 -0.207410238 -0.756038196 1.000307844 -0.817296632 -1.674519202 1.995565853 -0.673681929 -1.146363284 -0.588542601 -1.603477296 -0.056523678 1.048584289 1.725720148 0.738961793 -0.208156956 1.166544215 -0.559770180 -0.432247295 0.139214931 -0.309090344 -1.246796019 -0.205559180
12.415675226 22.973515241 31.016649971 -0.905328726 0.137137855 0.136983471 -0.377900298 1.012468458 -1.074343084 -1.461612367 2.363385261 0.223160671 0.383681840 0.723706098 -0.904908447 1.155996020 2.334194284 0.203301384 -0.903967086 -0.967184236 1.067105905 -0.907864188 -0.045851753 0.208798697 -0.279489195 -0.699719077 0.395968125
7.999167073 23.607790224 39.048347792 0.225915902 0.485024789 -0.418873399 0.733660708 0.516140563 0.607298215 -0.099059347 -1.570179998 1.500376166 -0.537126950 -0.437962430 -2.746456341 2.058893707 1.982699316 -1.098992675 0.352286326 1.432784793 0.058276164 -0.525021347 2.558151666 0.537044009 0.456594490 0.476398804 0.397246222
20.578725881 17.610382153 37.162561170 0.129838948 -0.517684344 0.840842110 -0.090162709 -0.088099659 -0.882654925 -1.069394409 0.127933658 0.079439462 0.256901266 1.880754229 -0.896034531 0.045520344 -1.301555796 -0.286317274 -1.726106764 0.130723644 -0.803678534 0.757331423 0.689491022 0.480280566 0.742505424 0.246338753 0.341258822
17.682475929 20.896713578 37.626844676 0.358779391 0.227274812 0.903313895 0.060394665 -0.022262969 -0.409268184 -0.258306720 -0.548207461 -2.275824889 -0.906548257 0.722873986 -1.101467236 -1.561590105 -1.011119000 0.119664612 0.097368242 -1.353054975 2.102105665 0.636238824 -0.090655785 1.643875958 0.143756601 -1.043398779 -1.270020322
10.061239164 28.448566475 39.014465881 0.226796156 0.339855178 0.342160432 0.846160860 -1.200534263 -0.660710120 0.379995207 0.471706961 -0.092015006 -0.981462107 0.436944818 -0.682494647 0.048893757 -0.374188792 -0.263215715 -1.497927953 1.210279716 0.147661516 -1.145050403 0.885825418 1.565421554 1.107664472 -0.212542489 -0.229287923
7.792418389 24.073045750 34.394367405 0.102832231 0.452537348 0.795792100 -0.389037806 -0.609067702 0.134417334 0.503779336 -0.598462913 0.272496821 1.130071670 -0.918845150 0.766358743 1.355446265 -0.151538564 -0.028686402 2.168419795 -1.586067777 -0.784618374 0.617527682 1.671474966 -0.066128789 0.288131736 -1.012623058 0.997864014
10.907997029 15.906614608 39.197426546 0.067577003 -0.838686122 0.303055768 -0.447432832 1.022305265 1.861171388 0.308420521 1.207992891 0.045883424 -0.449383458 -0.586253440 0.127014156 -0.061919620 2.553748999 1.701003127 0.932568447 0.179193065 0.808798648 0.098274040 0.106234774 -0.215139984 0.202772611 -0.444147755 -0.137311480
15.484980438 25.796339387 40.643007229 -0.314425258 0.289852125 0.516058816 0.742162921 2.306240355 0.541407113 -1.120895401 0.181779553 0.714399589 -0.384765069 3.382812301 -0.267949227 0.669718824 0.654356380 -0.578854416 2.810163856 0.223585578 0.806569814 -1.403930295 0.627315630 -0.646782721 1.089913441 -1.531401370 -0.252408003
4.847616010 25.180572293 32.725829339 0.424514428 0.462107202 -0.579178679 0.520381103 0.984968011 -0.002550832 0.000939809 0.398804255 -0.040859672 -0.253796745 -0.624664418 -0.240118977 -0.402409611 -0.404742024 -0.993974627 0.254409795 -0.096321690 1.387477994 1.353714834 -0.462076233 -0.260420209 0.609420871 0.651997292 0.572904112
15.333720857 28.536396130 36.610294157 0.465154318 -0.381600023 0.792764523 -0.097659068 0.788338076 1.372730765 0.795965408 0.449494624 1.377336965 1.185032137 -0.833124898 0.188538810 0.836927225 1.524336279 -0.528507087 -0.565328140 0.389848198 -0.137608172 0.323741490 1.342433671 0.969995501 1.051030510 2.273272223 0.375604814
6.671941793 20.212242080 31.653381503 -0.471835758 0.691302271 -0.184589632 0.515168764 -0.558702393 1.383318285 -0.074469140 -1.017423313 1.747559311 -1.485107192 -1.571655006 0.566521178 -0.256558396 2.022087323 1.940321858 -1.465007871 -1.566444611 1.540861137 -0.383351441 -0.200277864 1.432918399 1.302227422 0.300006959 0.207763410
15.612658048 17.705412094 36.922391733 0.315075088 -0.121609069 -0.860515441 -0.381381829 0.178388824 -0.429656825 -1.451741969 1.151269740 -0.348591481 0.939564090 0.198638184 -1.357675818 -0.721954697 -0.253215154 -2.137000180 1.150661291 -0.955807412 0.050236888 1.023147701 -0.209302898 -1.122411003 0.592901474 1.029125440 -0.272566496
10.588418401 16.600900860 38.832445025 0.161868488 -0.787192926 0.067528396 -0.591240904 0.892804540 0.246155950 2.730336936 0.818887989 -1.003373091 -0.448725025 1.257937967 1.454692826 0.365891478 -0.266084086 0.592359247 -0.397645031 1.672455393 -0.017789231 -1.257611762 0.357656560 1.739877788 1.931150297 0.221272863 -0.124740530
13.721612067 26.248020780 43.109921471 -0.750731012 0.269352768 0.216650302 -0.562951757 -0.496046598 -0.035036071 0.720798782 -1.644766664 0.545223279 1.521603695 0.295950669 0.137019593 0.467187239 1.473830892 -0.987502166 0.726759164 0.067031910 -1.035549885 -0.653260779 0.150029794 -0.074950247 0.159474947 -0.242708620 -0.103023761
20.436509101 16.376110761 37.253316740 -0.495321204 0.343733022 0.386632042 0.697868310 0.130286433 -1.553518367 -0.634314705 1.385488629 0.748274835 -0.740229293 0.245516317 -1.378710039 1.479746083 0.355053585 -1.746120975 0.271213306 0.559376012 0.127156788 -0.883022361 1.362207175 0.215536568 -1.444453243 -0.590919852 -0.834813170
5.031653830 20.089623074 30.233985530 -0.616796895 -0.207102723 -0.330813471 0.683544073 2.597285477 -1.629781784 -0.924633215 0.026902321 1.050196485 0.453262033 1.683653228 1.733047438 -0.783213901 0.429441602 0.135851674 0.561645895 -1.893899914 0.628679226 -2.165566868 -0.692050162 -1.306568199 -1.260240899 0.429821382 -0.613786673
6.609463357 16.289319382 33.826923486 0.760837613 0.488803945 -0.319136159 -0.283458890 -1.740038226 1.017872400 -0.075167585 1.985897723 -0.328803408 -0.593514215 0.115929455 -0.061669432 -0.943058384 -0.143145980 -0.670318865 -0.489524514 2.280952990 -0.088925710 -0.543585796 0.365212908 -0.392417056 -0.607374371 -1.996916947 0.679542497
9.927080125 11.716992030 33.186384997 0.570178436 0.412993431 0.335649088 0.625837572 2.071870412 1.813763878 -1.798612703 0.926438014 1.200973186 -1.783271908 -0.750189222 -0.872440418 1.026926022 -0.452124013 1.094684418 -0.118278654 -1.543515953 1.659919871 0.107373018 -0.245139007 -0.160532658 -0.510635855 2.169740438 1.931150412
5.065526046 22.754833615 38.027554462 0.196579700 0.420309862 -0.303580510 -0.832186827 0.761878312 0.996691142 0.226595600 0.427977334 0.208855767 1.751134292 1.867337170 0.218489558 0.080561765 -0.405331790 2.553956558 -0.865291780 -0.015995873 0.384357768 0.683770412 -1.461891003 0.861212097 0.686233228 -2.238708910 -1.329600562
9.341213485 14.417526783 41.694136928 -0.079095485 -0.747883640 -0.168673525 -0.637152420 -0.180901939 -0.329746346 1.801131186 -0.388784194 -0.024080942 0.682775137 -0.344800907 -1.030531317 0.997287842 2.014126382 -0.310823132 -0.668444922 2.223490717 -1.955613685 0.107563507 -0.870114437 1.753055680 -2.229780521 -0.354823082 -1.324627335
8.732989277 22.099964104 41.628597285 0.286317513 -0.686777472 -0.109186302 -0.659118606 2.163367149 -0.321420002 2.344195973 -1.094478597 -0.082057801 -0.783579745 -1.962437432 -0.182126138 1.521247250 -0.762690595 -0.404049157 -1.216237928 0.324133270 0.034483330 1.064601846 1.133546539 -0.692825704 -0.407479220 0.046312720 -0.716955927
11.752128449 25.976016789 40.855196047 -0.517628910 0.359735392 0.738328038 -0.239838420 1.343784634 1.186258557 0.616202164 -1.024321529 -0.457541096 0.305139347 0.613097670 -1.025181712 0.131698591 -2.118284345 0.096378091 0.570892306 -0.830572379 0.070701306 -0.117298506 -0.284923561 0.570923615 2.067370314 -0.847849370 -0.696273648
6.145530797 17.598973614 37.502632396 0.241374425 0.437516439 0.228170789 -0.835617044 0.310745978 -1.347246597 -1.130537839 -0.026069181 0.861061364 -1.324505047 0.476860756 0.660785911 -1.185283895 -0.637740354 -0.866020443 0.928533409 -0.286996876 -0.921438205 -0.382189830 -0.252149517 -0.934540408 2.628753475 0.509119186 -0.146872673
12.902126848 16.880630996 44.319731072 -0.370330186 -0.670555094 -0.161359963 -0.622233382 1.800144612 -0.380430875 0.786979166 0.978110858 0.140553693 -0.752658398 -0.857146888 0.436179584 0.843556246 -0.376140451 2.022652751 1.077411999 0.543332164 -0.119531168 -1.642545886 -0.620645733 -0.228997940 0.011947223 1.809783620 -1.822236643
3.523705352 21.392394807 40.602999790 0.396902167 -0.324189621 -0.576335766 0.636558595 0.067520259 -1.994918125 -0.700045906 -0.423953079 0.163234567 0.474792529 2.351831047 0.054634560 0.139587362 0.214846171 -0.386478210 0.578230290 0.393766401 1.579892543 0.122472905 0.356493174 -1.055919851 1.926307379 0.349942404 0.647053044
12.937383392 28.232115263 32.360235115 0.173904350 -0.286524684 -0.329215700 -0.882767187 0.789491127 -0.936720240 -1.138394344 -0.940934855 -0.891652674 0.636044722 1.768521587 -1.064150228 -1.342791185 1.054770718 -0.454635891 -1.025906628 0.908413225 0.484865499 -1.361199083 0.294217955 -0.716427746 -0.279523895 3.102978984 0.379372189
18.922883565 21.265118263 33.596095052 0.902583220 0.207026036 -0.364454713 0.098267558 1.415106019 0.457287134 0.046819737 0.390338100 -2.074007427 -0.727082783 0.905540449 -0.253651487 1.590755656 0.356778659 1.142588951 -0.340468797 -1.048330896 0.788992479 0.263805274 -0.266462543 1.079186437 -0.081725779 -1.571558091 -0.140346680
7.514985066 24.645253992 42.060587160 -0.926324511 -0.058551317 0.118966916 -0.352620924 0.073296276 -0.167934074 0.183500318 -0.199865566 -0.870640296 -1.625582202 -0.416027082 -0.197766054 -0.614633522 -0.251943714 0.705439182 -0.409773258 0.533143792 1.533685437 0.612296944 0.553289693 0.664845215 0.594096286 0.171690091 1.696170502
10.921923563 14.650248614 36.674035944 0.811134107 -0.567099016 -0.142583444 -0.011407362 1.491640037 0.085285469 0.587362366 -0.512287334 1.692604149 0.470345555 1.415429093 -0.255183130 0.508535974 -1.101755788 -1.526266287 0.926029898 -0.781411036 0.627668750 -0.394626507 1.364906770 1.239422083 -0.591755777 -0.724134215 -0.622862466
5.403624907 24.122978755 36.671439064 0.238359113 0.575183175 0.487356510 -0.612235968 -0.075168845 0.952787565 -0.734056061 -1.834225621 3.024584315 -0.262291334 -1.321002814 -0.702194788 -0.050829830 0.185252579 -0.526842345 -0.509247591 0.954733467 1.127901798 -0.245434666 1.288727040 -0.798232485 0.906989502 1.540578568 -0.902705351
7.189460418 17.213821340 41.603634615 0.334733456 0.095146572 -0.207697091 0.914200504 -0.449434875 0.980590809 -0.838567342 -0.920006862 1.204682286 0.907109447 0.857934052 0.476075088 0.451678608 0.294254345 0.156736848 1.289625104 0.403854732 -0.166415281 -0.634851996 1.571847290 -0.544098122 -0.436123600 0.849895850 0.421517291
13.274324436 11.826861421 34.314176527 -0.806182586 0.245874384 -0.408983581 0.349782585 0.685923836 -1.503637274 0.354748590 -0.442136974 -0.758276035 0.818133518 -0.632703358 -0.100933986 -1.232708833 0.299537680 -1.136518699 1.449405922 1.268892635 -1.008943197 0.994990079 -0.387517632 0.912118918 -0.781437333 -0.233871074 -0.751203955
21.068418122 15.047560203 37.290303382 -0.288904329 -0.257045335 -0.610238728 0.691426553 -0.984694708 -0.478576265 -0.897125346 0.317968736 -1.762708128 0.159458750 0.157787936 0.660503754 1.809504659 -0.404464791 -1.318545307 0.233955731 -0.878194450 -0.306878086 0.458618818 -1.771713212 0.531586714 0.692160016 0.418366954 1.136553435
11.702901099 24.661543857 30.997689801 -0.550107428 0.638550858 -0.419514704 0.337108338 -0.169211646 1.049598620 0.687090439 -1.301970576 -0.186769869 0.949554724 1.388260132 -0.517792945 0.288805815 1.526120644 1.302607742 -0.511979357 -0.197443440 -0.175155481 -0.061418531 0.790608869 -0.531884069 0.590576278 0.222361769 -1.081613426
6.346643976 13.568641643 39.472511543 -0.774758676 -0.093569186 -0.603221764 -0.164673329 1.065565328 0.027695983 -2.432348707 0.248661626 -0.617143494 -1.078640168 -0.318611733 -1.277414215 -0.433459814 -0.547733004 0.254968208 -0.051736225 -1.494267461 0.080183184 1.360025779 0.542455076 -1.452814619 1.459642843 1.424368621 0.139425492
7.239588559 25.810634907 39.969549222 0.758754904 -0.486390708 0.423699198 0.090521071 -0.418971842 -1.240578014 -0.096931405 0.790568469 1.418194855 -0.963705717 2.083235693 0.143505596 1.128867208 -1.869538699 1.405053854 -0.442669442 2.382217897 -2.372986985 1.031953213 1.155289681 -1.345106217 0.250846309 1.287113327 0.579545772
13.602295644 27.753398879 39.981997753 0.587112266 0.146345562 -0.788091923 -0.113107402 -0.452348405 -0.226150467 0.252871679 -2.314407974 -0.775446205 -0.652995770 0.744464410 0.622770928 0.456966277 -0.420765885 0.175064848 -0.145655175 0.659524244 1.509418683 0.513674824 0.295384611 0.559802480 -0.049898107 1.000019557 -2.369281139
18.293687743 15.711325718 29.568007944 -0.747700434 0.488436498 0.375836925 -0.247225513 0.659719005 -0.436718560 -0.674180246 1.462629801 0.169971003 0.489806192 -0.294514814 -0.698811149 -0.236616093 -0.070976336 -0.246296851 -1.752660647 -0.665184956 0.083588863 0.736577085 -0.898530494 -0.973645665 -0.226626628 -0.217699037 0.594008488
18.287517197 14.613075908 41.224486400 -0.764731542 0.430160228 0.389574628 -0.279963313 1.116645803 0.986927858 0.315571143 0.489094457 0.754499365 0.199436576 -0.618674616 0.245555991 1.138171035 0.878240338 0.316700206 -0.923740002 0.759869084 1.318792761 -0.856329817 0.484095013 -0.374674146 0.169830379 1.445926836 -0.685158372
10.141899973 20.515260256 30.186014764 0.454176954 -0.346807313 -0.664213504 -0.481942324 -0.335928614 -1.021692477 0.341632897 1.383371677 -0.123832426 0.916068710 0.400817121 0.166171901 -1.517127244 -0.478835542 -0.021251981 -0.785211003 0.960176652 -2.769121474 -1.327286252 -0.805626578 -1.427391309 -1.020660399 -1.134479528 1.363921694
9.629945986 12.493614995 30.252264520 -0.020130249 0.008549190 -0.755413334 -0.654883485 -0.833156484 -0.328165812 0.864410017 -0.299899430 0.956886480 0.622428925 0.653585012 -0.624934302 -0.434138719 1.000589863 0.140342064 1.315026400 -2.360694999 -0.271530735 -1.140411147 1.438990365 0.551341970 -0.322827036 -1.312130719 0.217390911
15.606951559 20.450175595 27.285042208 -0.369363765 0.286519368 -0.881545407 -0.065990576 -0.696300569 0.891995456 0.591686657 1.048320553 0.012220554 1.459139044 -1.062890340 0.982912121 0.020617578 -0.393201573 -0.430266538 -0.340399483 0.465047836 1.237097386 1.114453690 -0.371572155 2.088919601 0.517586948 0.994343882 0.424743492
14.396825453 18.238361925 30.955139945 -0.351717645 0.383979508 0.312640666 -0.794424477 0.038427677 -0.427047694 -0.684700851 -0.098350242 -0.524560696 0.708034560 -0.386394079 -0.548049126 -2.581640549 -0.058918452 -1.142176925 0.245416328 0.930762908 0.034112767 -0.245942381 1.182179008 1.392923192 1.055900214 0.162951879 -0.131281698
13.253792868 16.326169826 27.631175486 0.721794277 -0.176330106 0.058642174 -0.666694691 -0.904032913 -0.417071926 -0.020702721 -1.312239958 0.209647531 -0.106318904 -0.776631401 1.585770310 1.344303753 0.241374427 -2.197912252 -0.415881514 -0.315259483 0.073031134 -0.939283806 0.201668011 0.887731326 -2.208972078 -1.338403394 0.310406544
5.599942805 14.743123259 38.085713291 -0.915590873 0.186528252 -0.033468794 -0.354655331 -0.303135642 0.482024251 1.293306830 0.055146931 0.936862148 1.298056533 -0.010742195 0.410601847 -1.642785370 0.534265064 -0.550842721 0.335014663 -0.291417987 -0.839324923 1.697485128 -1.184981434 -1.043639077 -0.485971385 -0.122149605 0.593144389
10.656863954 25.453450817 34.137079891 0.032752988 -0.676509872 -0.051816599 -0.733877834 0.214673528 -1.814453493 -0.280216727 1.238263113 1.383621288 -1.010064850 0.661611101 -0.674601927 -1.156752563 1.246438315 -0.075083463 1.039513546 -0.663167490 0.040643152 -0.520012575 0.377718645 -0.827353831 -1.347906237 -1.106202797 1.121130275
3.736524483 20.847531845 34.707943964 0.191387935 -0.394264970 0.377374805 -0.815790444 0.094061188 1.060981863 0.662603373 -1.632450181 -1.114763078 -0.610978983 -2.026007533 -1.169563733 -1.305891933 0.780722090 -0.189642392 -0.229468747 -0.060362861 1.037479682 1.147493758 -1.081514197 -0.061734265 1.077862018 1.780386010 -0.716991796
16.133047405 12.699125367 38.111965414 -0.669132627 -0.603836289 -0.349472495 0.255953588 -1.496723034 -1.827026124 -1.119175760 0.443530755 -1.278800225 -0.511053866 -1.308115896 -1.640415757 -0.188486577 0.126063289 -0.539918217 -0.135702580 -2.240361819 -0.333010722 0.636622816 -0.928863248 -0.421545530 0.496210665 0.712769291 -0.381496327
6.310026031 21.586049073 39.359390333 0.746967918 0.098558035 0.629634090 -0.189436416 -0.110823850 -0.125037835 0.124201050 -1.361367929 0.045422598 1.550518529 -0.399002187 0.753597400 0.042612782 -1.262376021 1.860330745 -0.887240248 -1.424450878 -0.296469674 -0.775815267 0.257193375 0.632626392 -0.390120151 -1.531387404 -0.296996281
11.779834924 20.561708997 29.098088402 -0.020872375 0.233241128 -0.663848412 0.710259252 -0.321153142 0.492024616 -0.035054424 0.312985515 -0.991809121 0.453938456 -0.608181134 -0.178133844 0.668914327 -0.380822766 0.040469584 -0.837474317 -1.945032561 -1.299987979 1.406073672 2.048655385 0.246843272 0.351473613 -0.864743890 0.561469901
8.148132245 23.170239482 44.499881155 -0.397406040 0.231304334 -0.728660361 -0.507563615 0.422236845 0.598113063 -0.108003210 1.817358403 -0.141373155 -0.804406456 0.723887955 0.628866000 -0.024082327 -1.035220760 1.309921835 -0.591334790 -0.578661994 -0.572382632 -1.285793027 1.506339111 -0.007264794 1.134155491 -0.963435594 -1.941868522
11.893175450 24.615887853 43.808590842 0.523375770 -0.329270619 -0.364754165 0.696141553 -0.955118540 1.181653918 -0.089089606 -0.729547030 -0.370948769 1.644538099 0.334895531 0.904046239 0.044442827 0.995342165 -0.740265846 -0.841841660 -0.484479264 1.986832955 0.609644314 0.806087174 0.174581281 -0.017907729 -1.241461286 -0.548733474
14.981643605 20.163832941 44.447820253 -0.395185453 0.579146138 0.328575510 0.632816200 -0.012575776 -0.691454486 -1.682265626 0.164931997 -0.459988958 -1.033141734 0.945462753 -0.816484191 -0.497819499 -0.916761359 0.031419470 -0.610817338 -1.356646814 0.921017647 -0.749435335 -0.993621779 -0.291892916 1.862553543 1.591978824 -0.011465820
12.418651183 16.559284968 43.909040109 0.769322528 0.108061881 -0.254389343 0.575978766 0.861323505 0.843858626 -0.749847752 -0.053474868 -1.679725356 0.560717733 0.025514448 0.621988415 0.343436587 0.433228191 -0.945927225 -1.242006948 -0.566888493 0.459243637 0.358251638 -0.344330515 1.199602669 -0.317551225 0.492464688 0.805779798
15.696943973 22.854434019 31.166366820 0.572984535 0.492634766 -0.608787757 -0.241613693 0.792129711 0.380512820 1.312299337 1.227905211 1.383455727 -1.309450243 0.237384202 0.460861396 0.052589317 -1.405795840 -2.241825170 0.500454723 1.004141836 0.578922092 -0.576923001 1.123940650 1.093905888 -0.053776112 0.311474298 -1.008960436
18.227574570 13.024873972 34.501426662 0.605385957 0.423617616 -0.330984742 -0.586945532 -1.490658819 0.451043645 -0.212366161 0.594116894 2.349132048 0.047994524 0.489220957 -3.320260164 -0.307673153 -0.554035975 0.280098491 0.187980967 0.282025310 -0.107202331 0.271273272 -0.775514168 1.614197781 0.143236719 1.111933372 0.602019070
7.032647484 13.205163668 38.759653694 -0.534959739 0.538488565 -0.621899301 0.192586090 -1.071981499 0.595690067 0.356094502 0.488804937 -0.727762407 0.566067459 2.510257438 1.290209395 -0.561268628 -0.597282994 0.296602635 -1.763455082 0.265330984 0.312400614 0.846445928 -1.486907887 -0.457281571 -0.582678176 1.158472350 -0.062841272
21.074261858 22.651573787 35.300701947 0.128898883 0.934168419 0.326160595 -0.065830919 -0.984745733 -0.541478540 0.233145869 1.060304291 -0.202465668 -0.371191947 -1.857435942 0.219347063 -0.639047839 1.037493189 -0.594377306 0.705284627 -0.821119726 0.712848725 -0.814452356 -1.226884185 0.214934595 0.396732392 -2.247647070 0.377100640
11.245331154 17.072029842 34.518375114 -0.130824551 0.081409698 0.281153920 0.947211630 -0.529636949 0.002237410 -1.367045868 -1.473970953 0.718953602 1.208981998 0.474563669 -0.654456117 0.870747359 0.886816981 1.904065304 0.503063398 -0.388268734 -2.008882465 0.184138229 0.549692942 0.264053318 -0.785383568 -1.633449764 -1.784926931
13.800074332 13.171213935 38.701742757 0.458190522 0.008117621 0.875446067 -0.153589497 -0.193517937 0.717875168 -0.725325735 -1.008914789 -1.408718941 -0.337345594 -1.383767271 0.160475009 0.113642461 -0.037494028 2.554343582 -0.804892523 0.049743395 1.068513154 -0.044907681 0.156243780 -0.139474763 -0.632128856 1.181324126 -0.038291996
5.389599358 17.381946511 39.473660247 -0.263064823 -0.563781196 0.642075946 -0.447980069 0.541338099 0.673727259 -1.298620530 0.439584036 -1.857180110 1.162814884 2.220800089 -0.791784419 0.757302880 0.030431073 0.582247308 -0.021271158 0.351509284 -0.003910175 -0.130361782 0.160077679 0.680361805 0.233751623 0.414889638 -0.838201735
14.079236237 11.830000805 37.620735528 0.736977413 0.092829683 0.628890137 0.229660921 1.303469286 1.544656380 -0.005583607 -0.833867103 1.446134629 -1.087142648 0.273786333 -0.295672922 -0.662630919 -0.788226446 -0.848753421 -1.912862459 -0.175942231 0.266711266 0.302683595 -1.980112178 -0.096472455 0.470694410 0.587284898 -0.138362973
9.162601913 17.507727655 37.134938243 0.465543615 0.490263922 0.623426439 -0.392746616 -1.202630679 0.196706727 0.980649800 0.366965611 0.432802230 0.722708683 0.827066748 -0.192411121 -1.143157844 -0.346162130 0.186831032 1.826231907 0.450990860 1.403097648 -0.959121049 -0.333097845 -1.298962255 -0.042118305 -0.526258271 -1.074669250
16.545198511 15.291848244 36.985220725 -0.529078969 0.057011504 0.327234370 0.780860295 0.268279772 -0.567297012 0.495872126 -1.216099717 -0.070274647 0.195334984 -1.145015565 -0.927523900 -0.042979599 0.822908124 0.444492399 -1.446952027 -2.263805607 0.108049751 0.227894522 -1.087807722 -1.056048467 -0.717388531 -0.571755979 0.720753665
9.530148051 13.994008743 42.801498005 0.068956254 0.628502637 0.459146824 -0.624030179 1.618223286 -0.648673797 -0.663905735 1.839786423 0.057257103 1.517856017 0.908296816 -1.039549977 0.572768638 0.797604675 0.001612899 0.616641091 -1.003102240 -0.807838665 0.201364086 -0.166083182 -0.985703642 -1.342399865 1.170884694 0.961523215
5.155411166 17.591414824 36.729476527 -0.179468380 -0.671999899 -0.173666875 0.697170749 -1.254187540 0.436059439 -0.624861917 1.263096458 0.338968987 -2.085250484 1.269393035 0.010877337 -0.463492959 -0.767910477 -0.945966989 0.646416880 -0.884295295 1.236713750 -0.012341182 -0.096927829 -1.096942283 -0.204765712 -0.583857814 -0.519774999
3.996330688 23.710668161 39.724644853 0.636910999 -0.417307193 -0.623531430 0.177222011 -1.787249360 0.905869359 -0.716645673 0.832848380 -0.241133868 0.770511289 1.477630546 -0.442744944 -1.107510558 -1.001932691 1.144641040 0.428729216 -0.317555306 -1.718945258 -0.432802328 1.271556437 0.264901212 -0.439860026 0.406865201 -0.792667323
2.756589241 17.977369669 35.555732396 -0.172108834 0.162247550 0.098026450 0.966667004 -0.176686342 0.387435533 0.581833156 0.257601314 -0.185536249 0.075697231 2.203825029 0.137564230 -1.993229508 -1.313351091 -0.946340462 -0.759541997 0.605949698 -1.514146616 -0.232966765 0.961110304 -0.408616020 0.331979262 0.184695353 1.390842019
13.908139975 26.528598075 31.270692138 0.335645356 -0.914962140 -0.017039936 0.223374391 -0.335221558 0.498555873 0.330508764 -0.201873836 0.160532689 1.409641745 -0.420015939 1.533223426 -0.149995029 0.638505171 0.247658536 0.581233532 1.263130225 0.287069287 1.870042014 -1.071230223 0.184368474 -0.064660072 -2.296512757 0.139590167
17.324611967 24.836984574 35.590816757 -0.104027647 -0.323721902 0.904444245 -0.257610145 -0.015712827 1.946168431 1.046947300 0.242582363 0.005655250 -0.948537813 0.619623192 -2.165206541 1.055658104 -0.090710780 -0.312293931 0.171990461 -0.559802881 1.335305389 0.187603318 -0.667630776 1.278455586 -0.965126868 -1.117042341 0.826832100
15.581657851 18.447454934 39.734639559 0.641838824 -0.036585525 0.396678974 -0.655248209 1.057067443 -0.823567011 1.102304602 1.500759697 -0.129240171 1.617629456 -1.585674336 1.008190730 0.987831303 1.113874942 0.634927276 -2.227035595 0.408160745 0.595955934 0.255178281 1.540115622 0.487362008 -0.752006324 0.380957708 -0.145389756
16.587268105 17.539450135 32.003648967 0.160186443 -0.434168415 -0.841249882 0.279529473 0.132559724 -0.737847280 1.795484879 -1.099825443 -0.177754947 0.309556660 0.667356334 0.270240868 -0.871503641 -2.267237860 -1.076129576 -0.430461721 -0.956270628 -0.977713145 0.350826922 -0.005717838 -0.255517530 -1.061350545 -0.247064120 -0.442400882
12.651795692 20.209331032 38.562504723 -0.160273401 -0.977539960 -0.134335337 0.026116680 -0.466553298 0.464597973 0.051922910 -0.835430693 -0.004019295 1.073683521 0.807998339 -0.174312558 -0.154431444 1.105098988 0.251420537 0.295962628 -0.700237242 0.481769685 -1.042706406 0.379781260 -0.371316111 0.581801909 0.463530530 0.471467615
7.618227542 24.504311037 31.899795453 0.745168138 -0.291821381 0.408507097 0.438960909 -0.276112952 -0.114966806 -0.655729137 0.521291357 1.101143422 0.339477847 1.224507497 1.327309539 1.415194224 -0.039614657 -1.032886014 0.741103178 1.969131800 -0.706942011 -0.447892294 0.911124320 0.373839862 0.461166685 -0.940426235 -0.840410155
12.517059693 9.590400661 37.722296951 -0.919248797 0.291341957 0.213932528 -0.155994828 0.714452802 0.493299820 0.222461522 -0.222344750 0.029898582 -1.083141173 1.060967288 -0.079201894 -0.190430100 0.070984797 1.100339027 -1.074692037 -3.448978474 2.611006163 0.027552056 -1.642239148 1.235454204 -0.150575611 -0.040279114 0.856893861
13.045051344 21.383877900 35.032071681 0.314764155 0.386082972 -0.078140658 -0.863572523 0.981450262 0.287633033 -0.464834562 -0.322169516 -1.118183753 0.632469351 -0.578805369 -1.570468412 -0.285587007 -0.737943691 -0.187801229 -0.348481905 -1.044081536 -0.482911342 -0.188171110 1.179680894 -0.013517770 1.779619674 -0.207463141 -1.998600182
11.184747868 11.203838044 39.545924240 -0.152835526 -0.250758603 0.849404949 0.438489062 -0.200273524 0.411076078 0.380165695 -0.740683493 0.022991694 0.184730924 -1.110491455 0.224424008 -1.334665538 2.003027309 0.501518686 -0.711919854 -0.136259811 -0.263129101 0.893053042 0.682054029 1.423472309 0.772145644 -0.095731464 -1.804560397
14.569531621 20.084688378 38.033718180 0.333672009 -0.910238236 -0.065915606 0.236187376 -1.024403480 0.606519632 -0.784134901 -0.234373605 0.425460414 -0.293277611 -0.917171547 -1.423255290 -0.815574850 -0.281818562 -0.914527002 0.163523513 -1.379437843 -0.996758558 -0.450258244 -0.551756147 0.256928805 -0.928109236 -0.484274398 0.122276156
11.338145777 18.550357046 34.996043146 0.008963497 -0.847517139 -0.432897432 -0.306975842 1.375902671 -1.077742284 1.084588343 -0.070013252 1.270942564 0.415184659 -0.827357890 1.229970478 -1.104695791 0.669780489 -0.923908604 -0.841449768 0.463849198 1.924281887 -1.361017403 1.501615854 0.680498035 0.930460355 2.216315227 -0.030638818
7.302757085 19.772830549 35.792280442 -0.348485253 0.278047891 0.029497859 -0.894638069 -1.079086461 2.189735349 0.934508512 -0.059953823 -0.141680497 0.816574317 -0.735752141 -0.261101288 0.201953787 -1.087187344 0.441876183 -0.274848327 1.721377463 0.074865065 0.527401493 0.441908327 -0.927493235 -0.239679946 0.278670404 0.906664640
8.356032101 22.550822779 32.771915248 0.145667276 -0.372840976 0.854763717 0.330378024 -0.671011414 -0.289078362 1.597542059 -0.308020054 0.270033258 -1.506443406 0.127055728 0.794615592 -0.916409657 -1.216361827 -0.921031916 -0.827155098 2.583029949 -0.831332287 -0.244060653 -0.251412105 -2.197369750 -0.542642938 1.173342273 0.484381704
8.987019838 14.820713546 28.384136140 -0.853309098 0.223266363 -0.363125621 0.300259052 -0.139455248 -0.817390787 -2.644408959 -0.390132035 -1.082009762 0.176988204 -1.101144923 -1.485890338 1.142508744 0.441345504 -1.707440134 -2.489263861 -0.155331575 1.460975029 -1.570971424 0.141279689 1.530208834 0.610837085 -1.312262625 0.502099631
13.949253776 18.569107848 40.668644826 0.417244813 0.465141738 -0.592480798 -0.508445113 -0.678727294 1.125791471 -0.733572776 0.239320571 0.267976853 -1.835462761 -1.450825786 0.659193223 -1.313631145 -0.773381772 1.552838961 0.796490389 -0.920083669 -0.843259141 0.731960816 1.828232382 2.302513060 1.053651954 -2.988303142 0.333140317
12.231066661 21.846659381 30.290911574 -0.734101047 0.016411636 -0.676380259 0.057758598 1.610555380 -0.099680400 0.205660752 2.223173753 0.082176405 -0.230432634 -0.416065590 -0.939592805 -1.714461469 1.213797412 -1.246658788 1.276543400 0.253752176 -0.684550637 0.397956723 0.435011058 -0.352651960 0.192981884 0.528270694 0.385534634
12.297329333 26.430064606 33.003168177 0.010107420 0.366847553 -0.135796853 -0.920260793 -2.739907960 0.814000475 -0.562475701 -0.980903363 -0.669609341 0.116279587 -0.896280524 0.302180011 0.562068868 0.002383371 1.220010635 1.880464962 -0.187723726 -2.156624689 1.852098170 -1.172933187 -0.384871484 1.363476006 0.763889453 -0.010829404
3.268221545 23.197077219 36.392398229 -0.391544428 -0.282218763 -0.820371802 -0.306652306 -0.536079295 0.851244474 -0.478956302 0.134403717 -1.051497576 1.618347296 0.439820190 -1.773454074 0.932403193 -1.108297190 1.153995507 -1.838486792 -1.827327946 0.025117654 -0.527067118 -0.143420910 -0.566464981 -0.691618860 -0.981662036 0.783995858
18.182772128 23.538596217 31.957886096 0.713485335 0.067207139 0.433085112 0.546680128 0.063009824 -0.456919644 -1.115715275 -0.560423614 -0.354006327 -1.799525274 0.505008134 -0.535944540 0.257001187 -2.426850756 0.268751290 -1.095772883 -1.297961556 2.704229865 -0.817647169 0.206664861 -1.165926618 -1.518045595 1.047214760 0.579800007
7.410494441 24.652803489 30.870057115 -0.221617355 0.969746542 0.093546115 0.041551375 -0.094351577 -0.165251801 -0.275802543 0.056522683 -0.043983979 -2.553993898 -0.539186834 1.611517224 0.052451654 -0.910065618 -1.132764469 0.518759393 -1.013274130 0.016597303 0.027500232 0.495923108 0.257911030 1.081826260 0.624192086 0.775175935
19.364797641 14.171817035 37.503415512 0.326259710 -0.457488144 0.808067632 -0.176878210 1.629755061 -0.086343153 1.544402403 1.298094245 -0.915211189 -1.767817549 0.224314348 -1.851834442 0.232241462 0.220183547 -0.898824299 1.258384294 -0.784072276 1.027964438 0.599624041 -1.073709722 -1.442087558 -0.806780743 -2.035775475 -1.923681162
4.788472233 14.758150581 36.672458760 0.677264416 -0.491850381 0.233279718 -0.494951195 0.962606013 1.285901404 0.489422514 0.523024006 0.914792508 -1.237489287 0.829699691 0.095406796 -1.299111507 -0.350542232 1.566800969 -1.361184460 1.147074530 0.974460674 -0.275926614 -1.333924029 -0.101121062 -0.962529046 0.161737017 0.277134252
10.261857004 10.907954610 33.302378775 0.252744947 -0.208850195 -0.821632914 0.466284187 -0.626004388 -0.176889083 -0.894001159 -2.896211499 0.305886526 0.453307120 0.550196324 1.280518481 -0.425537281 -1.157525792 -1.126839127 -0.228849539 1.567238706 -0.574262092 0.906976204 -0.993521376 1.540260337 -0.340578351 0.908132452 -1.488528146
11.379427175 21.912088025 42.714826984 -0.143035421 -0.180880075 0.915554938 0.329518469 0.060290980 -0.113247464 0.266685466 -0.333922445 2.529193857 1.607841148 1.031726021 0.284785273 0.581457640 0.381890549 0.365986572 -1.186012166 0.498060823 0.754362113 -0.063804270 0.583687052 0.041234989 0.004791204 1.323730645 -1.424056569
19.909829200 15.964503812 37.684685116 0.523650563 -0.794659338 0.289673643 -0.101959823 -2.678740884 -0.694342029 1.696904790 0.137520618 0.256934041 -0.195033006 0.165016908 0.778234595 1.292206886 -0.072843841 -0.141093447 -0.106377684 -0.240772676 -0.459852843 1.097996475 -1.242349842 -1.846225629 0.151718387 -2.475813428 1.571375600
10.765628508 23.528013694 31.682109769 -0.692243449 0.188886336 -0.146083313 -0.681014408 -0.291064560 -0.967697526 0.627606637 0.540362344 -0.011783934 0.375892186 1.457686000 0.736083002 -0.133792294 -1.004636819 0.232192643 -3.062779014 1.087261816 -1.116841466 -0.534166473 -0.594894905 -0.013840635 0.158927230 -1.125961009 -0.928314523
20.637989720 23.357807582 33.945326666 -0.461673594 -0.687625930 -0.518937540 0.211499179 -0.395391219 -1.460295243 -0.379646320 -1.082720598 -0.925430051 -0.999849525 -0.542377532 0.785787325 0.801418370 -0.587273685 0.377267858 -1.147682354 0.208035523 -0.770527889 0.815671305 0.736473403 0.097010375 -0.129749272 0.032939609 1.671961503
11.575484207 13.070142183 38.536157319 -0.203547141 -0.890792403 -0.389249616 -0.116370926 0.081818579 -0.933428160 0.756131575 -0.158543822 -0.934081111 0.896148233 -1.772168352 -0.341129764 0.170271927 0.394347299 0.225235985 -0.970337424 -0.511492090 -0.535920752 0.035506058 -1.037952116 -0.647632566 -0.036455009 -2.332417466 1.183708164
13.858026939 15.399085557 31.772881936 0.486353264 -0.162688020 -0.769700269 -0.380203376 -0.468481796 1.089790282 0.532536083 1.210513394 -0.405983903 -1.641556761 0.919658532 1.754152114 -0.708292671 -0.038418164 0.071992627 -0.845470785 0.656593832 0.621958891 0.888485976 -0.124190258 -1.936777911 -1.731334897 0.404002279 -0.379442578
13.314990479 27.589233204 38.194059031 -0.485293376 0.391190000 -0.064774157 0.779272117 -0.005743575 0.672302036 0.547070579 -0.820669973 0.034378996 1.689129462 -1.122339828 0.358552971 0.200952152 -0.053492998 0.675692370 0.118599067 0.528556802 0.445919151 -0.919202372 -0.928586322 0.544175452 0.566805532 -2.042440899 0.168930867
9.279825037 23.233330211 39.015628426 0.860939285 0.070013443 0.493883664 -0.099802758 -1.223344260 -1.517202755 0.616331117 0.362868243 0.252323929 -0.076230920 0.135934315 -0.670622022 -1.814073698 -0.692917077 -0.860149748 -0.466214064 0.575764134 -2.593496139 0.110761896 -1.429968408 -2.106943778 -1.306589138 1.383813874 -1.183620150
7.052381711 16.699775930 30.713678619 0.393268328 0.240125824 -0.715720657 0.524808109 1.903208476 0.124467293 -0.005701030 -0.136744865 0.476186005 0.923284400 -0.881761723 0.854829035 -0.723119187 -0.849352405 1.345337527 0.891444846 -1.561519702 -0.202328665 1.640805544 0.335854574 -1.965039236 -1.509511567 -1.311591580 0.859232227
13.357168893 18.438891838 34.911768885 -0.084547522 0.484790884 -0.359059931 -0.793035611 -1.070109747 -1.506656413 -1.062267151 0.107040928 -0.846166919 0.130063249 -1.789444401 -1.399461963 -0.667253909 -0.964637965 -0.159278475 -0.687580109 0.136278178 0.208801593 0.078152661 0.076139084 -2.187844626 -1.479155083 -1.494406736 -0.096922002
13.207488232 20.891630965 27.869620430 -0.823034322 -0.256256334 -0.037406486 -0.505517509 0.191030746 -0.014606345 0.005379911 0.967082408 -0.324687677 1.061850231 -0.081100522 0.105249305 -0.478915086 0.127881319 -0.846039339 -0.099588521 0.805348443 -0.135887642 -0.703245956 0.134948511 0.299568681 0.525705049 0.451489418 -0.097268771
17.856257864 21.284250776 34.505848869 0.191580028 -0.185620081 -0.325373072 0.907179498 -0.273180047 -0.967647076 -0.329885900 0.439310249 -2.367567067 -0.103003106 -0.470802113 -1.122822667 -0.912057603 0.585317009 -0.854587855 -2.421449762 1.131935403 -0.175031818 0.469213257 0.073051194 0.887649981 1.778268900 0.522526841 0.491865914
16.404064086 22.627375678 33.120192581 0.110966719 0.792874473 -0.436050680 0.410969904 1.190891889 1.046377372 2.436128299 -0.758430588 1.453623678 -0.435997225 0.649152757 0.781195591 1.452115574 0.786826739 -1.237870449 1.708363656 0.681275937 -0.311279726 -1.235495861 0.198990545 -0.975178685 0.653246408 -0.194624734 1.042036287
9.553935540 19.032264052 32.687049878 -0.271806250 -0.576228183 -0.770760429 -0.003287156 0.074981435 -0.552886884 0.127153183 -0.632534946 -0.989765192 -0.009193735 -0.405220241 -0.602701144 0.609847631 -1.094224365 1.887469296 0.923084366 -0.800016635 0.678767874 -0.075272852 -1.600442682 1.094347080 -0.967739094 -0.334450402 -0.778301781
7.164086347 11.405007058 33.867151561 -0.788154316 0.142683071 0.150825008 -0.579401529 -0.028918924 -0.592285033 -0.494933902 0.304897001 -1.662788176 1.764573851 1.261520898 -0.589752732 -0.156318325 -1.345255950 -0.924082376 -0.692580221 0.341078042 -0.346522127 -1.136395395 0.625937556 1.918019648 0.294837260 -0.168728937 0.637759367
14.148418834 18.090103301 38.520801448 0.881989522 0.398646896 -0.165983908 -0.188744477 -0.499606413 0.180837328 -0.577353951 0.681120552 0.639283144 1.056331567 0.702143993 1.117660833 0.861767298 0.254898730 1.111464314 -0.332154237 0.091277108 -1.619577606 0.801135261 -1.163853315 0.976480751 -1.370565785 -0.389754573 0.874711624
16.626475253 25.718135420 35.949901148 -0.726221022 -0.636304379 0.158670331 0.206260734 -0.972273454 0.090028159 -2.598862380 -1.251765701 0.649550826 0.003434287 1.116293237 -1.033317955 0.756102036 -0.418190255 0.486014599 -1.085846231 1.917724479 1.609256735 -0.326393171 -1.581562689 -0.780253788 -0.412475806 1.770826163 0.928511978
5.207724440 14.896341872 35.818831165 0.565450001 0.466055781 -0.390331379 0.557404448 2.004931714 0.226288176 -0.016962695 0.311672617 0.416054000 -0.992405121 -0.822612161 0.397732703 1.012998069 -1.505812120 -0.304756424 -0.244886649 0.966054932 1.186365727 0.530440768 1.074595287 0.194969174 -0.991136155 0.015227448 -1.145257240
9.661232759 13.448337182 42.147614556 0.316246710 -0.149035107 0.644034533 -0.680438150 0.837322223 -0.903442089 -1.125039294 -1.803119550 -0.241604665 -0.668821414 1.402632221 -1.551118513 -0.095821425 1.106482614 0.712934935 0.572111443 -1.408753816 -0.634991817 -1.193407303 1.213118569 -0.863808535 -0.399570099 1.068104983 0.528383517
16.680998564 16.491615557 38.374342382 0.035171207 -0.704800393 0.139872012 0.694589960 0.086901680 -0.294424293 0.685288780 -1.371310054 -1.572969906 -0.554135034 1.157416964 -0.586004076 -0.261042114 -0.187412751 -1.896481989 0.081069241 0.024820489 1.125497687 0.652174241 0.810255621 0.371059531 0.545636274 0.853536295 -1.792678916
17.704678984 17.443770013 35.727967822 -0.683559591 0.684254133 -0.217088990 0.131965666 1.230796841 -0.591486863 -0.250656758 0.720070640 -0.542885242 0.184702937 -1.236091312 0.168312425 -1.824757560 -0.405016447 -0.341497196 -0.868705371 -0.066496554 0.764860817 -0.015879341 -1.307655048 0.382555894 -1.245195028 -0.180909484 0.720820939
16.928484139 18.936275156 42.005578202 0.003672749 -0.594502470 -0.769292860 -0.233969699 1.590276017 0.255925677 -0.319995037 2.107125065 -0.107792656 -0.007991281 1.488565384 -0.441125379 -0.236456469 -0.839565364 -0.466099874 2.328764432 0.408917130 1.696069983 1.037457255 -1.097515755 2.116699484 -1.039742127 -0.299762230 0.819259806
13.091879121 18.584816398 28.830134638 0.130607307 0.185683756 -0.221301151 -0.948413979 2.016237031 -0.491697774 -0.555192298 0.609331267 -0.795680877 -0.136336925 -1.330784415 0.791186645 -0.270262164 0.093201036 -0.198745773 1.607169462 1.106610516 1.950911874 -1.660037034 -0.583911640 -0.757529784 1.426938811 -1.857633240 0.642126283
4.412722017 18.449022203 33.823764837 -0.735342108 -0.463914233 -0.408686046 -0.277545104 -0.656922763 1.577193354 -0.404516618 -0.542351894 1.078167223 0.796508342 0.813873208 -0.420023885 -0.523282622 -0.922791688 -1.496451477 0.485318578 0.665484330 -1.820797530 -2.356505575 1.115215572 -0.221961578 -0.602700618 -0.329635909 -0.300969950
5.921884513 26.632606970 38.832910803 -0.670366448 0.024358631 -0.698248803 -0.249928173 -0.050249477 0.684450150 0.162062692 0.021645357 -0.305551895 0.611293532 0.173716081 0.896966827 -1.205947383 -0.189846763 -0.456311686 0.669956118 1.831777160 2.080721808 0.707807665 -0.510461570 0.293645098 -0.098817700 1.039562432 0.990498798
15.851087054 12.046054949 32.862784785 -0.670526331 0.685067644 0.248005553 0.139892844 0.561004385 -1.221045631 -0.123630115 -0.920915163 -0.109589603 -0.465298251 1.221261204 -0.339839949 -1.156788882 -0.584638945 -0.158225892 0.148959377 0.244718949 -0.574686501 0.026361698 0.102000796 2.317678104 -1.858096454 0.616361884 -1.543332630
7.354603178 13.142917886 42.331253630 0.107010021 -0.452705859 -0.102126890 0.879304475 1.766729679 0.703574098 -0.980980577 0.701889247 -0.353662583 -0.335891506 0.272566791 -0.594541627 0.911485875 0.507017813 -1.591795765 0.582440523 0.065854240 -0.897903735 -0.424476829 -0.686691051 -0.394328234 -1.212803452 -1.201967423 0.399300870
15.748174004 15.118322810 29.754047876 -0.212487729 0.370627205 -0.022310269 -0.903873161 1.330638052 -0.400174606 1.075828703 0.387152883 -0.504811867 0.456500425 -0.667964262 2.055988864 -0.341089877 0.289819560 -0.263345343 0.402721771 2.287798481 0.044243232 -0.959228395 0.187027025 1.090161772 0.136178285 0.797123683 0.386428062
9.850154343 17.513076233 39.592445315 -0.050907623 0.856391240 -0.238065545 -0.455332026 -0.136205110 0.416781653 0.009210574 -0.429722156 -0.349741479 0.751875982 1.584319554 -0.321184099 -1.912099755 -0.429601813 -1.322244764 0.857124187 -0.414553668 -0.245483394 1.447332991 -0.408310835 0.015259130 -0.219936231 0.176036157 0.007868919
16.569416469 18.913168140 33.364955310 0.209824085 0.461786026 -0.148745406 -0.848882986 0.332033493 1.275843311 -2.619340050 -0.715226784 -0.778531633 0.900669822 1.049793455 -1.142617894 -0.839016123 -0.824724797 -1.532847947 -0.201447144 -0.814416769 0.034864273 1.041762585 0.334996289 -1.758376733 0.262668622 -0.727727825 -1.162070557
13.403285425 22.770541871 37.460514465 0.424108774 -0.111845200 0.459086687 -0.772568322 1.737411184 -0.197438369 -1.096871672 -0.490823458 0.612657782 -1.100586708 -1.626209918 -0.045762057 -0.447175787 0.090170916 1.293766374 0.407492350 -0.398727282 -0.528583680 0.908705348 0.595768472 -0.345818660 1.064329870 0.882060769 0.727317842
14.196900567 24.020716700 44.611155580 -0.422485933 0.630245691 0.530785479 -0.377574868 0.277190969 1.464189828 1.517048595 -0.480994426 1.221598218 -0.075803646 1.210050425 0.024792300 1.027545197 -1.201817445 -0.047445188 -0.583308835 -1.192263521 0.027687433 -1.867738141 0.809447699 1.018464481 0.008997777 -0.416997466 0.987050058
16.436485521 12.466078469 32.495569088 -0.503646434 -0.327332839 0.699357160 -0.387418437 2.063177371 2.373590275 0.805117224 1.389772825 0.353429052 1.474077456 0.518943613 -0.906598048 -1.095393120 -0.401333557 0.862264592 -1.952476038 0.168198235 0.070707585 1.183306007 1.341557625 -1.656217300 1.522650656 1.226219630 1.238128175
19.026579539 18.804163998 42.272179562 -0.129737871 0.231371663 -0.145635519 -0.953113600 -0.802514558 0.630612730 0.372907231 -0.203235059 1.989352737 -1.369332169 -0.396518399 -0.243004679 1.154989712 0.132537726 -0.844851359 -1.856230135 0.437539808 2.224374958 1.048642637 -1.123310001 1.944765167 1.100154128 0.849977098 -0.932329064
15.146636119 20.444766255 29.833833647 0.149149618 -0.548953875 -0.210196904 0.795123447 -1.024737455 -0.280830097 -0.532149495 0.353154278 0.976434340 0.736878127 -0.480929064 -0.812644348 1.112534057 0.251520897 -0.643215555 -0.804815369 0.935110319 0.883183688 1.809270231 1.269016415 -0.266380335 -1.022426384 0.273103656 0.453744274
9.850364494 26.006321787 31.493881853 0.638595400 0.556808888 -0.240022830 -0.473865824 0.403015314 0.055187125 0.078101812 1.911432343 2.481738510 1.454014472 -0.327619795 1.111576431 -0.347023683 0.320821072 1.503684460 0.477590101 0.404803022 0.422234443 -0.900944794 -0.567126605 0.646593361 0.446513158 -0.570922780 0.462512959
14.248249745 21.527590856 40.344102540 -0.456397603 0.162093221 -0.827109809 -0.285160269 0.786738808 -0.060747901 0.846941124 1.518140380 -1.028176653 0.083960486 -0.344485560 -0.203286422 0.476736118 -0.081259164 0.218243615 -0.586719834 1.558884488 -0.682952470 -0.282362380 -0.383165467 -1.785866197 -0.257936635 1.228852773 -0.128839991
21.503261161 19.854961057 36.413371566 -0.348803178 0.143353551 0.675687211 -0.633429472 0.908963981 -1.251360383 -1.268845679 -2.123565944 -0.920004475 -0.483220877 0.655162263 -0.121886164 1.679041877 0.006769146 -0.218217202 1.016946471 -0.970758184 -1.288659590 -0.169610604 0.080629306 1.580213824 1.475827673 -0.545159930 0.950038348
14.245389824 18.472521116 38.060276166 0.747997363 0.502841782 0.139267898 -0.410188420 0.752844084 0.433029615 -0.015890116 0.674732425 -0.773274704 0.817479864 0.581323131 -1.069095850 0.987825027 0.208010698 -0.179459295 -0.224058721 -0.303546011 0.150583341 -0.114448051 0.626602105 -0.298930511 -1.256662896 -1.177535042 -1.202945589
18.744523992 16.337611443 38.995439383 0.313552320 0.864649108 0.387674822 -0.061441808 -1.393756056 0.939336691 0.511363391 -0.233652636 0.871592497 1.318064257 -0.529249462 1.204110194 -1.452210635 1.042320162 -1.125966165 -0.536449437 -0.495843725 1.576248157 0.434835228 -0.330652236 1.042499639 -0.490636257 1.197877631 -0.817054764
13.189342592 18.077681299 35.792056878 -0.319027229 -0.461313741 0.494519459 -0.663974219 -0.110867951 0.937735624 -0.277242818 -0.922646778 0.124633674 -0.357646588 -1.308567980 0.636745769 0.198089973 -0.892449797 0.802730464 -0.696799648 -0.434443135 -0.386527627 1.423825698 -0.296866424 -1.064454859 0.585375507 0.881845234 0.990239684
16.790631990 22.250094904 30.310195883 -0.566265476 0.395784280 0.712122656 -0.124818020 0.411831752 -0.466421863 0.763707183 -0.116092809 -0.108980338 0.570175247 1.267548461 1.402219686 0.157777469 -1.849315836 -0.782341766 -0.660307523 -1.827731339 -0.407895911 -0.597086569 -0.043917232 -1.872084038 0.976767346 -0.093293861 0.910530687
13.455015939 25.607018059 38.518945269 0.064409997 -0.223977069 -0.962964612 -0.135590487 -0.523285162 0.202968441 -0.952413364 -0.637712223 0.263834731 -0.242888735 -0.252541432 0.557138864 -1.473013678 1.993406282 -1.886127481 -1.271258976 0.517730519 0.656908728 1.048078027 0.955094160 0.201543374 0.693716881 2.377569794 1.182551013
5.112486295 16.015373624 41.421391894 -0.381259458 0.070178154 0.390510143 -0.834995857 0.615795267 0.563216251 1.034434675 0.292102342 1.863324871 1.318445425 0.886564175 -0.408188874 0.365973124 -0.418978862 -1.012655578 -0.173435662 0.295319983 -0.076684038 0.322825125 0.170931639 -0.858213228 1.400251307 2.824537212 -0.503016419
15.480533185 18.085970310 34.355893293 0.696519221 0.230194927 -0.325404936 0.596643024 1.156370732 -0.096277995 0.158025764 0.786141601 0.059761518 1.578187426 0.173300958 1.269622156 0.452906894 -1.036619814 -0.189334375 -0.907222525 0.879970464 -1.393147907 -0.014410418 0.170771032 0.677122386 -1.154801788 0.378111936 0.713007792
7.077510360 18.790169783 44.412728353 0.209921520 0.654589086 -0.553260890 0.470476857 -0.384970628 -1.761120101 0.508864245 -0.562185254 -1.394506459 -0.190109688 -0.057762824 0.781143836 -0.670896823 0.582764266 -0.674883957 1.453580161 0.510888755 0.218405551 0.590617681 -2.433567299 0.439764947 1.228210626 -1.258929780 -1.954009795
18.764223861 26.412030508 36.179864441 -0.129489370 0.311826766 -0.940968500 -0.023976097 -1.397186335 -0.282474011 -0.509501348 -0.944335522 2.051503416 0.254990336 -0.581858615 -0.064045160 1.111285182 0.352575066 0.758670598 0.677908180 -0.022638738 -0.552976739 0.196614523 -2.132589998 0.263482705 0.333328145 -0.554423200 0.186833509
10.716400684 25.250732524 40.512034159 0.569341821 0.266255330 -0.633838928 0.450783987 -0.100244549 0.587996810 1.256866489 -0.532985909 -0.280105139 -2.993030801 -0.070720465 -1.289382354 0.675890806 -0.006567537 -1.063238381 1.998442094 2.062088642 0.145857733 0.776404204 2.136850514 2.285116879 1.442740231 0.911279657 -0.524529758
20.190575238 18.490556855 30.590552608 -0.877565995 0.251219506 0.399994279 -0.082287668 -1.693698196 -0.697175911 1.421189031 0.631415548 0.990354163 1.066171099 0.981784960 -0.856179815 -0.829333663 0.648896830 -0.331929808 -1.056877590 0.443554656 -0.282115262 -1.009679146 -0.952173732 0.789266766 0.470291779 0.042142867 0.032785266
11.728696281 27.245347741 32.261507849 -0.445755768 0.203092902 -0.351637250 0.797750783 0.084789347 -1.355489824 0.056514714 1.297240101 0.957947066 -0.287251825 1.123950121 -1.135106693 0.327002203 -2.747078447 0.382375122 0.469182278 -0.501256425 -0.815087242 -0.603357671 -0.549035762 -0.800319292 0.384508403 -1.342720369 0.191276725
10.524950762 20.206767484 36.211899218 0.279080875 -0.596839848 -0.495712973 -0.565830990 -1.007722150 0.784571898 -0.147370743 -0.335135777 0.023928811 1.169322006 -0.724158510 1.328672478 -0.142606984 0.257460432 -1.002919583 1.017350673 2.456047824 -0.376694541 -1.566940726 0.466261985 0.756203493 -0.324846550 -0.484796985 -1.005391341
4.995963224 18.695066567 34.726456805 0.834456992 -0.217454452 -0.504906741 0.038265818 -0.183920324 1.790849116 -0.659197629 0.481502436 0.364981451 -2.120718457 1.088972650 3.707896815 -0.326547221 1.191758098 -1.633668341 -2.223481319 -0.396548398 0.538404001 1.952501123 -1.533159025 0.438016481 0.256021210 -0.030107907 0.007119466
14.333248216 19.081091098 27.035702049 0.364190267 0.874581558 0.081038181 0.309685907 0.480079273 -2.046184880 0.801972984 1.424750230 -0.942126796 1.117376034 0.189497423 -2.569966240 0.912801039 -0.746905700 1.104523762 -0.127589485 -0.349398043 0.819512359 -0.446793749 0.248756217 -0.316792242 -2.038337679 -0.000038516 0.186058414
8.544669630 25.642882042 38.830268625 0.162679404 0.270712969 -0.275499059 0.907937315 -0.628657037 0.455131262 0.101832879 1.215873114 -0.328657435 -0.811839728 1.779980640 -1.235636190 1.109829556 -0.294477326 1.575851917 2.011843807 -0.715233859 0.476374894 -0.102508099 -0.285462145 -1.830839059 0.535875644 -0.011056516 -0.928564233
15.448499282 14.837993844 38.354561496 -0.575377549 -0.586197663 0.246429743 -0.514378614 -1.302590425 -1.794340014 0.761272477 0.615740742 0.526146314 2.128514669 -0.074302874 0.404910007 -0.915805069 0.121749534 1.028267031 -0.277192451 0.295131966 0.300931071 0.227017668 -1.240219721 0.879514832 -0.089153766 -0.080041558 -1.231848931
9.189210467 26.726602663 34.658659482 -0.038556735 0.935725393 -0.079337428 -0.341521506 -2.314559612 -0.992144421 0.802497640 0.730548708 0.666771846 1.674290520 -0.747114897 -1.000400124 -1.553470395 2.250378434 -1.021341101 0.291358637 1.814594964 -1.034416205 -0.789267610 -0.850236399 -0.254754038 0.599498029 0.239438297 0.811238802
17.121842961 21.451730798 41.934460565 0.033967348 0.343383052 0.241888119 0.906876197 0.422875345 -1.075298359 2.145820666 -0.961986679 -0.119505779 -1.398780497 1.093360150 0.544376638 0.195100977 0.372974391 -1.068821114 1.293515818 0.441092437 1.068748007 -1.107273870 0.201103501 -0.111572399 0.806288739 -0.988003173 0.588939194
