-28.450940894 5.578023728 -3.621162373 0.421675276 -0.207282965 0.451809764 -0.758347988 -0.195730816 0.249581668 0.919972497 1.304519901 2.446578499 -0.571158568 0.076112378 -0.524244268 0.292681698 0.567965145 -0.616009294 0.723037787 -0.354583431 -0.076459614 0.309411357 1.132175083 0.106490648 0.123028786 -0.582174332 0.662548954
-27.149195541 2.754404505 -3.992721444 -0.205850603 0.460841114 -0.489892691 0.710813723 0.185091502 1.035769106 1.259108673 1.728271213 1.338101559 -0.812745207 0.708390224 -1.215798851 0.868980631 -1.170185760 -0.197508129 0.430032632 -0.484329626 1.730457433 -1.051316321 1.013771215 0.099244041 -1.533775203 -1.586694441 2.211389768
-36.679993663 -3.285890050 -0.741287528 0.680994789 0.534230219 0.349212469 0.359019249 -1.241386403 1.598353574 0.272870650 -1.192305048 0.844721866 0.294932486 0.802359591 -2.080129330 1.148733074 0.489517092 -1.058189443 0.132647624 -0.038636205 0.226052232 -0.703018564 -0.318944730 0.540823879 -0.295277951 -0.152631247 0.604973591
-23.826474805 0.960585317 -7.945501315 -0.387299357 0.421509273 -0.572876476 0.586635905 0.374775554 0.948568416 -1.955762381 0.672794579 -0.084992941 -1.113788180 -0.179814766 0.078918265 0.829749051 1.110140113 -0.975726952 -0.167263873 -0.469949252 -1.208097798 0.608511553 0.660193308 -0.731307398 1.199511123 -0.653477394 1.099231512
-31.833003537 4.731155345 -11.270573534 0.894614106 0.177691155 -0.383181188 -0.145820551 0.118499774 -0.455741886 1.020683726 0.802357786 -0.758767555 0.298878075 -0.613714881 1.257959706 1.776852808 1.506029868 -1.187704698 -0.488576113 0.726852157 0.592913733 -2.146665252 0.413378333 0.386312799 -1.466095328 -0.197641699 0.053920641
-37.894754135 8.604556496 -3.987996678 0.583113495 0.191401677 -0.176750311 -0.769482538 0.259781109 -1.168597457 0.452875860 0.977415880 -0.609495176 0.704343860 0.336321124 0.808181613 -0.050854379 1.162744998 0.440420841 -0.302404991 -0.440325331 -0.304170189 0.277986276 1.617766539 0.418126288 -0.433445851 -0.428004799 0.507274716
-26.901623957 4.484178216 -2.667130656 -0.455844961 0.188303157 -0.138801033 0.858767469 -0.599795628 0.335645866 0.625508507 0.962262207 -0.384287779 0.925448852 -0.289970245 0.301280368 -1.065907446 0.041271398 -0.833710669 1.832501442 1.021152594 -0.124168757 -0.467822128 -1.391411218 -1.524711307 1.175443516 -0.442298506 -0.971567192
-31.679024245 5.470013196 -11.901493519 -0.039816064 -0.054537236 -0.936321551 0.344590081 -0.808519041 -0.068800324 -0.493252672 0.852145192 -1.331124456 1.361279203 0.562671656 0.288107374 0.088675833 0.725021291 0.776052076 -0.397846263 -0.508685085 0.812596518 0.499689790 1.115790338 1.224902572 -0.661788110 0.009182909 0.019672648
-29.714759403 -4.123924952 -8.307080618 0.845265146 0.038144165 -0.447561380 -0.289414351 0.219815482 -0.567285497 0.915480495 -0.259139944 -0.410428989 1.097259703 -1.323695076 0.636861920 0.029785011 0.492566781 -0.262167516 0.990940658 0.137772058 -0.119933150 -2.621743471 1.207553293 -0.485215925 -0.590532900 -0.711784987 0.213189986
-36.394392355 1.184771570 -0.280648079 0.688663086 -0.615795595 -0.360861047 0.127742881 2.190569084 -1.100794363 -0.270987455 0.055514147 0.143599795 -0.134874212 -0.083091960 -0.530750948 -0.236854806 -1.421221038 -1.335847573 0.771184551 -2.881304041 0.469483037 -0.886801946 -0.583634912 1.171937766 0.315358401 2.307542464 -0.408085474
-33.107862087 1.187897949 -7.615645105 0.298078497 0.206272497 0.317161747 0.876361394 1.727919986 0.162008185 -0.117469150 -1.568693045 -1.034472921 0.171543155 -2.442158992 -0.586107816 -0.903313231 -0.308587882 -0.801622928 0.432364300 -0.234286224 1.220674788 -0.102136030 -0.638939171 -1.201015318 -1.626905348 1.964109525 -0.426751117
-31.370295638 6.756133687 -4.169159456 -0.601340618 -0.601067956 0.268358868 0.452868956 -0.706931600 0.535941131 0.482877524 -1.003170790 0.006490388 1.212953980 0.698859041 -0.411011464 -0.323647795 -0.286047697 2.157652650 -1.020289931 2.562828112 -1.486964592 -0.477048325 1.561504706 0.051777847 -1.930192460 -0.464338956 -1.101112196
-36.233305397 -4.315198852 -10.412437417 -0.776645761 0.129198392 0.594883197 0.161997283 -1.460804155 0.060979120 1.522586509 -0.140067713 -0.048797248 0.249514806 0.726718264 0.988662604 0.456059117 0.241458508 -0.129021462 1.358885098 0.315395177 -0.982341099 -1.559159350 -0.125275613 -0.038482990 0.237234771 -1.381168131 -0.756020257
-28.166327053 0.659776588 -8.862513246 -0.253155184 -0.315909150 -0.873072213 -0.271769706 -0.837204491 -0.344698626 -0.105718904 0.084031305 -0.949482062 0.174323054 0.627906280 -1.015676537 0.538366372 1.181172179 0.572994406 -0.313337372 -0.315600874 -1.330654086 0.997365704 1.554780177 -1.021603976 1.375254865 -1.550562998 -0.608739586
-33.989149194 -5.676191081 -4.064789000 -0.006384686 0.200080184 -0.291183134 -0.935488930 -1.046240090 1.317831546 -0.063655254 1.744281761 -2.092252175 1.171145049 -1.519119768 0.102370804 0.231804653 -1.582145936 -0.566225074 -0.800035212 1.981895834 0.758180358 -1.330022371 -0.791887947 1.566250434 0.473232822 -1.735639550 -0.197021211
-32.773612526 0.487037334 -0.316250164 -0.363736853 0.042169076 -0.591901885 0.718031635 0.202526180 0.829373723 0.139184231 0.257357992 -0.001807578 -0.253804292 0.577269784 0.186786510 -0.063670499 0.449046112 0.281554899 -1.170331582 1.326782033 -2.130413967 -0.127258503 1.343485312 -0.436525281 -0.649531583 -0.740471083 1.126041931
-35.304709172 8.474750926 -7.374026695 -0.642634824 -0.228367589 -0.705016012 -0.194476609 -0.831669343 0.165623841 0.020887520 0.679700975 -1.814692483 0.343961731 1.415245474 -1.471944527 0.452715987 -1.202399353 -0.974896761 1.361607504 -0.804482558 -1.304348202 -0.994976698 0.368764456 -0.485895121 0.753693469 -1.214452839 -0.465579349
-37.466100846 -5.032013297 -11.287586100 -0.020740446 0.617222333 -0.782604598 0.078335611 0.010830632 0.196054451 -0.493262735 0.593029675 -0.318388904 0.907171061 0.265051511 -1.284625020 -1.006188359 -1.236773812 3.205231724 -0.511781470 -0.302616022 1.254350552 0.275467826 -2.322738841 0.226704739 -2.542380958 1.302057663 -0.635370218
-32.768436248 -0.848014838 -13.007010780 -0.224610634 0.094760595 -0.906719514 0.344136913 2.832567896 0.859971063 0.294593410 1.651176864 0.791517387 0.365534408 0.507963372 -0.597245288 -0.897275250 1.311701148 -0.014230885 0.760289878 -2.140381622 -0.768586682 0.357720928 -0.300022913 -0.276280506 -0.332478666 -1.895911344 1.234933521
-32.079410724 4.331078155 -7.481756636 -0.216952770 -0.625128173 -0.609472547 -0.436680062 -0.286401473 0.031260321 -0.035600206 -0.695502850 -1.427785606 -0.373316889 1.280799695 -0.195987212 -0.014167441 -0.662868322 0.188023317 0.243249823 -0.777653552 0.771188881 -0.296837586 0.232357660 -0.872910467 0.115798566 0.006954307 1.663479488
-32.010630954 5.027347709 0.143854477 -0.447747647 -0.440322311 0.774140216 -0.079656968 -0.222718490 -0.128933975 0.019021185 1.520738321 0.252792963 0.296511505 1.911720687 -1.808617736 0.412481573 0.161592253 -0.694557998 0.141334122 -0.436600243 -0.428665224 0.996906310 0.771977865 1.239171549 0.033929818 1.057102846 0.008318531
-27.895017605 0.741454645 -4.124896299 0.225318742 0.503695071 0.450199941 -0.702027601 -2.680909939 1.348376076 -1.098467486 -0.952528494 -0.569645589 -0.331721859 1.224983033 -0.232075369 1.138985004 -0.747855919 -0.898581490 0.413184294 -0.500860908 1.862949111 0.224509664 -0.973416203 0.346142834 -0.976818247 0.444465189 0.176337908
-37.984524842 3.924128294 -7.348024906 -0.657662957 0.325399119 -0.274023008 0.621696259 0.225794759 0.665272736 -0.236116951 0.210970827 0.861311441 -1.057815737 -2.908457985 -1.302006926 0.523333458 -0.911326896 -0.107120802 1.012566932 -0.740263205 -0.478120361 -0.361824227 1.022995733 0.355440981 0.723132323 -0.013142071 0.557688807
-30.186296929 -6.880299219 -9.604203353 -0.486520667 -0.125315967 0.238193098 -0.831178439 1.373525579 -1.417153860 1.200151224 1.364585771 -0.382826938 1.464580964 0.433885994 1.293084092 -0.194705864 0.212969120 0.252393895 0.339581840 0.016781035 -0.688407017 0.065698690 1.879495427 1.851187251 0.032650614 0.969153668 -0.177532394
-35.000371958 10.611154003 -5.511295465 0.760741130 -0.599140755 -0.232015107 -0.092044984 -0.302118245 0.821285410 -1.589599827 -1.786085517 0.881665108 0.340629289 0.392749144 1.131832239 -1.938716801 -0.141354646 -1.173059309 0.711789699 2.535040039 -0.378153131 0.143784321 0.861269249 -0.363623695 -0.188366539 -0.423408566 -0.579803565
-31.991663043 11.561328026 -6.256627509 -0.101239434 0.892563322 0.385342457 -0.211169326 0.564502382 -0.907290846 1.387518403 0.249646885 1.873454907 -0.074312525 0.665246611 1.392531635 0.653870671 0.956867406 0.925987991 -0.970447710 0.454946712 -1.182341706 -0.113828893 0.774894685 -0.102462002 0.943602315 -0.460664778 -0.828481655
-38.940818475 -1.493507982 -3.977275685 0.399705672 0.025073494 0.318338959 0.859224652 0.461295761 0.487641270 -0.594469508 0.748121423 0.858698488 -0.056196542 -1.134601447 1.278851529 0.556686442 0.707073148 0.358187922 0.077416885 -1.219240423 -0.295098847 -0.408738323 0.372688860 -0.547071335 2.626280980 -0.076912047 -0.251944422
-29.868757490 -1.229176938 2.289033242 0.651997889 -0.061764688 0.231915131 0.719235183 -0.647092910 0.375873416 0.036456196 -0.373090002 -0.915671949 -0.606255210 0.846314881 -0.433167885 0.058212365 -1.417082479 -0.521534263 0.197963626 0.097527688 1.330737619 -1.036337378 -0.153657491 -0.043714563 0.640272185 -0.004698857 0.695166607
-34.285079502 5.839256751 -3.409692960 0.492504038 -0.590621714 0.629372987 0.111782855 0.172948398 -0.994333735 0.442045234 1.943667945 0.503148366 -0.341939409 -0.176636724 0.258134549 -0.042736721 -0.955640222 -0.134000950 0.836123490 0.060726845 0.777654627 -0.488316451 0.419912758 0.429690586 0.346261363 -0.179838422 1.618778936
-36.060005859 -3.587563369 -5.674971929 -0.748376390 -0.085590460 -0.495931111 -0.432040953 1.115851222 -1.112228755 1.228609748 0.511406770 0.365522376 -0.503050058 -1.283268646 1.006002736 -0.963194259 1.461216006 -0.770055142 -1.327260115 -0.726610091 -0.261089295 0.870380991 1.172757644 0.426125811 0.814134584 -0.477500328 0.106657075
-32.108629942 -6.482910591 -0.815644868 0.687585432 0.549593563 -0.453153989 0.140800038 -0.689006869 1.350014329 -0.571645151 0.176655527 -0.738755605 -0.287362329 -1.650043059 0.032174543 -0.203006009 0.310318737 0.240289207 -0.943940558 0.059964337 -1.008957822 0.116457431 -0.862035373 0.759578085 1.461666521 -1.547720589 0.368892943
-25.999843607 5.945333780 -3.756872570 0.260712322 0.707912949 -0.177821569 -0.631876436 0.123279300 0.441031542 -1.918194474 -0.444918639 -0.653795686 -2.032244004 -0.667632334 -1.252906556 -0.309535890 0.996584756 -0.694925643 -0.075616604 1.052819146 -0.127281216 -0.472068352 -1.499123352 0.556567606 -0.202165950 1.229033604 0.337376868
-26.068111741 9.550988661 -4.775037162 0.451338958 -0.091072219 -0.210019304 -0.862491094 -1.526892275 -2.434700891 -0.724101849 1.179599355 0.870484776 -1.636865162 -0.694950580 -0.109529801 0.664590260 -0.255912745 -0.666693026 1.680186946 -2.216849907 -0.274384560 0.815051066 0.762700861 0.281515821 0.178032895 -0.650108242 -1.106632143
-34.296865432 -1.512076811 -4.386975701 -0.256516057 0.309776885 0.070212997 0.912857015 -0.576836865 1.472469948 -2.256028004 0.484546497 -0.759454695 0.421688581 -0.067854427 0.035318571 0.763434874 -0.422929949 -0.968587936 2.050665826 -0.655671225 -0.428022742 1.406308549 -0.870276168 -0.369718314 0.308798493 1.686783947 -0.575813775
-30.063772764 3.286240738 1.570606667 -0.081779093 -0.199919469 0.555465652 0.802995825 0.153665592 -1.642513115 -1.705324382 -0.617253485 1.333721706 2.010122733 0.193355116 -0.737842268 -0.104113966 -2.394491862 0.010414231 -1.610394582 -0.236703103 -1.159681412 0.922236465 0.257452145 0.433947879 0.391433532 -0.921904690 -0.729005876
-34.858545019 1.623801956 2.422545376 -0.801486430 0.539450659 -0.206399679 -0.154956967 0.712310670 0.398037398 -0.130625019 0.022878640 1.342920980 0.779907430 -0.121492605 1.354479997 0.501483366 0.045990080 1.000578272 -1.344391440 -1.481594911 -1.830280486 0.129593726 0.289188684 -1.397651875 0.315593991 0.536494171 -1.600944026
-38.806750184 3.808734365 -2.433766054 -0.749754317 0.185689408 0.520691552 0.363686976 -1.100573617 -2.145004135 -1.773214693 1.098731484 -1.234241094 -1.687931311 0.011986383 -0.245525754 -0.559479917 0.502467575 -1.201405516 -1.904536936 -0.720700955 1.154749286 0.021768761 -0.438428902 -0.879920057 0.496282317 1.198391847 -0.368295851
-27.253682332 -3.417991876 -8.721220684 0.248355310 0.958835963 0.086157826 0.107378141 -1.506349343 2.819030122 -0.361144101 -0.187843741 -0.616239786 -0.446012311 -0.080447402 -1.344412718 -0.162040705 -0.048582656 -0.110118748 -1.563924897 -2.606179415 -0.904294640 -0.624606381 1.055145486 -0.453080801 -0.193891171 -0.210541072 -0.191801697
-24.689764235 5.396698026 -6.820405176 0.283033119 0.499730173 -0.818631114 0.002260070 0.609585836 0.335211026 -0.038453097 0.098841538 0.642752745 -0.009411910 -0.566141194 0.871866055 1.578792569 1.054516221 0.171496636 0.556240525 0.331590624 0.145248728 -1.152575029 0.842317913 -2.556035030 -1.680758620 -1.812092727 0.869303348
-30.746955096 5.529173042 -3.954771122 0.469010196 -0.732861673 0.410581792 0.272700926 0.376146267 -0.307079980 1.353252264 0.055518184 0.916368352 1.407575921 1.084002739 1.473815713 0.593605586 0.559517925 0.884882266 -0.827452705 3.152924027 1.443538208 -1.071582129 0.955333819 -1.073132781 0.229882469 1.454455885 0.863374487
-30.749922109 4.376292616 0.796993027 -0.764881872 -0.246382470 0.354382187 0.478188944 0.610853788 -0.423678758 0.577222240 -1.146215261 -1.821108773 -2.022165816 0.993737253 -0.732401714 0.951183548 1.129443545 0.242958655 -0.946246083 -0.692329659 -1.618892197 -0.550427256 0.018417532 -0.563014215 0.568424876 -0.459746319 0.117930159
-29.517495531 -2.526156100 -1.451929726 0.259953416 0.453773184 -0.444089627 -0.727529052 -1.248599808 0.945038697 0.953223123 1.469206824 0.753296063 -0.903623136 1.145422756 -0.007859134 2.120798751 0.732498035 -0.983189359 0.123395386 -0.987804034 1.435372942 1.644950922 -0.548744260 -0.491987063 -1.181294809 -0.116158043 0.301977429
-36.552134222 5.260059034 0.032184357 0.669947062 0.497132265 -0.517278328 0.190928199 0.189780857 0.529216191 -0.636449089 1.288001644 1.286506097 -1.195367490 1.954471831 0.542894137 -0.488102072 0.435940326 2.273931344 -0.527522436 0.519965843 -1.368186358 1.284398192 2.007658743 -0.379723355 -0.504492697 -0.106536210 -0.849779786
-37.882908177 7.542456423 -5.495775864 0.058409643 -0.858383027 -0.503244781 0.080694379 1.358840085 0.155874158 0.039018346 0.119954625 -0.468183792 0.369341801 -0.017927121 0.225913645 0.229852723 0.705555224 0.506586777 0.472540341 -1.114642755 0.412137746 -0.632372644 0.665650003 0.175445003 -0.864585951 0.153789065 -1.335540481
-29.191203821 7.325916529 -9.739934269 -0.076832244 -0.804253833 -0.178203413 0.561708218 0.302868450 1.035932666 0.074380849 -0.479105856 1.059262061 0.655123746 -0.818692159 0.475849385 0.873823070 -1.441252570 0.235929057 2.364875479 -0.095067807 0.421518309 0.907790133 0.311911344 0.321015092 -0.225951539 0.853758108 0.380992821
-35.371385477 -5.613369044 -5.257563182 0.437266254 0.771856756 -0.061335973 0.457463954 -0.435797003 -1.799846866 0.987728195 -1.471790319 -1.321653669 1.389658306 0.567121812 1.569212978 -0.431537690 0.468395082 1.107660580 -1.219730865 -0.142415840 -0.873977856 -0.375158622 -1.270627564 -0.671623001 -0.307440331 1.958051892 -0.124299700
-27.429816291 9.509434895 -3.692215639 0.516129209 0.046311410 -0.813050623 0.265357451 0.500647753 0.130447402 -0.398090251 -0.263071765 -0.211686339 -1.937348441 -0.212934909 1.055605343 -0.635861798 -0.273056741 1.206277111 1.713339908 1.533701381 0.028612245 1.092056891 0.989466626 0.156835024 0.972170402 1.234137984 -1.451300043
-31.803652996 9.943114403 -1.941545883 0.051666150 -0.730500270 0.649334409 0.205097025 1.079301390 -0.256228594 -0.626697012 1.784528027 0.015337175 1.399647313 0.370197114 -0.458906933 -0.739816562 0.971499262 -1.903664929 -0.447982161 1.240027888 1.928906322 0.978314863 -0.916061450 -0.870629607 1.484328693 1.167035545 0.339678539
-38.579638814 3.244484982 -5.776604825 -0.023730407 -0.659441664 -0.615364400 -0.431161472 -0.499993782 0.690882302 0.172232520 0.794197820 0.481181356 1.088136078 -0.217749770 -0.055945504 1.103473196 -0.181278582 -0.241929909 -1.314083128 -2.227092785 -0.590693448 1.539996412 -0.685872172 -1.430016963 0.245873094 0.201597226 -0.887491759
-35.674051217 10.146088083 -3.534181794 -0.936119082 -0.210625275 -0.086109248 0.268147823 -1.236400291 0.676862193 0.350617306 0.048367296 -0.545256817 0.422877829 1.687613198 0.157431069 -0.366011385 1.033499774 -0.525475450 -1.356500029 2.964460228 0.859461271 -0.407085413 0.552129070 0.865320343 -1.956605314 0.047532324 -1.498495291
-32.845204989 -5.740359466 -3.136306500 0.399620721 -0.325434213 -0.845115241 -0.142042533 -0.213992466 0.314899336 -1.204442452 0.047981550 -1.394813007 -0.042376004 -0.153798220 -0.131611294 -0.626763297 -0.022905713 -0.412574008 0.848497381 -0.108969755 0.909209558 -0.440370747 -1.056632135 0.325241832 1.819317251 -1.308318465 0.939834621
-33.461824976 -4.197889645 -2.947313065 0.461608669 0.059616793 -0.147883464 -0.872636096 -0.780316443 0.087367663 0.325192134 -1.404028561 -1.024776435 1.825400654 0.821424253 0.214668402 -0.510938314 -0.545270429 0.424671595 0.640890765 -0.580302611 2.117044539 1.575677712 0.022320584 -0.977959739 -1.237863287 -1.296017362 -0.059168398
-26.494035449 1.964669417 -2.860366881 0.585879617 -0.614695215 -0.151590552 -0.505880591 0.615415765 1.507262533 0.068942691 -0.687580637 0.487792509 1.055150369 -1.392429808 0.505528293 -0.563837733 -1.236951427 1.081628763 1.844581184 -1.841581925 1.443320741 0.678424243 0.111493483 0.584815010 -1.174312207 -1.536626256 0.181170264
-29.376458288 -4.698959971 -7.296397016 -0.695823172 -0.608137858 -0.207766728 -0.320673425 1.461599978 0.730662610 -0.076294233 0.254044675 1.204313924 1.783479709 -0.340090232 -0.386510440 -0.711444552 -1.632015123 -1.747083053 -0.529464663 1.263794121 1.480748837 -1.073250829 -1.675504805 0.057540283 0.411823081 -1.083254779 1.144098436
-35.558829681 -2.150817252 -3.396802405 -0.063073621 0.158444902 0.933185752 0.316356261 0.422739494 -0.503862132 -0.511380269 0.145845266 0.193888679 -1.725470770 0.276482116 -0.372783871 -0.035394595 -0.005572280 0.450482556 1.618681261 0.685679919 -1.271219190 -1.713286443 -0.557823529 -1.278656806 1.068651797 0.618433287 0.578697409
-41.133079290 1.675160642 -7.587989095 -0.090720821 -0.530702354 0.710908675 0.452474971 -0.607932640 -0.599106991 -1.621631585 1.979965843 0.835915102 -0.699374538 -0.191466271 1.805574418 0.989715570 -0.102446340 0.911121867 -0.468402084 -0.510030524 0.487240718 -0.518767184 0.089534131 0.586580550 -0.006523144 -0.946727418 -0.380245556
-31.533630255 1.495189502 -10.897128220 0.116839988 0.636521232 0.740127913 0.182756150 -0.958522129 -1.073286794 0.335936125 0.172479703 0.208028779 -0.579171731 0.336720576 0.671638580 -0.340986450 1.035157263 -2.519994805 0.016207409 2.449194304 -0.127038430 1.381866834 -1.500372136 0.771820905 0.197178136 -0.671099902 -0.357282810
-30.562765997 2.872144192 -7.449643208 -0.860373932 0.138444613 -0.066708637 -0.485942120 0.115300900 1.777785872 0.162483410 1.386787669 -0.537462130 -0.575597685 -0.754067184 2.462927070 -0.485008446 -0.286298822 -0.041801605 -0.135475064 0.043928355 -1.004859970 0.689942503 0.233563831 0.094089438 0.642496439 -0.070407569 0.265497113
-27.155643725 7.360666355 -11.995863214 -0.346400470 -0.810531909 -0.454786451 -0.127334297 -0.079960373 0.620569224 -0.238385882 -0.408830126 -2.234535030 -0.275186546 0.071755101 0.368365708 0.080316441 -0.696621570 0.709346165 0.835743321 -0.764917079 0.088313758 1.410076850 0.214008056 1.230168918 0.279189745 0.664378820 0.252961611
-31.414553933 4.398807088 -8.703937567 0.938213095 -0.264886249 0.179999069 -0.131117499 1.782959441 0.495471007 -0.569778508 -0.834904892 1.744014596 -1.281419842 -1.173692672 -0.199268078 0.765741010 1.242488644 -1.762452650 -0.951971219 -0.213120783 -0.743365099 0.062986446 1.307963494 -1.117444577 -1.123661144 0.425626636 0.535346156
-35.613744224 -6.472495592 -6.079689803 0.037032208 -0.110692020 -0.881289146 -0.457935948 -0.224594032 0.054460496 2.090101826 0.241198753 -1.132610548 -0.775605948 -1.229170597 0.480846968 -1.855010587 -1.046918219 -2.343517937 -0.486360852 -1.163767206 -1.053041008 -1.295070481 -0.976778435 -1.260012098 -0.288526503 1.188454126 -1.890880990
-31.698956353 4.267395954 -0.399665638 -0.693984040 -0.295669829 0.043871716 0.655012043 0.654997776 -0.348918245 -0.824321241 1.362635683 -0.791843067 -0.718046491 0.750166342 0.506528629 0.477619834 -1.092055993 -0.713755284 1.438579265 -0.044431612 0.564048104 0.708075995 -0.567434629 -1.283849269 -0.812174715 -1.838675801 1.299272914
-29.040294816 -3.058429476 -8.116237682 0.832297452 0.463330314 0.196708324 0.232189160 0.270749573 0.980146147 0.211054146 0.121727929 -0.881503487 -0.958544570 -1.168138340 -0.448140973 0.195579486 0.011450550 0.383915828 0.420671772 -0.013632478 0.529574110 -0.933274142 0.828037856 0.462478587 0.224436060 -1.281284714 0.387853754
-32.101487392 6.672008039 -4.520874083 -0.136905367 -0.515746428 0.666225087 -0.520967058 0.218733943 -1.198888036 -0.150298254 -0.985037720 -1.751019566 1.012966394 0.609044492 2.507556783 0.828868643 0.579525209 -1.264908309 1.135325826 -1.508043538 0.059255642 -0.831238227 0.524434677 0.088905360 -0.232189400 -0.833481423 -0.956187542
-29.571720695 -3.156738447 -13.419789476 -0.714432454 -0.535804940 -0.187300724 -0.409167170 1.234256285 -0.065760858 0.346906699 -0.076912008 -0.856518223 -0.967292574 0.316843465 -0.721932757 0.010230877 0.290089166 0.503265409 -0.443690678 0.941788671 -1.147976135 0.945188245 0.472766950 -0.195531083 0.552000420 1.232511770 0.405358977
-25.312031824 3.963121745 -1.654464213 0.197366109 -0.848214054 0.225759871 0.436591363 -0.112157397 -0.888833592 -1.629941306 1.198880469 1.088638824 0.211137028 0.591366297 -1.005105349 1.165807544 -0.654009472 -0.239664208 0.003453051 0.779339003 0.171815847 1.956162267 0.662004747 -0.338573706 1.374306078 -0.067992685 1.866576623
-33.622054271 3.298500589 -8.560547502 0.134681511 -0.635002389 -0.760532022 0.014963295 0.450643381 -0.600267344 -0.103392742 0.427335753 -0.895234872 0.768547548 -0.578974171 0.222482948 -1.432723877 1.782675567 1.462985943 -0.725165625 0.321088993 -0.591834893 -0.078578006 1.052708947 0.849339442 -0.598905895 -0.279017929 1.010123719
-35.175646532 5.872353104 -5.363337906 -0.160016667 0.262524743 0.805560866 0.506504805 -1.525532562 0.637792201 1.548915100 -1.035846030 0.361933777 0.660978649 0.182206507 -1.871053303 0.610539378 0.428391168 -0.668844496 -0.344662807 1.102605727 -0.723900346 0.031757902 0.822992543 0.354073391 -2.125062158 -1.421487161 2.738715416
-25.947362469 -3.045740215 -9.647013805 -0.796114387 0.201967690 -0.569647650 -0.030207431 0.334411368 -0.196027039 1.200146255 0.962145896 0.088304837 -0.992447114 -0.707399774 -0.816370924 -0.427261985 1.212293803 -1.206668642 -1.217476972 1.080170451 0.625784669 1.414232246 0.712089802 -0.703096989 0.026216018 0.765572136 0.073787389
-32.861009274 1.311761333 -5.526588614 -0.072992165 0.157582786 0.747986370 -0.640590509 -0.815663682 -0.323509513 -0.311352900 0.531909783 1.573899088 0.932108114 -1.043060564 0.310434295 0.728648215 1.903680486 -1.166937360 -0.254669533 1.165169358 0.009680252 -1.030395163 -0.843601763 -0.522370158 -0.645526985 0.784275453 -0.323904712
-37.926892295 2.449717793 -9.560807444 0.914295753 0.376020769 -0.128491318 -0.078496110 0.900486781 1.779941995 0.166099261 -0.418851751 2.115964479 -0.317707743 0.915970248 0.165929252 0.680270733 -0.812395561 0.127126154 0.648515367 -0.054486790 -0.184484274 -1.417596913 0.564398362 0.200502667 1.440329696 -0.434237413 0.035921319
-38.512801417 -5.033621964 -6.143385020 -0.666998723 0.442019553 -0.559007837 0.217351457 -0.260107447 0.274972265 1.735868225 1.718053166 0.724987835 -0.467814989 0.268031272 -0.282907800 -1.625667185 0.648096932 0.495530307 1.342736689 -0.297072009 1.744070028 0.469801314 -0.743232895 1.564031561 0.883384486 0.171150223 0.083558822
-32.236987435 -3.845034826 1.344761120 -0.596571931 -0.014774426 -0.651106187 0.468982282 0.108475126 1.478900390 -1.582076769 0.782355072 -0.193904934 -2.052898321 -0.440643938 1.125483394 1.032608493 -0.031267023 0.748899868 -1.325627185 -1.178786765 1.506279457 -0.124226453 0.090813989 -0.805259646 -0.708813635 -1.024472861 2.082054229
-25.763622719 2.848844232 -7.922489412 -0.504583612 -0.458199410 0.005418796 -0.731723524 -0.325779087 -0.273006513 0.768328064 0.239226261 0.062674343 -0.255103240 -0.198205749 0.492908844 0.763325954 0.922629687 -0.205668894 -0.891758421 1.310137479 -0.045755129 0.963692588 0.120198389 -1.168908446 0.335003243 2.578945857 1.486644226
-35.087658700 3.281418722 1.568776549 0.753936665 -0.214463033 -0.585600785 0.206535306 -0.209935015 -0.381574163 -0.420229658 -1.364042759 -0.437491002 1.266478381 0.771060742 0.231040328 -0.021415145 0.093313278 -0.598257430 0.484032116 -0.391280237 0.633092963 -0.099332097 0.549188308 -0.293718804 0.267924466 -0.482791427 -0.397522954
-30.143236663 7.494041623 -7.459781437 -0.488683583 -0.592850126 0.576791798 0.277539737 0.993123654 1.703203341 0.630617101 1.408183665 -0.022921536 -0.170935281 -0.660994487 -0.992217911 1.290341934 -0.142998529 -0.801734186 -0.737069270 0.975491021 -0.133505698 1.520955720 -1.721447726 0.441299996 -0.435182841 0.474618921 -2.538386228
-34.201325184 -3.086205036 -3.602116537 0.313432161 0.055499655 -0.777774579 -0.541984108 -1.117188419 0.847475423 -0.883298791 0.356047926 1.181465233 -0.950038496 -0.620087161 0.412497861 0.879734971 -0.299088600 0.691069054 -0.655540296 -0.663792269 -1.674098370 0.439622059 -0.979007478 -1.123791802 -0.307759362 0.345692694 0.355602335
-27.106390072 8.310191468 -6.899294192 -0.132681693 -0.958942304 -0.081641610 0.236980746 -0.074742282 0.727223578 1.540381814 -2.093381569 -0.285096929 2.270763308 0.075901959 -0.372766972 -0.997918281 0.747144449 0.883323473 0.419256845 0.448982236 -1.169722426 1.597303433 1.488841058 -1.319428954 -0.187086516 0.587298768 0.451283568
-33.732842991 4.308802919 -13.011283307 0.819940302 0.424633361 -0.308703585 -0.228224684 0.367123813 0.030372522 -0.784453215 0.053930210 -1.019764958 -0.371231185 0.662185062 1.115363316 0.293226810 1.364989650 -1.042314038 -1.094618129 0.978177400 -0.691938391 0.372307151 1.993254183 0.175269565 -0.416295360 0.724389668 -0.590760822
-35.015788066 -2.956098160 -6.821240735 0.330878876 0.368844416 0.019897905 0.868376093 -0.282110118 -1.267891585 0.599045846 -1.600830191 0.103862863 -0.888898795 1.259731034 0.511330327 -1.448812960 -0.891611528 -0.933214110 0.605679046 0.324301422 -0.277300206 -1.887097590 0.783397792 0.855615941 -0.691996400 0.139070581 -0.195362973
-24.068048916 -0.939385913 -10.453107667 0.115825076 -0.687750843 0.256355861 0.669227168 -0.393289097 -2.019684327 -2.477319021 -0.403535454 -1.237271645 0.140253026 -0.300235622 1.444663870 1.818546943 -0.208175628 0.767820253 1.076119185 0.072283328 -0.277348723 -1.180880717 -0.339388469 1.029898899 1.223239159 -1.018166895 -0.034083840
-26.277526760 -2.369178417 -5.740759185 -0.372496571 0.542900224 -0.629297240 0.412905117 -1.968022581 -0.118086870 0.239737399 2.436104815 0.771038589 0.127341361 0.226063221 -0.658496962 0.329635167 -0.928365703 1.025421746 -0.694830926 0.439004003 0.557364766 -0.867892378 1.299402338 -0.052954515 0.647800255 0.122748532 -0.656615874
-31.831233189 -1.357162927 -14.808539847 0.477828727 -0.087308593 0.653923797 -0.580034985 -0.258273389 -0.245877702 -1.257262347 0.618984160 -0.231390502 -0.562410422 -1.732918743 0.280855775 2.237295665 0.341184782 -1.575483051 1.202685333 -0.328373319 0.586827490 -0.642941527 0.398938625 0.045610181 2.108250624 -0.565853953 1.608000681
-38.130412844 1.894617847 -5.121946747 -0.649925634 -0.182002709 0.390056815 -0.626360412 -0.550253258 -0.744731593 -1.610133693 1.114719435 0.326442998 -0.838567939 0.646179164 1.155985740 0.691784823 0.641330551 -0.617724540 -1.556960633 -0.256988844 -0.531159619 -0.967869934 -1.287529572 -0.254890816 1.331991802 0.272250130 -0.884409524
-36.351815712 -5.730385214 -6.427740379 -0.644084107 0.683654063 0.259419728 0.224664616 0.545648326 -0.008813428 -1.723446736 -0.042243791 -0.136043792 -0.049179677 -0.230644054 -1.711643796 0.295489749 0.129529563 0.490200699 1.032248169 -0.506144661 1.728188477 -1.160004658 0.893342376 0.956148788 0.853584971 1.285468413 -1.327217149
-27.010785087 1.546000271 0.407552922 0.489601964 0.202310428 -0.847121829 -0.041773362 -0.943665911 0.875080877 -0.515379409 2.842464415 1.242074461 -0.073344484 -0.876390770 -1.988474214 1.923419329 -1.511245746 -0.273497662 0.877196343 0.375561479 0.979520576 -0.188637822 -0.323857528 -1.184837988 1.352690273 -0.861138122 0.013742806
-32.744141845 9.782511301 -1.529636271 0.314394771 0.307169080 0.780391251 0.444738776 -1.425164311 -1.485464264 -0.355324908 1.412252755 0.543584387 -0.788952040 0.025370639 0.927389535 0.009529166 0.895585967 0.274538664 -0.511520850 0.259627291 0.519790023 -0.001870116 2.242595609 0.277717179 0.648081003 -0.372250534 0.173926114
-32.480766085 -7.835148324 -9.307355442 0.213679851 0.710123878 0.557768419 0.372772571 -0.092056977 0.045495020 1.169430322 -0.565726969 -0.683687895 1.345698536 -0.420524996 -0.103446252 -0.934025940 -0.238755052 -0.530554660 -0.170679984 -1.015681171 0.504920925 -0.630828557 1.630783835 -1.082153526 -1.021597517 -0.114338098 -1.265341021
-27.282444631 -0.186917586 -2.835390595 0.114425606 -0.665124480 0.713385088 -0.188674117 1.176691589 -0.285785531 -0.512465179 0.446359141 -1.043680657 -1.162261152 -1.155657236 -0.023965257 -0.128477509 -0.671403105 -1.423276886 -2.181368768 -0.451304057 2.345920384 -0.138817401 0.296251522 0.736554017 -0.151192292 -1.829445060 1.105987125
-32.850578205 -1.207932434 -2.265238865 -0.142390746 -0.906984818 -0.186752990 -0.349609405 -0.139090260 0.165417364 -0.459100778 0.955481453 -0.877791194 -1.233054416 1.222035142 0.062046924 0.920349060 0.111356190 1.425091471 0.548731416 -1.128600589 -0.566643800 0.190545425 -1.151326500 -0.804913783 -0.524297150 1.063989543 2.739759918
-33.034442940 0.237279190 2.048245155 -0.044849450 -0.056243942 0.200713030 -0.977005335 0.131708901 -0.629203493 -1.217866096 -0.114486690 0.763485399 0.510313186 -0.137074131 0.702719775 0.270385551 -1.336916007 1.032554037 2.378917630 -1.050495725 -0.175256969 0.072027788 -0.078519194 0.206168310 -0.444518663 1.080684438 1.346752168
-31.685793681 -1.623088424 -3.155528261 0.437515890 0.276726158 0.273937112 0.810531269 1.318832628 -0.774171803 -0.056400599 -0.318732606 -0.062099678 2.670905466 -0.760258817 0.154609614 1.204667695 0.746131706 -0.259630300 0.243378250 1.181973114 -0.053662457 -0.221085865 0.577579942 -0.536392812 -0.347267244 0.747280547 2.393303583
-32.524677657 -4.673067220 -3.987091448 0.563946750 0.038244345 -0.809552336 -0.158513243 -1.882195190 0.071972946 0.974992903 0.286187178 0.110753436 -0.736393446 -0.407425966 0.884318757 0.285279127 -0.985367380 0.407963496 -0.825446463 -0.435751819 -0.821073234 0.017348659 -0.643167708 -1.143107106 0.735521895 1.084617596 0.437867220
-32.550437897 0.964324132 -1.792983498 0.481209019 0.849532899 -0.145971843 -0.159448909 0.294980113 0.430190524 -0.584148715 1.208540704 -0.049980760 1.967333299 1.144598787 0.731804447 1.346556987 0.507025677 0.192442566 -1.227192733 -1.695471128 -0.082486700 -0.831164062 0.047591530 -0.599887113 -1.016430169 -0.126716248 0.111882653
-34.533750810 -1.416756272 1.768608551 0.150160360 0.834835993 -0.529482316 0.012215021 0.061651365 -1.389354357 0.105092016 -0.499008114 1.509024609 0.573885649 0.613440561 -0.995165881 0.061500190 -0.940592168 0.964180977 2.139886100 -0.085298854 -0.776153929 -0.130482668 0.398257280 0.501707109 -2.737292291 1.222624704 -0.556618133
-29.197325366 -2.280189793 -8.232858894 0.154045494 0.942977361 0.105644408 0.275504886 -1.017240491 -0.763662782 0.393416853 -1.022566810 0.902938887 0.501694915 -0.931717725 0.570257870 0.150325385 -1.062137536 1.678230719 -0.306213679 -0.141431417 -2.476703222 0.618276824 0.448540851 -1.794630913 0.737588008 -0.904300348 0.469491798
-36.147869149 6.229480325 0.231563947 0.471309202 0.594208224 -0.648015139 -0.069718016 -0.905961981 1.014176736 -1.118409076 1.859063440 -2.423802387 0.019775731 -1.279356945 -0.782188080 1.221684376 -1.354966387 0.768765399 -0.405111927 -1.506050105 -1.239815093 -0.315077216 1.516770703 0.775869015 1.240907123 1.638338449 -0.739129194
-32.234863866 10.646617256 -8.986313632 -0.233395887 -0.823523882 -0.508366629 -0.094329993 -0.423499509 -0.590775131 0.532401592 0.082208961 -1.842923680 0.260719953 1.712905403 -0.035811200 -0.544265461 0.765346641 0.996669560 1.135983401 1.136236984 -0.062612975 -0.099065842 1.820236909 -0.343818645 -0.491019067 -0.588327374 -1.304654411
-24.457376281 -3.069952862 -10.225979677 -0.203263658 0.121940743 -0.394703975 -0.887706659 1.452584593 2.282504038 -0.014669541 0.640307955 -0.447099285 -0.918514641 0.258119945 0.646763113 0.145059212 0.889913670 0.246746277 2.027426687 -1.496460811 0.587710679 -1.632550997 -1.078703371 -0.928502142 1.334801686 -1.987578143 -0.367547282
-25.421183096 4.077453018 0.425661267 0.290617560 0.657649641 0.118613770 -0.684813228 -0.583420208 0.343253435 -0.581064599 0.786297313 -0.442175939 -1.422045230 -1.738635445 -0.904750384 0.279373524 -0.367755920 1.098997337 -0.039700277 -0.777557726 0.645498667 -1.127943014 0.576634528 0.374773054 -0.069832362 0.087562234 0.006158667
-37.104925413 2.775869036 0.639313581 -0.253737293 0.234379074 0.185941978 -0.919842060 2.379245699 -1.183073936 -0.731704913 1.149332003 1.255361606 -0.460632914 0.677794216 -1.576939765 -0.236807801 -0.031964895 1.660626685 1.021731761 -0.388344571 1.754666669 -0.575606216 0.788588171 0.635405211 -1.033037766 0.674939083 1.573585588
-39.240310188 6.594771750 -10.255781130 0.739769119 0.033939458 0.220852930 0.634676096 1.422172325 2.451758285 -0.309176422 1.870351486 0.428034697 0.644110662 -0.393238670 0.961513768 -0.909954377 -1.399804542 -0.268035507 -1.530253236 -0.109436464 1.937474504 0.277076140 0.977123259 -0.085739450 1.003853861 -2.139220527 -0.493366541
-35.034885513 10.160858482 -5.387309304 -0.478843508 -0.213327296 0.810269667 0.262037069 1.848619225 -0.450435703 -1.091416301 1.978742279 0.830532407 -0.759175133 -0.993517376 3.308749752 2.737043784 0.788998066 -0.305233498 -1.082296004 0.395255965 -0.142327147 -0.490948252 1.516557881 0.769157306 -0.083418900 -0.809508117 0.740140532
-27.474500939 5.404046039 -2.295880484 0.635058523 0.748496541 0.185864650 0.043679872 0.511828856 -0.090648664 -0.757667587 -0.129831409 -0.577875019 -2.152985011 -0.807375578 0.174917669 0.623925334 -1.464779354 0.824561604 1.050083720 0.676976107 -1.136378821 0.734279807 0.498406284 0.204721501 -0.220364875 1.547180321 0.510997408
-23.864861528 2.334281690 -10.873976158 0.195963037 -0.025007805 0.881658615 -0.428545428 0.895357603 1.383228014 -0.867044227 -0.105232376 0.995833678 1.513635367 1.697439393 1.292407491 -1.296760047 -1.806782856 -0.721011255 0.251734821 -2.172375188 0.020705589 -0.352581492 0.238760624 0.031683951 -1.070842930 0.752909100 -2.272837510
-32.265634510 5.790578922 -4.445109390 0.350469924 0.745789698 -0.354554910 0.441881630 -1.241506160 -0.636842082 -0.845265351 1.449760932 0.314799943 0.611036717 0.838792071 2.125490813 0.037615351 -1.014146511 0.653109202 1.664362225 2.058741709 0.115978638 -1.704882528 -1.527565590 -0.789571660 -2.369946579 -0.017710527 -1.113367845
-37.009112263 -1.930134474 -9.196929898 -0.790599211 -0.304903178 -0.496340742 -0.188766541 0.437486307 -0.869320648 0.281151690 0.244308622 1.168306063 0.795049480 1.282670647 1.027244821 -0.341733492 -1.255590937 0.112680471 0.751503224 -0.791359882 -0.824180118 -0.240314081 1.090265399 0.470828714 1.130407049 -0.232966536 0.401763674
-36.773287071 0.552820934 0.529863884 0.193859229 -0.874186012 -0.131597061 0.425322971 1.081294559 0.490011402 2.716429757 -0.736960760 -0.043277048 0.741061054 1.151150481 -0.604606807 0.781667062 0.598160789 -0.836234895 1.021514183 0.694779092 -0.861624199 0.684226738 0.593417712 -0.595559991 -0.516758230 -0.068789961 0.206470353
-30.448327938 2.677209599 -13.230579972 0.715955069 0.292792859 -0.248608941 -0.582987372 1.252124476 1.341875304 1.834715439 -1.012095292 -1.221450303 0.626043270 -1.551538129 -1.378330366 0.243960818 0.745530429 -0.495855459 1.023263070 -0.359131749 1.035730060 2.220414777 0.223689219 -1.552488972 0.709779725 -0.670190100 -0.610641332
-33.919600881 -6.716223318 -5.459861653 0.334146981 -0.012978741 -0.821256793 0.462292794 1.802997593 -0.592026934 1.330325319 -0.098889063 1.285838011 0.451821884 1.300600643 -0.608366826 0.023468135 0.834985653 0.677098577 0.207360660 0.958914285 0.416536380 -0.309889654 -1.792673948 -0.138063660 0.969991787 0.540377383 -0.503855823
-33.465797046 -3.621487969 -11.311509588 -0.590641476 0.503771269 -0.380935837 -0.502240026 0.031654781 -0.975797377 1.990755768 0.930532731 -0.957434112 -0.631488163 -0.592274188 -1.763318042 -0.674861563 -2.454366465 -0.834617717 0.543055275 1.530880111 1.759851536 -0.578967298 -0.405755614 0.053314621 0.500042975 1.746915037 -0.104135556
-38.418491744 0.369983497 -13.695298421 -0.914568460 0.312038001 -0.165419574 -0.197061369 1.222918026 1.275199443 -0.766027571 0.644615630 0.801503503 1.580124791 0.314780354 -1.958673894 0.494739755 -0.678141620 -1.828593744 1.915384244 1.294243104 0.235190799 0.218149696 0.241777603 0.262380540 0.354045675 0.906425617 -0.070532094
-28.235102912 -1.293178653 -14.762094305 -0.092877789 0.952737305 0.289237337 -0.002665961 0.281433434 1.400851228 0.980790195 0.268274241 -1.347365226 -1.334610883 0.931234028 0.721797852 -2.950581318 0.175293340 0.451600212 0.903489835 0.041919421 -0.785055899 -0.894814186 -0.568772874 -0.351694943 0.292952313 -0.865866406 -0.397157920
-31.761056349 -6.844417405 -8.321499217 0.879292560 0.137628155 -0.323533844 0.321292603 0.166682723 0.679348167 -0.323848628 1.450606483 0.634681121 -0.023080084 -0.582040250 -0.720108668 0.722071481 -0.933333389 -0.115173477 -0.586555221 1.234049234 -0.572907176 0.728192796 -1.798014974 -0.744047235 0.380711308 -0.386128372 -1.466051610
-39.331261431 2.475287291 -6.206932409 0.297140342 0.603053234 0.505803040 0.540553141 -0.020476621 0.120447664 1.302357573 1.184163107 0.509590119 -0.377012556 1.240763264 0.618052533 1.727476674 -0.618266833 0.939299018 1.106173463 2.295010304 0.049046912 0.086020972 0.120809747 -0.848985122 -1.340558235 -0.076399141 -1.048043553
-24.835266194 7.282363461 -4.789851955 0.373028478 0.132151357 -0.696716136 0.598307946 0.920014820 -0.274301685 1.062209016 -0.066668565 0.447563540 1.638730883 0.954657057 0.314693160 -0.746100880 1.074736951 -0.573277540 0.507599432 0.840661743 2.476462324 -1.242368129 -0.553254371 0.868132035 0.397231467 0.295729479 1.168190611
-28.155216561 -2.490993363 -3.171853584 -0.397745257 -0.614801925 -0.674779380 -0.092141692 -1.182769065 -0.421371008 0.566051320 -1.513666090 0.187937782 -0.437586675 -1.086165833 -0.149383019 -0.709100867 1.148515187 0.049038657 -1.056264328 -0.918827892 1.766891395 0.703559556 0.082950442 -0.760677998 1.358758782 0.540436326 1.121249419
-35.030849111 3.218930329 -14.029246368 -0.337390702 -0.073196175 -0.838726864 0.421125969 -0.072431269 0.734736705 -1.294126833 -1.068708072 -0.428810626 -1.142303751 -0.193745176 -0.116365880 -0.243181216 0.284081363 -1.759486148 -0.132855246 -0.082503192 0.695742750 -0.925345111 -2.362614412 0.438377108 -1.719869066 1.365459543 1.736865134
-34.775394499 -0.084702081 2.829951111 -0.034964084 0.957137225 -0.203188849 0.203421082 -0.123054803 1.024899559 0.042442054 0.131471882 -1.479795381 -0.677495652 0.598813952 -0.275604324 -1.293246518 -1.493786377 0.681225869 0.079675887 0.282534855 -0.279536130 -0.346087569 0.921505008 -0.458099070 -1.244608587 1.008822562 0.349208587
-27.099984442 -4.968607500 -8.788605427 0.014292449 0.708621185 -0.187117296 -0.680175609 -1.019568219 -0.309231219 -0.995981333 -0.145760766 1.908064797 0.341421246 -0.362978649 0.991111558 -1.145948211 -0.247762430 2.077816560 -1.292862705 -0.379981215 -0.031546749 -0.186083116 1.321666129 -0.105833458 2.776265029 0.381251999 0.003365682
-30.638731398 -1.303344434 -7.410934423 0.645633613 -0.490293177 -0.438352708 0.388093727 1.796593880 0.636251732 1.839837028 0.721358163 -0.016374306 -1.520550221 -0.021674708 0.107246002 1.382952745 0.165609775 1.130917788 -1.390617326 -0.740054757 -0.537354727 -0.582325599 -0.833488446 -0.186113612 0.700861727 -0.703413358 0.211695230
-33.177875382 9.336290638 -0.844236394 -0.286035405 0.191924971 0.741410608 0.575898309 0.650075178 0.865787237 1.466617987 0.631877975 0.568878186 -0.029874083 -0.980456924 1.639636595 -0.288168388 1.047248182 -1.654798836 -0.734770655 -2.198308778 -1.573151734 -0.101214084 -1.296107914 0.723080258 -0.033190380 -0.742489476 -0.210014830
-27.610531420 5.279016887 -2.389079998 -0.717332641 -0.456687940 -0.480528005 0.214389468 -0.951646142 -0.899500803 -1.709870422 -0.529282210 0.327648740 1.570307269 1.552434845 -1.925205771 -0.361158903 1.334083396 0.991076322 -0.669204943 -1.159947184 0.324112575 0.273234581 -0.170214731 0.096210176 -0.044333751 -1.015082379 -0.901303972
-40.275190541 1.990351840 -3.652860870 0.746714812 0.164760023 0.310813693 0.564505069 -0.401202757 -1.774947969 0.354930171 1.609268653 1.974819161 0.217946286 1.108193817 0.149982145 0.571704448 0.305461395 0.187583176 -1.399445933 -0.954855480 -0.512057393 0.742085671 -0.930260419 0.333029084 -1.280874873 2.585415377 0.556090913
-24.179364065 -2.642839217 -9.171380141 -0.445861934 0.303396979 -0.505371948 0.673614580 -0.940751887 -0.140232867 -0.181334791 -0.010796817 0.978633026 0.153493619 1.359625656 -1.692672741 -0.367136083 2.085425995 -0.099906446 0.803374677 0.085465559 -0.689824494 -0.404339877 -0.062214603 0.473697477 0.523689772 1.240370572 -0.741572091
-35.806037252 8.219233976 -4.796314826 0.054646198 -0.627471215 0.706981730 0.321668308 -2.689298535 1.034093846 0.851489457 0.424431351 -0.195885824 0.743431923 -0.278978766 -2.103948662 -2.138866288 -1.690473353 -0.707382975 0.589768222 -0.162179274 0.644126232 -0.652227327 -0.180676429 -2.305047457 -0.723917043 2.631905946 -1.436432529
-31.122079237 -7.800449825 -6.157582388 -0.347095324 -0.754726443 -0.532933796 -0.160917374 0.493576881 1.264336481 1.489389573 1.111233038 -0.148575700 -1.120478998 -0.523289335 -0.208807939 0.424133702 -1.391149195 1.116398420 -0.545417795 -0.151667913 -0.266829166 -0.270325926 -0.152489580 -0.201751675 0.129825481 0.193570062 0.596419096
-34.728094105 10.514104703 -7.614729550 -0.137307349 -0.119464794 -0.887838576 -0.422631657 -0.771151998 0.617320817 -1.635993121 -0.325758305 1.810895421 -1.246362173 -1.611022361 0.100084744 0.441991668 -0.234015294 -1.175816155 -2.620377335 0.121744650 1.244177446 -0.168559412 -0.436892185 -1.348757952 -0.070771427 -1.796459539 0.863138157
-31.825515963 7.730755651 -10.898464501 0.543784726 -0.249363505 0.108865161 0.793891927 1.747875152 0.328497090 0.151926123 -0.782560615 0.396165357 -0.262846370 -1.101600982 0.392751756 -0.231947619 -0.217286103 -1.260642386 -1.160682436 -1.046481058 1.473176046 0.171140393 -1.152644042 -1.124222948 -0.041568787 -1.103099478 -0.317310927
-29.837136129 5.338318676 1.139412227 -0.366044987 0.012432032 0.764746113 0.530113096 -0.248829771 1.238719428 0.638553065 1.519236913 -0.017433914 1.032016611 1.378499830 -1.224887096 1.032893795 0.758399530 0.740406354 -0.524136323 0.012999528 -1.026992894 0.279837798 0.325372059 -0.635853151 -0.523671977 0.587639535 -0.477458077
-24.190742580 -1.149886970 -4.190786655 0.141472108 -0.577520289 0.653134756 0.468903987 2.129721566 -0.154224566 0.278752133 -0.619661575 0.283473867 -0.822010250 1.748318489 -0.952632359 0.089179726 0.614830581 -1.362004457 -0.272832810 0.498334439 1.232054655 -0.420967507 -0.124938373 0.146190467 0.690718089 0.986786472 1.805576013
-35.867430638 5.855937666 1.047764333 -0.537001088 -0.478479179 0.690740294 0.074601296 0.303623721 3.119655131 1.078422454 -0.484456895 -1.234247044 -0.107027917 -0.382779740 -1.056704487 1.116580197 0.156008227 -0.827473794 0.888422461 0.300247147 0.230602505 -1.084625449 -0.745706830 0.583871719 -0.885681808 -0.271513601 -1.609417027
-24.765918235 6.594517655 -6.245568660 -0.115282032 0.872493226 -0.204625294 0.428478836 -0.755330507 -0.470301479 -0.200392324 -0.595065720 -1.653084076 -1.351863077 0.646523966 -0.871423982 0.756854921 0.524423467 -0.658497719 0.492926244 -1.750066700 -0.666239373 0.173963320 -0.230497099 0.545106433 1.326378591 0.640362354 -0.729264474
-35.390403934 -3.699149169 -7.805108924 -0.899694033 0.167369273 0.143769923 -0.376654195 0.907353141 1.417939354 -0.015434355 -0.455088821 -0.108936896 -0.912480511 -1.383919585 -0.735132625 -0.150642766 -1.005981423 0.144015252 -1.084307551 -0.804030555 -0.244976633 0.803166248 1.255251279 -1.646244185 -0.388777991 0.461609263 -0.184120341
-28.934653278 0.270609883 -15.546407503 0.469133514 0.171127889 0.829477518 0.250192005 1.051045050 -0.865969581 -0.485957980 0.338707790 -1.259768110 0.618138240 0.121605491 -0.285370842 -0.525595153 0.470497338 0.730943872 1.076845770 0.592593425 0.131967209 0.373775731 -1.820560185 -0.859656611 0.814194004 -1.693314433 0.668712627
-24.990700769 -0.634557627 -12.527942033 -0.708957288 0.540624403 0.442764533 0.095207069 -0.007594708 -0.319062993 0.124535952 -0.496343850 -0.271975432 -0.720038864 0.032232523 0.274308709 -0.555190965 -0.856297151 0.230311231 -0.162173170 1.741517712 1.549776977 1.353824310 0.549812483 -1.887748048 -0.274372147 1.029431275 0.021536266
-40.395961472 0.029605397 -2.867625300 -0.725450710 0.400231960 -0.294609614 -0.476173099 0.124554942 -0.886710748 0.321716574 0.533551207 -0.936299536 -0.421127578 1.050827050 -1.828828367 1.585175535 1.359965528 1.658202665 -0.505710700 0.382754593 0.341054323 -1.176512525 -0.849964665 -0.670436659 -0.422861280 -0.082210765 0.135661185
-28.336443614 5.883203841 -1.152824770 0.342019000 -0.574624733 -0.109903774 -0.735357451 1.246365986 -0.255824626 -0.612967786 0.769311257 -0.991961517 -0.926639300 0.862955726 -1.018926799 0.745680920 1.960443382 0.666419700 1.130858635 0.130068818 -0.326254937 -1.013306960 -0.559620588 0.774292278 -0.238011547 -0.251025030 -1.012764243
-36.332067021 2.631436034 -7.447918360 -0.483739536 -0.330577002 0.728008090 -0.355976303 0.356079771 -0.604007078 0.069288930 -0.912108613 -0.537940370 1.610892592 -0.297577512 0.011902674 -1.781793262 1.322189282 1.159441243 -0.592556322 0.861225632 0.285586252 0.561812489 -1.941993968 0.628578441 1.331501847 -1.022169524 0.863002317
-30.940210787 -4.324907432 -1.008019571 0.486927207 0.440421073 -0.242619666 -0.714189660 -1.656214998 2.041912711 -0.560793311 -0.472021607 -2.073120676 1.893463099 0.263357239 0.330523678 0.545336578 -0.012918989 -0.130032029 -1.664645652 0.243345022 1.652058450 -0.631249363 1.183190773 -0.596045038 0.114234600 0.868384854 -0.603437641
-32.491097749 5.404935550 -14.354721452 0.607477591 0.578537628 -0.200859183 0.505886131 -1.847129510 -0.875662325 0.074604387 0.015524923 -0.727195486 1.390173444 -0.018969602 -1.304924349 -0.238778364 0.389144339 0.175227439 -0.446050259 0.170004543 -1.220939248 0.044083168 -1.631411398 0.997191446 -0.531249755 -0.987645139 -0.284109102
-34.065444885 6.388174887 -6.305840673 -0.173109180 -0.770937955 -0.073267173 0.608539072 0.312642369 0.768651059 -0.601563171 -0.279703344 1.183931029 2.209172461 -0.775085921 -0.200193529 -0.514202833 0.574321415 -2.287678749 -0.948481081 0.397040686 2.064385010 -0.258434441 -0.415136132 -2.129051834 1.077955998 -0.614665251 -1.903038725
-31.878668332 5.273947143 -14.608180001 -0.299902899 -0.419497350 0.031396878 0.856209356 0.737154931 -2.065942650 -1.273474519 -0.383785984 -0.019328995 -1.182816809 0.819911605 1.458300849 -1.842444328 1.048069450 0.016383388 0.295385346 -0.586322167 0.360924519 -1.155328144 -0.413999439 0.541137220 1.057544866 1.321881639 0.472193665
-33.847457643 -6.690180855 -6.525535752 0.963112128 0.043199166 0.205828858 0.167878953 0.626450068 -0.243718609 -1.137645329 0.429495001 -0.649489470 -0.669918985 -1.432283093 -0.569343232 -2.272493841 0.707789305 0.318288863 0.538617557 -1.062014555 -1.491354347 1.127164403 -0.477131020 -1.250720304 0.764260038 0.429141234 1.555312113
-36.305419027 3.422732856 -1.583225644 -0.705716916 0.143789987 0.462094322 -0.517452328 1.071628031 -0.405027600 -0.238604650 -0.069665668 -0.242868007 1.684954801 1.003380286 0.621817887 2.757107745 -0.747047168 -0.945920241 0.471128353 -0.182010342 0.127909692 -0.790800878 1.500173807 0.593833038 0.711748619 -1.268637478 1.763920333
-31.050871917 -4.020059291 1.191894512 0.334675250 -0.628385598 -0.691047909 -0.124807070 -1.441747531 -1.321194046 -2.620264059 -0.993989171 0.116191205 -0.396596630 -1.081021158 0.252310052 0.143676836 0.683323370 0.465227077 -0.824615478 1.628761465 -0.162585300 -0.804768391 1.628134658 -0.134278013 0.635507552 0.503634478 -2.705687441
-35.263551532 5.352564068 -12.014406718 0.250982481 0.739099639 -0.618410666 -0.091146951 0.686893531 0.444245956 -1.128462409 -0.370367110 1.109717921 -0.751884256 0.674702805 1.507854950 0.023362415 1.279144330 0.471775463 -0.966329533 0.007574175 -0.079438991 -0.307653360 -0.799204970 0.075129102 0.798623875 -0.563999507 -0.134430084
-24.586065589 1.878885430 -3.598750083 0.102210465 0.332107637 0.707957158 -0.614861123 -0.760913631 -0.181426361 -0.766056324 -1.953851255 -0.470894750 0.075635484 1.210230284 -0.775109132 -1.818294559 0.320039067 -0.523375871 -0.112456730 0.245153542 1.696562220 -1.244837111 1.702022699 0.567700047 -0.676584824 -0.304588555 0.081510501
-31.089556980 -6.421587475 -10.868979196 -0.765089857 0.642495552 0.042090988 0.008082392 1.313563470 0.499167099 -0.388006636 0.279764611 -2.010643141 0.141756842 -0.506913840 -1.032610324 -1.069312344 0.056883045 -0.437633707 0.322150615 1.554721327 -0.542687923 0.536672308 0.398671797 -0.879175154 -0.993552113 -0.168622302 0.159026967
-37.704992724 3.312739232 -7.880337502 -0.179575928 0.248498298 -0.762585425 0.569617899 0.666643019 0.098812114 0.182198434 1.157055882 1.934135288 0.922781157 0.207383530 1.156817872 0.075489337 0.770773476 0.625320216 0.798546923 1.344767644 -0.752391113 -1.948002391 0.218256742 -0.816047267 -0.701250761 -0.109005755 -0.789241112
-34.939102210 -2.282916288 -2.228501849 -0.512585029 0.298729476 -0.245473283 0.766655174 0.412516676 -0.349324139 -0.659300948 0.689042640 -0.055181555 0.137037479 0.192955032 0.534869222 1.364964536 -2.518042651 0.469430418 0.576271334 -0.034569204 -0.847354428 0.190694843 -0.358577031 0.610727646 -1.133747347 -0.805290865 1.160179020
-32.992241961 2.396188317 -8.076830655 0.014307524 0.527173757 0.504421497 -0.683697359 -0.167616320 0.646636162 1.909070814 -0.082147747 -0.712086309 0.218966423 1.689246880 1.525668289 -0.858385614 0.134626559 -0.939375736 0.619897345 -0.789014246 1.024954789 -0.531345781 1.808975249 0.443882487 -0.737867065 -0.421846093 -1.044416241
-30.120052171 7.180137204 -5.225092689 -0.083694320 -0.303043799 -0.048499315 0.948054605 -0.059433112 -0.454086210 -1.227124608 -0.319654978 0.308206588 -0.741007477 0.402752260 0.558374333 1.022437360 1.472436764 -1.374156693 -0.332035885 0.431950248 -0.987690505 -1.878907469 -0.516804910 -0.438448923 -1.607838718 0.938167755 1.117084481
-26.870802603 7.247923494 -9.840070421 0.529414845 0.002823277 0.740554815 0.413872585 -0.793032700 0.569880607 -0.497963035 2.083219397 0.115957897 0.222158144 -0.602494066 -0.779296508 -2.132498032 -0.644623294 -0.836827115 0.592587770 1.455015295 -0.272958623 -0.878803257 1.401198901 0.696601144 -1.864193340 0.361120895 -0.003131912
-28.275146534 -3.761334216 -9.881720102 0.238744227 -0.245643566 0.552062061 0.760189393 -0.599688716 -1.886700011 -0.773649641 -0.227724247 1.522105208 0.173968485 0.753096137 -0.960357713 -1.078955140 0.827992342 -0.593476385 -0.432981628 0.643501168 -0.556154299 0.972906850 1.940190721 -1.301474780 -0.163228228 0.687846611 -0.313058001
-32.054417998 6.083937782 -8.687748661 0.859488725 -0.357107160 0.362415319 -0.049078959 -1.713795678 0.925325665 2.779805211 1.791538547 0.332719417 0.857909302 0.301471316 0.706493570 0.877508178 0.307042548 1.332525574 -0.418167639 -0.478830254 0.206379586 0.882791580 -1.899858069 -0.393220509 -0.261588955 1.769198128 -0.400370468
-34.915688373 4.434864926 -7.530711078 -0.492045170 -0.860372074 0.087038804 -0.100377747 1.047236035 -1.130363581 -1.543479182 0.052315759 0.486896486 -0.562847918 -1.178423589 1.991599091 -1.304858487 -1.009764808 1.191912060 2.400553349 0.266609333 0.723075159 -0.024747520 -0.570329417 1.556175457 0.682546657 0.749667353 0.718870605
-32.319729691 -5.513187671 -7.014899192 -0.744700216 0.197689261 -0.523176424 -0.364179864 -0.127805516 1.021898940 0.109828243 0.152806715 1.098246901 -0.885912464 0.274664049 -1.884572705 -0.949877937 1.366578303 -1.575772619 0.085850456 -1.590780103 -0.500220680 1.570891126 0.031232250 0.334097563 -0.046618796 0.946018011 1.263112346
-30.444918231 7.055066902 -2.466894844 0.701268197 -0.238665279 0.629111546 -0.235542911 -0.183365704 0.857088358 2.213824450 1.769110824 -1.045117077 1.233006951 -0.568258292 -1.591592086 1.358331025 0.059566701 0.166287144 -0.315019954 1.253895245 -0.233693975 0.795880730 0.614267801 -1.013953169 -1.190645996 1.337997122 1.035927104
-36.209817951 7.457326631 -2.954814430 0.225569285 -0.214232400 -0.947126914 -0.078572163 -1.210961306 -0.035359242 -2.049593435 1.038726263 0.477107927 0.827449388 -0.580260838 -0.576974053 -0.131576666 -1.441227445 0.246673120 -1.321675548 -1.871934828 -0.892456822 -1.422150386 0.050415297 0.315054345 0.533600671 -0.119235806 -1.570335889
-25.085224377 7.356282104 -7.924620244 0.512983123 0.250312427 0.236273253 -0.786363118 0.813506663 0.379308385 -0.622304886 0.028853725 -0.652321141 -0.803343462 -1.149074156 -0.896577634 -2.078968693 0.460059669 1.619173720 -0.511228894 0.863521688 -1.107309325 -2.188316519 -0.344840357 1.155632797 0.852106038 -0.109623505 0.151998989
-28.888132515 3.433892376 -9.071770243 -0.602585032 0.535925087 -0.488461636 -0.333287880 1.376628982 3.049419268 -1.486647518 -1.689710088 0.685021830 -1.025080296 -0.377445149 0.286509189 -0.402153241 1.066439536 -1.237879891 -0.692847320 0.560021124 0.022596310 1.240325697 -1.597946756 0.954615377 0.336258287 0.259218261 0.851271951
-36.676502373 4.661542507 -1.804521276 -0.381187702 0.574896814 -0.279604524 0.667840474 -0.199383555 0.198810053 -0.701216579 -0.821438939 -0.693461030 -0.290578815 -0.487197716 -1.059770651 0.803372220 1.984208088 -1.450748101 -0.115058963 -0.664485764 1.610782302 0.017022760 -0.492289259 0.917646489 -1.252099252 -0.098058091 0.800024507
-28.975923366 1.944265690 -1.130764285 -0.350858457 0.535512827 0.225188314 -0.734448486 3.279348365 0.841957462 0.764988138 -0.550703839 0.018735505 -2.054341221 -0.115031529 1.773719350 0.059300758 -1.559840838 0.065375762 -0.178191136 -0.069173225 0.849008848 -0.018976635 -0.138510660 -0.284230684 -0.631920233 -0.773127957 0.566803724
-36.873622009 7.724755182 -6.232206956 0.597166130 -0.033573810 0.753537001 0.272850509 1.304431635 1.857488219 1.918273314 -2.180468558 0.140304976 0.797283080 1.257661709 0.600788447 -1.079495052 -0.473343665 -0.618855182 1.041843630 -0.515254761 0.217087178 -0.262155095 -0.497432896 -0.485635208 1.663445779 -1.848149479 0.412695601
-27.133120442 2.552407249 -11.250607821 -0.672748288 0.145203938 0.628922349 0.361638267 -0.461727675 0.001551558 -0.492972769 -0.257049734 -0.705380386 -0.867380949 -2.391228379 -0.424149221 0.023375290 0.377296792 1.258980262 0.068644128 0.611760709 -1.014961116 -1.045525413 0.229956969 0.224750616 0.577249038 0.817060687 0.089532406
-29.208032253 -3.990394157 -1.746995333 -0.545460971 -0.253250591 0.761801928 -0.240820035 -0.267864152 -0.789609771 0.029221142 0.419999636 -0.688163203 1.748625069 0.631256894 -2.118625772 -0.790745965 0.004017962 -0.294339514 -0.535011486 0.304508433 -1.165422265 -0.069868621 0.157873127 0.769826050 -1.385628890 -0.053109910 0.051358179
-35.403889759 4.033019817 1.662760401 -0.912989169 0.376792762 0.013169486 0.155899186 0.484249920 0.189429448 0.501760822 0.477622188 1.131530685 -0.457282351 -0.556375902 1.709529058 1.737617423 0.541724806 0.759994339 -0.355223605 0.815859712 -1.377549466 -0.639436491 -2.254707504 -0.370785465 0.752121048 -1.079042302 -2.348414003
-31.919445010 6.481616052 -0.082944180 -0.548059120 0.096474442 -0.359569113 0.749021987 0.658695345 2.334339691 -1.316043444 -0.697118760 -0.294217050 -0.225250340 0.754322895 -1.903913685 -2.020649953 -0.584911872 -0.317919861 2.414647078 -0.648072313 -0.053744883 -1.024996914 -1.096601290 0.090358182 -1.256411748 0.149658830 -0.854024787
-29.508868214 4.082892359 -8.680800337 0.214780249 0.744383640 0.273418082 -0.570092093 -0.329441688 0.249577065 0.185792760 1.319128027 -0.944864451 0.100323365 -0.126917046 1.763246810 -1.114285545 1.026373971 -1.507142739 1.019160166 -0.605662575 0.183748461 0.136021872 -1.614478647 1.133031235 0.162122323 0.307817154 0.222011711
-38.534413202 3.954482650 0.395698022 0.547311761 -0.012684217 -0.828505821 0.117758446 0.335411154 -0.603644909 0.729552430 1.985779981 0.012674164 0.322137114 -0.674464367 -1.210068348 2.118778982 0.746049051 0.389427728 1.296195129 -0.497888349 0.975705526 1.763535772 -0.984550661 -0.377100663 -0.346105646 0.286812634 -0.313165733
-34.934665232 2.738089907 -9.993687135 0.604086440 0.704395416 0.313264570 0.201920729 0.366148520 0.939257490 -0.020992486 1.079712067 0.574852110 -0.869838027 2.212336736 0.226331190 1.638201592 -0.516734802 -0.971317850 -0.337902958 0.128293687 0.045295428 -0.816745458 1.109106061 -0.472704232 -0.850260690 -0.486572091 -1.460737683
-31.581053635 -4.715435300 -8.046837310 0.335059542 -0.893722751 0.254212017 0.156112135 1.442894318 1.225397854 -1.132801441 -0.697469651 -0.902486521 1.265165823 0.089465004 0.105996382 1.523049523 1.017835963 2.864165232 1.383631499 -0.030388039 -0.441997996 0.587178051 -1.464097884 -0.941412420 -0.545533008 0.711730970 -1.144458407
-27.532031861 5.962027053 -1.374907207 -0.834105821 -0.346028792 -0.027226039 -0.428707707 0.952525553 -0.484103623 1.035029820 0.185388539 2.495006730 -0.586141738 -0.868834535 0.117374305 0.718209935 -0.108430042 -2.123299003 -0.250869406 0.881252731 0.971076769 -1.815476846 -0.492895094 -0.017411429 0.097825744 0.869379604 0.314096214
-37.351909640 6.145013311 -11.502173801 -0.358392682 0.308164217 0.373678506 0.798093901 0.502597890 -0.417246664 0.266687085 -1.760853964 0.124685431 -1.439158811 1.139244950 -0.262443675 0.303575640 0.347784241 -0.029014211 0.810086617 1.526699533 0.838595655 -0.126531287 0.633981733 0.942333459 -0.772321275 -0.414426826 -0.545511164
-28.458092641 -4.219785667 -2.649414194 0.031338543 0.551379573 0.554160867 -0.622819552 -0.801441306 0.175604337 -1.026326363 -0.290299292 -1.069029839 0.437549663 -0.360469050 -0.574902362 0.489320004 0.878280284 -0.266368292 0.052450414 0.604391079 -0.283771203 0.633991749 -0.214208464 0.086658874 -0.424979802 -0.946947631 0.426025237
-24.193286486 -0.559341557 -3.205555534 0.863369733 -0.220379205 -0.120770249 -0.437538862 -0.991972065 -1.931595432 -1.888188918 1.539981489 0.967774574 0.375351685 -1.289608979 1.065598907 0.399805782 -1.295205309 0.350284303 0.568484119 -0.781216686 0.527061391 -0.972209924 0.971177292 -0.355413350 0.347131710 0.103311112 -0.604656431
-28.627647555 -6.194437352 -10.749099328 0.138207218 -0.607107361 -0.720709300 0.304790949 -2.021113051 -0.186650733 0.666049691 1.378841027 1.483206016 -1.998166052 0.442173692 -0.418084857 0.726965442 1.611810946 -1.962106560 0.256247110 -0.423192882 -0.481028077 1.715185878 0.625942048 -0.031268280 0.018277469 0.535052442 -1.366296810
-32.074911335 5.468888036 0.381861509 -0.534617079 -0.464379172 -0.698697574 -0.101775555 0.507255310 -1.919293953 -1.511802617 -1.315612328 0.767028955 -1.776666067 0.381727953 -1.160404465 1.080343424 -1.156590789 0.706503409 0.278350928 0.243055109 -0.151325664 2.118935628 -0.538076790 2.410895565 1.530805607 1.444411835 -0.813539752
-41.514156361 1.125674617 -7.181861095 -0.163194086 0.638085337 0.148245900 0.737724844 0.836200370 0.234235623 0.792458609 -1.976220591 0.176392696 -0.617782219 -2.284922715 1.699671887 -0.216222610 0.364595824 1.513815266 -0.384949167 -0.880063589 0.382769555 -1.183131715 -0.006560307 -0.579327001 0.048199536 -0.472904476 1.638027849
-38.966076622 -2.910190460 -8.156859156 -0.680988279 0.388406591 0.620242814 -0.026346473 0.842498690 -0.197450462 -1.058355743 -1.257224875 -0.150942539 -0.427810532 -1.106353248 -0.151348485 -0.588413804 0.380999902 -0.730727066 -1.934645559 0.263430351 -0.425724289 0.632076846 -0.037306512 0.805320889 1.607495908 1.217991482 -0.643118507
-23.293632649 2.158252205 -2.475282137 -0.341231308 -0.744846357 0.193901964 0.539599043 0.304265013 0.446289320 1.010073780 -0.075876438 0.940145803 -0.381035869 -1.741717406 0.589263476 -1.544203608 0.869963651 -1.134770978 -0.942804080 -1.031143757 -1.313759258 0.295961688 -1.076654563 -0.073556506 -0.138703231 -0.272043277 -1.429364992
-30.860818182 -6.784377522 -7.738927785 -0.310185079 -0.683495825 0.525227315 -0.400942565 1.299679824 -1.755134163 -0.838045267 0.655441410 -0.058673095 -0.503389437 -0.334643157 1.669426956 -0.116804056 -1.636917223 0.994084233 -0.993733805 -1.165265686 -1.227393035 -0.001929819 0.268663979 1.012407706 0.969382030 0.273878809 2.951616342
-28.490499617 5.200574785 -4.015216850 0.583766618 -0.476742823 -0.559043763 0.345547229 -0.614693655 0.250544482 -1.843745403 -0.513225417 -0.178307948 -0.475674966 1.072460299 0.119231470 -0.179961430 0.387294864 0.027024246 -0.090727040 1.367065273 -0.422947184 0.999036999 0.551858576 -0.787894487 -1.129320056 -0.282739876 -1.433584203
-36.556960661 7.514588228 -2.402833553 -0.037448240 0.411756908 -0.186604630 -0.891197279 0.311537645 -0.572657750 -0.695405135 -0.341255359 0.661144309 0.498191786 -0.049004491 0.001926227 0.345179776 0.119420948 0.156071677 1.072435695 0.086821043 0.982693037 0.214171354 1.111298313 0.842514466 -0.322939432 0.525579842 0.439887225
-27.452991643 4.565499044 -5.585477681 0.265800446 0.143922206 0.798008378 -0.521362782 -1.368111170 0.450126141 0.162028810 -1.760203807 0.249333101 -1.405211250 0.316246904 -1.482664787 0.645574041 1.192106135 -0.084742719 -0.796471806 -0.353232613 -1.780884215 -0.244092344 -0.329861843 0.290506407 -0.285614915 -0.882574796 0.587538652
-34.083298152 -6.210479441 -10.753136963 0.734133866 -0.083109468 0.666087598 -0.102311263 -1.843182932 -1.242809145 0.837683919 0.158921702 -1.361081693 0.279762120 -0.335909718 0.582079220 0.671238343 -1.094860214 0.424455917 1.300801680 -0.108414687 1.690564652 -0.159085629 0.899950302 -0.372375551 -0.617096120 -2.764968802 -0.603090656
-24.815240091 1.039944864 -3.662648090 0.194343793 0.205782626 0.307997500 0.908306964 -0.731402659 -0.453442511 -0.826937288 0.106047436 -0.441927204 -0.369296686 0.520182050 0.440610941 0.147369379 1.822319163 -1.469557323 -2.113661392 0.017102620 0.694334676 -0.687164424 -0.580367860 -1.596942246 -0.033483413 0.149507328 0.222281922
-23.968938993 -1.462340448 -6.123619877 0.611296905 0.456918828 0.314998030 0.564196348 0.074340663 1.266395662 0.069947051 -0.592532142 -1.484739274 -0.199817766 0.062939704 1.847241945 -0.463250666 0.687509810 -1.260218223 0.414712892 0.160296381 0.386651611 0.200942073 -0.134338330 0.299877482 0.898017078 1.547811838 1.683419359
-22.581037597 1.551020102 -5.161749055 0.246588828 0.313018808 -0.069307144 0.914554370 2.482226133 0.004965337 1.191948752 0.751100559 1.053870455 0.364314562 1.079493885 1.395027519 0.061344476 1.190712747 -0.065305288 1.313818462 -1.498696657 0.288873790 -0.208228021 -0.244924453 -0.135554571 -0.145892552 -1.176180213 -1.771980500
-31.050056851 3.745285979 -13.115586873 0.203255939 0.062038942 0.412518584 0.885814095 0.215563038 -1.419559902 0.108135924 0.308647015 -1.456461377 -0.500787161 -0.516164694 1.756699930 -0.234207921 0.235235773 -1.542543385 -0.797242291 1.177325842 1.848916791 -0.561856084 1.001162279 0.601080286 0.013687478 1.026114071 1.469175023
-28.206976353 0.796738428 -11.938924228 -0.236398988 0.489834292 0.721087716 -0.429197380 -0.708917199 -0.914484984 -1.487989850 2.559617125 -0.343907216 0.146104486 0.832536244 -0.529294297 0.761520640 0.412634730 1.775335367 0.218390161 1.376631949 0.439220869 2.054430993 0.064176424 -1.450975203 1.340006181 -1.464380391 -1.781935170
-32.655945525 7.782102691 -11.204632442 -0.400034913 0.562388230 0.719720858 -0.075454846 0.419770507 -1.169017405 -0.084706808 1.565030646 1.983424885 -1.906226654 0.528073628 0.794481933 0.376633799 -1.913566563 -0.416877650 0.450585561 1.132828328 -0.384924593 1.269779792 -0.911693028 0.032629951 0.889764649 -0.169806484 1.380957986
-34.920341419 10.828717811 -6.367553270 -0.177405523 -0.501784270 0.293253828 -0.794192684 0.567241587 -0.915017831 0.326597393 0.629390011 -0.686154872 -0.792590746 1.255580101 0.665105697 2.105527093 -1.168783134 1.144179209 -0.955556971 0.866376699 -1.273913516 -0.981950880 -1.520269242 1.254036335 -1.120621875 -1.337476231 -0.491135495
-34.113110779 4.865392721 -6.849536163 0.495728571 0.540054407 -0.675233944 -0.081569249 -0.122196493 -0.777814362 -1.780040545 -0.092618911 0.675592489 0.308233134 1.754270689 -0.853534361 -0.468609182 0.329314712 -1.420569408 -1.230654197 -0.394358588 0.552215863 -0.649490311 -1.415500994 -0.743583991 -0.277580074 -0.529562046 0.812287846
-29.790124731 5.231284229 -2.799962441 0.026128362 0.780716892 0.623152426 0.038464241 0.225578551 -0.154260383 2.716693689 -1.232045992 -1.733833818 0.046250819 -1.108119493 0.396247241 0.852308578 0.661724009 1.000192746 -0.029160588 0.078010586 0.742059352 -0.463109511 1.276655253 1.997677071 -0.379172241 0.027530921 1.983088190
-24.906710558 0.456589690 -6.086918650 0.505314929 -0.746491760 0.319623689 -0.291971869 -0.834615012 -0.417863902 1.764633113 0.405194031 -0.622981047 -0.801528444 0.462948095 -0.251973905 0.496389689 0.963895516 0.083662414 -0.487645404 0.915354248 0.663675052 1.222862257 -0.355626340 -0.165124378 0.473823076 -1.074058167 0.101082769
-28.337736353 6.087034800 -7.681125094 0.254199637 -0.774610095 -0.267727386 0.513501501 0.595198462 1.391827234 -0.144083811 -0.249307350 1.516565645 -0.046157425 1.171185676 0.812484590 0.165696649 -0.578343457 -0.994221040 0.249207107 -0.074851801 -0.772470517 -0.497615128 -2.660694507 1.358008213 -1.221305769 1.387649495 -0.534658417
-32.567333092 -2.754038221 -11.509567896 0.135298032 -0.417833434 -0.852501633 0.283461868 0.955593644 -1.485903136 0.598224414 -0.081177051 0.534438274 -0.707576145 0.193743026 0.620047878 1.617460747 -0.517241010 0.453315570 0.108679665 -0.786663138 0.301860790 0.919794549 -1.694754380 0.144209968 0.557361916 0.128099564 -0.320533620
-30.604209272 4.085482649 -2.937798827 0.720294657 -0.384143156 -0.055306301 0.574935523 0.347050273 1.217739942 0.869885857 0.848201248 -0.364637941 -0.192434720 -0.872130695 -0.267017661 -0.320384449 -1.319747079 -0.243312748 0.635152056 0.296724555 -0.845189481 -0.151983625 -0.000674614 0.838526155 0.152570865 2.103610249 -0.070071865
