5.540617733 30.452236128 10.098954689 -0.862375593 -0.313773745 0.342287280 -0.201727024 1.343666588 -0.881084171 0.937115048 0.606115997 -0.108440884 0.228507029 0.635903305 1.349245961 2.172818335 -2.230650368 1.213298882 0.777067170 0.653115739 0.390010518 -0.270038697 -0.303985255 -1.203511467 -0.276600574 -0.679419721 -0.648804942
4.312979571 23.406800021 4.653836755 -0.190606045 -0.007241557 0.172466425 -0.966370647 1.128110955 1.366208042 -1.107898967 -2.065716430 1.094492717 1.361508300 -1.930978668 0.623162318 -0.843537665 -0.596156994 1.221615660 -1.185231586 0.036622706 0.149324800 -0.118907591 1.767909718 0.362722004 -1.851193241 1.557691763 -0.312078686
4.954720710 31.341442794 11.085262246 -0.903901349 -0.338587468 -0.117465307 0.233501134 -0.531622676 0.136239283 -1.287869177 1.042419916 0.366552984 -1.150059470 -0.872406816 2.244545483 1.557769320 -1.694018061 1.167685053 1.071963879 -0.151779686 -0.358997930 0.838020236 0.316795703 -0.118567754 -2.404539659 -0.606506487 2.858832489
7.817105071 29.484207834 -4.196362406 -0.529739804 -0.545963175 -0.439386692 -0.477743955 -0.864463643 1.266234257 0.606247922 -0.312378669 1.152533628 -0.844157632 1.439112702 -0.891838342 -0.737559904 1.325433506 0.344729242 0.645016387 -0.484946890 -1.637034084 1.968109741 1.189558451 0.143892017 1.508710435 -0.387411018 0.212149996
0.252155228 22.725852098 3.268787304 -0.494795041 -0.173096970 0.477918374 0.704847029 -1.685850280 -0.518418145 0.275898641 -0.318211489 -1.041189103 0.608846436 -1.500147524 -2.425370030 0.764101791 -0.591798627 -1.315056285 -0.128481660 -0.105183988 1.306768679 -1.319392451 -0.712090097 -0.426065027 -0.383107892 0.450513528 -1.527266845
13.820701100 28.576534213 0.156453055 -0.327653427 -0.514549331 -0.480397433 0.630159126 1.288690564 0.772776639 -0.598159728 0.403889464 0.909732260 1.754907276 -0.624208344 0.099316523 0.172344460 -0.593561980 -1.120862798 -2.167869050 1.394943610 1.837474200 -2.088189075 -1.093039295 -0.226716871 -0.255196576 1.242662254 1.913745857
2.071884012 26.744748751 -5.857990509 -0.214938660 0.422360115 0.734397581 -0.485873954 -0.748837963 0.269608566 0.253805392 -0.626298043 -2.519709676 2.253447394 1.069324252 -0.096284228 2.654902170 0.214812895 -1.818978592 0.042066424 1.934994018 0.439665583 -0.491569506 -0.985503840 1.315747862 -0.702953598 0.510914418 -0.726525264
10.302318606 24.485686826 -0.952650901 0.499183455 -0.216312352 0.272196967 0.793683599 -0.135015658 -0.357420732 0.481714972 1.349875946 0.766918428 -0.921289075 -0.750247111 0.264467085 0.993595209 -0.752344236 -0.576772131 0.644559265 3.254321399 0.057259855 -1.162693271 0.058468911 -0.553292920 -1.531301540 -0.106903636 -0.352107113
9.817582507 31.768759648 3.314838161 0.868263623 -0.017538679 0.225189445 -0.441701698 -1.117198382 -0.982416842 -1.055392338 0.936204363 -1.487955548 0.320935407 -0.646830257 -0.336384542 -1.088627936 0.922140249 0.006150925 -0.840360523 1.736355942 0.772873150 1.105212468 1.628523588 -0.644787580 1.531541469 0.535118686 0.045414437
7.796795811 35.450532040 -4.379240101 -0.635239088 0.765086833 0.102264198 0.025602191 0.981234827 0.496822076 0.358514154 0.343260313 0.594816924 -0.406307760 -0.238120732 -1.238211211 -0.019671525 1.252125012 -1.114139280 -2.023983799 -1.500255508 0.682299404 0.746517630 1.037946150 -0.218257527 -1.130204122 -1.118064953 1.128083781
4.170853801 25.851239132 3.751949012 0.125229362 -0.420077845 -0.498824942 0.747680339 -0.704819759 0.352548787 0.521365255 -0.301483774 0.495528503 0.546750275 0.295636756 0.552238097 2.316774271 -0.265777277 1.403105673 0.279349140 0.387338020 1.039299282 -0.401974537 0.862030557 0.573339756 0.938357810 0.710744697 -0.193743621
-0.410879081 25.132086637 7.920466057 -0.091865566 -0.035939585 0.932599886 0.347169291 -0.427764411 -0.949244345 -0.159311728 0.388124472 -0.122520556 -0.767657439 -0.196308367 -0.709184125 1.319194255 -1.031167272 -0.803937589 1.360385963 0.254990271 0.817721487 -0.754226437 0.278201937 0.303022051 0.121365319 -1.001416029 0.478035762
-0.059426834 34.307772282 -4.585799729 -0.399579369 -0.668273423 -0.281107637 0.561003973 0.558868232 -0.787069454 -1.525414922 0.619570406 -0.614118100 0.079020330 1.981553958 2.068769713 1.003730738 -0.035020447 -0.557345096 1.091788554 0.198030965 -0.592356224 -0.198887906 -1.338154237 -0.500843071 -0.190605174 0.694667234 1.104980148
2.142004490 25.349499107 -3.521643458 0.148838376 -0.698988260 0.683786322 -0.147305179 0.150273103 -0.093972070 0.455496271 0.001666103 -0.696466838 -1.918375237 -1.443128716 0.567523962 -0.360437485 0.115611209 -0.177770821 -0.632237346 -0.619229563 -0.055235366 0.220910723 -0.215443475 1.105878931 0.758726410 -0.300796980 -0.154257514
1.512309699 36.576332964 7.774990988 -0.190631733 0.439506448 -0.816873488 -0.321265200 0.833560202 -1.146761292 0.554220268 -0.646825136 -1.173610509 0.047903822 -2.096336539 1.390918108 0.093192811 1.994769165 -0.249012669 -0.268595863 1.189684311 -0.897281015 0.776817630 -2.038925961 0.178070650 -0.191088951 -0.088234485 -0.208722586
10.070832144 30.881276694 10.253811934 -0.167292320 -0.560875718 0.810786382 0.007559860 -0.739741600 -1.367829095 -0.425482646 -0.370396011 -2.100393857 0.167881532 1.854895763 0.420556063 1.492814571 -0.033959597 0.182947278 -1.534592985 0.721185531 0.111046731 -0.770223785 -0.425639074 -0.935417927 0.788052219 1.668586022 0.971966426
0.145848996 37.503254425 -1.433749285 -0.409268647 0.424950432 0.488378619 0.642963941 1.239122361 -0.243846161 0.862432866 1.517441403 -1.987808155 -0.583097570 1.094639177 0.170625247 1.673102162 0.099690062 -0.463857606 0.191815742 -0.452104735 -1.842474557 0.551889579 0.086489509 -0.987036420 1.097530930 -0.553236805 -0.721019308
5.709274468 24.870164728 3.602924961 0.611096789 0.195140442 0.205808486 0.739001887 -0.622113992 -0.972005086 -0.725985612 1.106165961 0.653885593 0.837492862 0.201131336 0.594615000 -0.164845008 1.786061653 -0.486975113 -1.017105575 -0.479621080 0.629610571 -1.229594530 0.615566218 0.370737725 1.016107364 2.391518099 -0.726804972
1.238848894 26.580174969 1.624834864 0.943637458 0.232585824 0.151984885 -0.179868777 -1.303387565 1.002623747 0.260826155 -0.479245480 -1.191904322 -0.919713447 0.233645699 1.845873602 0.222714811 -0.980809836 -0.851725372 1.688789443 -1.095384229 0.864353688 0.443588934 0.352793188 -0.419030591 1.597085201 0.980266761 0.910753252
8.247023922 33.186365948 8.215762049 -0.271881673 0.448000642 -0.229086232 0.820301944 0.396073315 0.004446153 0.363565005 -0.102296859 -0.923587489 -0.560416128 -0.270809587 -0.813635718 -0.244405961 -1.864771692 1.001652829 0.174484827 -1.027866701 -2.251369113 -1.848831437 0.677522807 0.110472983 1.301978300 0.840472483 1.950759599
7.464950597 21.468811625 4.310399015 0.250398936 0.462736400 0.424399065 0.736926612 2.403335049 0.018219649 0.216390726 -1.560441106 -0.457364504 -0.768895971 -0.101111021 -1.115127754 1.680797493 -0.419546688 0.186270300 -1.056548165 0.161942582 0.038942822 -1.076375452 -0.660400301 -0.118019975 -1.329680783 -0.682101676 -0.226440747
6.155959312 22.711419927 3.363223990 0.347794513 -0.755401829 0.500191289 0.241279357 -0.219522007 0.691971125 -1.342468955 0.552300407 1.239522812 -0.715157580 -0.315898055 -0.860647767 0.144335206 -1.311822468 0.763209639 0.549786113 2.097240154 -0.655982126 -0.873590919 0.656876531 0.200523556 1.227865951 0.246926613 1.307267234
5.878239539 37.658641413 6.423277783 0.647441481 -0.413147177 0.567296058 -0.297160094 -0.534499557 -0.819421280 -0.728112004 -1.382268993 -0.614401530 -0.008041575 -0.582416474 -1.908160672 -2.046233196 0.417602456 0.528297242 0.629337442 -1.406973328 0.474560284 0.575495354 0.764572528 0.140153215 0.439802514 -0.921031276 0.634079235
11.195766009 30.984406753 0.399721307 0.754429341 -0.165363842 0.496328756 -0.396420150 -0.403387252 1.043847754 -0.144797858 -2.263071827 0.395713541 1.011482007 0.410895703 1.365806677 -0.053657137 0.974709990 2.084239094 -1.047540381 0.888169644 -1.529395219 1.436729898 -0.232500022 0.355126291 0.102901201 0.312529555 -0.973808491
10.692895493 31.676357014 -3.141842460 0.753681088 -0.181452577 -0.287651423 0.562402382 -0.363608374 1.505225553 1.504641081 -0.280953305 0.197127382 -1.045817028 -0.059108726 -0.420331022 0.100777558 -0.827194579 0.039714883 1.049179059 -0.003536462 1.377568688 0.623658266 1.334893387 -0.119156414 -0.099024430 -2.176056017 -0.541669166
7.646603136 36.030991781 -4.084724174 0.356589241 0.723998408 -0.226614352 0.545267232 0.205332270 -1.392441187 1.934128416 1.371093709 0.747042397 0.596395793 -0.672486644 0.293956870 1.709298559 0.341279118 -0.888640090 -0.058204088 0.549415390 -0.927850160 -0.862235209 0.586009670 -0.511365613 0.569083165 0.768662633 0.388042308
2.188635267 29.977474950 4.901909338 -0.556950268 -0.056633150 -0.629504443 0.538816519 -0.611620147 0.221551423 0.220383477 0.830653257 -0.795504943 -0.377499806 1.456946517 -0.668957820 -1.699652351 0.906259624 0.111212084 -0.887723870 -0.865612246 0.892993331 -1.720797032 -1.028440095 0.463730262 1.040003966 1.308640556 -1.475861003
6.141724098 28.365458736 12.692404197 -0.803789072 -0.482838572 -0.336800589 0.085763652 0.184028257 0.025675213 0.742634551 -0.201292623 0.131746367 0.647344621 -1.448801915 0.727793682 -0.421242811 0.203850608 -2.674970901 0.165969888 0.934152657 -0.120158893 0.549659095 -0.083393442 0.664384507 -1.516908220 -1.139494441 -0.077627024
8.047083270 26.642447113 7.141756185 0.317039947 -0.787463913 0.143812443 -0.508629767 0.046559727 -1.076872591 -0.960294882 0.492107581 -0.317921700 0.626692196 -0.449830667 -0.124206665 -1.324564555 -0.525960180 0.537717640 0.226241315 -0.409237907 0.641257115 -0.130031375 1.674121134 0.955799574 -0.517994221 -0.451768556 0.851076519
13.810413424 25.786070284 2.263811910 0.516912280 0.677247523 -0.481345516 0.206019369 0.230971807 0.185624899 -0.033649873 3.094759096 -0.537026548 -0.558121019 0.469121481 -1.209821080 -0.379468419 -0.518919007 -0.193375244 -1.127558901 1.053453912 -0.101485817 -0.532815313 2.829846904 0.377504870 1.179932008 0.036164405 -0.129408782
2.687071042 23.097082860 4.495800858 -0.522656307 0.090722834 -0.838685229 0.123316013 2.458079344 -0.043886684 -1.072327471 -2.000418606 -0.399064573 0.549538837 -2.160060708 -0.570094757 -0.391293137 -0.478099758 -0.710698951 -1.419815696 0.082016904 0.707086132 1.441741300 1.799697240 -0.550797472 2.210091529 -2.388891061 0.862289373
1.947277940 23.758997666 3.167640225 -0.667844219 0.210741298 -0.226782741 0.676861723 1.396426825 -0.785132693 -0.917097026 -1.226884806 -1.434873347 -1.018570509 0.070464766 0.885119402 -0.044116847 -1.407370144 0.216116806 1.218520383 0.409565534 2.741142980 -1.340222976 -0.349659828 0.911193802 -1.021081925 0.549801711 2.084525355
-3.789012503 27.001199664 2.862844386 0.323465854 -0.818532094 0.026435324 -0.474000239 0.356132734 -0.681233619 -0.590158029 0.090602480 0.204530680 -1.275649534 0.575527085 -0.148662687 -0.063170521 0.170976303 0.554796864 1.453214718 -1.389493948 -1.510943428 0.117214063 -0.675277972 0.462699029 0.974358264 0.570077300 -1.103282487
7.804361390 34.397509242 8.199542771 -0.762695897 -0.118416080 0.633394986 0.055528307 0.244626126 -0.184905413 0.555340183 -1.725550106 -1.536860322 -1.217300469 0.545384454 -1.308439601 0.870706730 0.568961620 1.362708464 -0.223261607 1.484649796 -0.714838719 0.735911999 -1.111398181 -0.955006033 -1.032089987 0.160629586 -1.168110369
10.564950890 32.106695336 -0.344264984 0.523229802 0.681762997 -0.507878921 0.059065995 1.360318893 -1.278306883 0.678970557 -1.033004427 -0.236947737 0.498534009 -0.711354762 0.340687059 -1.384992159 -0.455455936 0.650722683 -1.306590131 2.413952389 0.193045064 -0.730652750 0.078086636 0.020461754 0.143675671 -0.059953591 0.353493579
3.185112998 25.594986374 -5.656316695 -0.669663128 -0.236779114 0.494710476 0.500747932 -0.398292346 -0.832970320 0.188359904 1.066508295 0.817570439 0.242252305 -0.165589139 0.649825096 -0.641939294 -1.864497438 -0.404666557 1.352062059 -0.959296355 0.027094655 -1.038128705 -1.488112945 -0.272364591 -1.498444794 0.453748427 -0.189777820
6.593092208 25.421106922 9.666294581 -0.242955638 0.372902786 0.605616619 0.659654895 1.857899373 -0.675568681 -1.261783925 0.883100726 0.169462673 0.942485177 -0.547835204 -0.773455469 -0.457773286 -0.196287220 0.452563049 2.008496720 0.295484967 -1.302162078 0.270301132 -1.985607752 -0.815753217 -0.518127675 -1.810810117 1.335329999
2.372903869 23.609058473 0.462406036 0.241355780 -0.434670292 -0.709879441 0.498879048 -0.218810237 -0.618760675 0.228009174 -0.267782092 -1.103707711 0.883600598 0.606275405 -1.630859626 -1.092144272 0.569526916 -0.260861142 -1.612154558 0.647836627 0.002831023 -0.776818203 0.281748255 0.799186575 -1.350946312 0.222578567 -0.818275631
1.657193135 21.484426911 5.631536108 0.489100150 0.691600593 -0.525922863 -0.076647283 -0.033522609 0.160383847 -0.060102347 -1.872059391 1.204997285 0.969368204 0.149335235 0.267479485 2.220261416 -0.498882447 1.196248088 1.693166296 0.063670162 -0.285682558 1.477205864 -0.133352274 -0.358525766 1.953745736 -0.031317511 -0.321790458
1.071009136 27.402480621 -4.453282858 -0.068013089 -0.407575697 -0.415151880 0.810496877 -0.837375927 0.004993515 0.235563285 1.363910173 -0.437518007 0.274958548 0.343249388 -0.136327577 1.973964853 -1.578737569 0.400908451 -0.764964384 -0.798039889 -0.849859181 0.816338093 -0.077915607 -0.430748814 -0.259072387 -1.214887109 -0.740476972
6.384096419 21.356248360 2.137692799 0.156404546 -0.122362866 -0.610284106 -0.766888686 -1.419182366 -1.020169877 -0.175260182 0.229065093 0.909310246 0.908460551 0.110812876 -0.649583957 -1.909554670 0.195838958 1.063158530 0.606585879 1.461080852 0.589052565 0.399243516 2.206437441 0.976326426 -1.131179794 2.374450137 0.079238775
12.144493303 29.344072221 9.302674749 -0.175196930 -0.419443507 -0.787209111 0.416743320 0.333129723 -0.064020295 -1.074423331 -0.575899819 -0.837377284 0.660328499 0.286007681 -0.619108085 -0.562196643 0.002993027 0.007383443 -0.336049890 -0.381736623 -1.442389815 0.738739922 -2.045801938 0.574276129 -0.845396201 1.053588028 -2.261123480
11.761995896 28.130193824 3.267003103 0.075881844 0.906705940 0.058811075 0.410691541 0.479006678 -1.213850856 -0.763343630 0.143138624 -0.130015686 -1.544812846 -2.442901946 0.792041350 1.485576578 -0.801440070 -0.704489891 2.503529112 0.469012445 -1.863371515 0.165469842 2.883933898 -0.387549005 1.539166973 1.666949914 -0.388169949
8.902498171 36.900395003 8.071035412 0.734809534 0.676416479 -0.050113922 0.002071187 0.874935856 -1.073140572 0.235152800 1.705058659 -1.138482543 1.121699570 -0.585689899 -0.933101549 1.284006663 0.066005411 1.620478881 -1.199080780 -1.098514369 -0.081686579 -2.256443242 0.310709375 0.505471221 0.805781133 -0.543812712 -0.315441891
5.312159280 22.581578090 -1.685832635 -0.253210175 -0.139747238 0.668468264 -0.685204711 -0.000858770 0.366896546 0.265349902 0.552817039 0.641790130 1.753587408 0.404115016 -0.553267496 0.810968995 -1.108862858 -0.164760515 -0.971950142 -0.151364988 -1.523935650 1.288636939 -0.986846262 0.124462628 0.343461537 -0.476717048 1.672705172
0.179927851 29.498319236 0.205457840 0.107492147 -0.278097350 -0.555693934 0.776087336 0.523570285 0.846659358 2.257548846 -0.579831259 -0.046547383 1.102690142 1.284468925 -0.712826018 -0.250529903 0.202659073 1.148487931 -0.526700967 0.147417715 -0.260333152 -2.636348259 -0.627270231 -0.390017224 -1.092131408 -0.101238178 -0.041164361
1.339145452 24.835193317 -1.719083482 -0.404569561 -0.796592533 0.121190059 0.432523729 0.158077427 -1.420275738 -0.186929134 -0.151263722 -2.636640886 0.273340601 -0.864136130 1.596351997 0.500233701 -1.250369738 -0.994732424 1.246301142 1.511140573 0.461552273 -1.252082167 0.478877352 0.253654996 1.201502541 -0.362403325 0.775881104
2.030619241 29.477032980 10.572139942 0.307864357 -0.940666084 -0.140539597 -0.024808813 -1.150555920 -0.779997640 0.733777367 -0.280437629 -1.522136180 0.798567728 -0.873447127 -0.164251124 -1.556292033 -0.297311107 -0.186045700 1.228132792 0.638187711 -0.019802740 1.596685300 -0.855491240 -1.114503139 0.416029823 0.651561859 0.853714884
11.822781186 26.286870397 7.106803285 0.043916645 -0.950533866 -0.163781258 -0.260254486 1.098098214 0.490905463 -0.214296772 0.519956139 -0.523314076 -0.067784232 -1.012156923 1.077441043 -0.294958856 -0.022600556 -1.599200710 -0.507886495 0.545077889 1.040379077 -1.845306227 0.090032737 -0.552258754 -1.020495001 -0.163863215 1.323854202
-1.619501822 34.164057768 6.986599063 0.374920177 0.011712603 0.804237126 0.460977571 -0.290491192 0.115774431 0.289404155 -2.021998114 1.168303107 1.111244873 0.189908824 -1.386579272 0.705446343 0.974481327 -0.929932892 0.955331676 1.476511412 0.714827758 0.748533730 0.637866864 -0.129632905 -1.639939780 0.698792248 0.751940337
-0.913531019 23.471950968 0.897459978 -0.556264458 0.641716024 -0.388907759 0.357101038 -0.705378655 -0.918398150 0.274512938 -1.130243006 -0.908466131 -1.893003177 0.070227989 -0.324576141 -1.231980212 1.780582111 -0.004835020 0.105517464 0.693647429 0.049573870 0.824483737 -0.895755505 -0.652049165 0.188177781 -0.403668275 0.666502442
8.606501093 24.070510033 -3.612577815 0.988404335 0.132114701 -0.053564049 -0.052282588 -0.393317071 2.014761785 0.571087623 0.117635767 -1.443772789 -0.090597651 1.435021443 -0.258955819 -0.196850742 -0.286672831 0.419146963 -0.028509967 0.631173183 1.364987602 -2.665733446 -1.015112066 -0.021895493 -2.396722299 -0.889896112 -0.177493389
2.660703898 33.729270115 11.486852171 0.115817262 -0.171489820 -0.804077611 0.557348005 -1.712453447 1.038212071 0.923169663 0.037365300 1.352409207 0.706869334 -1.913553822 -0.117083349 -0.807752879 0.288036008 -2.151907934 -0.632314993 0.092493636 -0.443441856 1.471869204 0.350249028 0.302902162 1.628632360 -0.708555655 1.281876094
3.794251603 24.597834648 -4.783519512 -0.952858958 0.172104304 -0.153292511 0.197335554 1.785810643 -0.807967026 0.788584440 0.562286870 0.036131964 -0.240781028 0.863356905 -0.447764864 -1.289319750 1.461153413 -1.051004610 -1.390550809 1.214046296 0.059539078 -0.571104201 -1.249161402 0.988481413 -0.266264551 0.453966192 -0.242236098
-0.416959626 22.970595813 1.934238584 -0.264377633 -0.856703890 0.068088878 -0.437637768 -0.476349435 -0.333075340 1.694305902 -0.848964431 -0.511542943 -1.986133168 -1.605260748 -2.411845779 -0.431092786 -1.350325301 -0.358581400 -2.382293491 0.611646644 -1.157260590 -0.969403472 0.917905601 -0.885710516 -1.694432330 0.272524778 -0.076728964
-2.373709608 31.537400825 8.150954571 0.392266424 0.724810459 -0.337876468 -0.454550705 0.574581643 -0.038311735 1.232982762 1.292345835 0.634270371 -0.292777049 0.891111965 -0.040658147 -0.064598128 0.471313382 0.637670616 0.822516122 -0.630752431 -1.056195028 0.392773163 -1.473792409 0.630616476 1.252636522 0.352496713 -2.408651768
9.312646448 35.842654484 6.267022783 0.343819843 0.379222594 0.855751858 0.075278797 0.588304133 1.264887357 0.731703793 1.131118501 1.065042303 -0.326960686 -0.414367261 -1.689530255 -1.379634565 -1.192874671 -0.505136281 1.208628241 0.233630525 -1.228595965 0.500347705 -1.118968533 0.696805190 -0.566954995 0.407516623 -1.339968585
-4.050621679 33.595336731 0.672950994 -0.792729781 0.383398730 0.452536083 0.140698265 0.093155616 -1.131300066 0.236711223 0.830286270 -0.529124788 -1.335527397 -1.097734796 -0.459012094 1.121502920 0.383464755 0.771449048 -0.001482549 -0.291853167 -0.225991586 -0.647123348 -0.001599566 -0.314237069 0.596309005 -0.194098622 0.345251956
0.309957704 31.655542333 5.761950543 0.185574913 -0.152663576 -0.906650417 0.346757561 0.042233986 -0.736546809 1.005535782 -0.397171066 -0.322729839 1.676873289 0.017404704 -0.310920004 0.727953574 0.863083359 1.146154420 0.290310374 -2.045062293 -1.376815662 1.197715078 -0.815584313 0.995831946 1.892989201 1.856227652 -0.626938962
8.313993579 29.439571301 10.727385240 -0.004670484 0.752747426 -0.652170742 0.089570211 -0.422902535 1.149154776 1.151622428 0.946155980 0.230814920 0.977101103 0.202787634 -1.176052969 0.007821880 1.554048653 -0.486024164 0.378875189 1.856666113 -2.789108296 -0.211120692 -1.634652353 -0.854856669 0.190688575 -0.613198181 1.453659843
-0.791633816 30.612698583 1.790653697 0.330190767 0.361566120 0.037004962 0.871134106 0.321367642 -1.645692109 -0.055899833 0.217190911 -0.182934589 0.457575070 1.197409582 -0.801250163 0.495818915 0.399105636 -0.612042037 -2.063260177 0.366372911 0.049819405 2.103596564 -1.424446996 -0.127394581 -1.071491783 -0.026372707 1.894579351
8.260600860 27.607908145 9.405397416 -0.792409355 0.264703740 -0.324331046 -0.443653825 0.582405919 0.418707545 -0.532468207 -1.651125745 -0.570804853 2.023523285 -0.467362464 -0.367076581 0.779103927 0.165785482 1.305084264 0.424827002 -0.157584854 1.983687732 -0.396158754 0.526239405 0.839635765 -0.249589233 -0.522762352 -2.144069054
3.819400566 24.940836384 -1.543902142 0.132382974 0.916678640 -0.093850845 0.365194520 -1.221025359 0.699364447 -0.343078781 -0.401706277 -1.111889770 1.204952824 0.654980820 -0.581766977 -0.795217734 0.316689771 0.243759575 -0.882409967 0.446032694 -1.252787033 1.052094308 -0.039386173 0.654910003 0.289777784 -1.683854355 -0.127536314
6.088509572 33.056471016 7.402880907 -0.032303385 -0.219909153 -0.655989998 -0.721299923 1.284989306 2.456867082 0.920335694 -0.324555660 1.527400149 0.211351312 0.969594185 1.103372546 -0.825649293 0.279301029 0.505461467 0.120721626 -0.486154896 1.413351872 -0.268824083 0.167351312 0.482241344 0.199680322 0.214928277 -1.454648033
8.669657443 30.231571156 -6.108046116 -0.157283947 -0.542025085 -0.354164294 -0.745679704 -0.187372524 -0.372382934 0.275777917 0.413006937 1.230497840 -0.982281418 0.688722256 -1.085032469 0.938845548 -0.081291780 0.769896004 -0.100459117 -0.204740058 1.141674503 0.062307827 -0.047371212 1.132193987 0.000702079 -0.844184341 -1.255946214
10.321789901 26.712713787 -3.821898546 0.345654148 -0.520549872 0.131222611 -0.769630865 0.228555136 1.111680622 -0.744188330 0.276737103 0.032899941 1.511520969 0.869689368 -1.346619680 1.344277727 -1.004256770 -1.271664868 1.210201558 -0.937739320 0.721712972 -0.855904486 -0.607271006 1.550947097 1.070892764 0.934655368 -1.747595502
8.046066487 34.968580770 9.135824287 0.171052480 -0.243443266 -0.676054073 -0.674112242 -3.344830866 0.530302095 -0.543556069 -2.244172531 0.425512496 -0.742976086 -0.285372414 -0.122776005 -0.112699691 0.313051127 1.760991467 0.624478747 1.016990633 0.961553572 1.267552886 -0.255906781 -1.854588224 -0.133388967 -0.050389829 -0.017397097
2.552512040 26.786395225 7.175918875 -0.474979520 0.773445991 0.391145031 -0.152254130 -0.862835762 0.574376505 -0.106469360 0.266668564 -0.177184556 -0.751779981 0.001920750 -1.435535115 0.137377631 1.173720469 -0.303677988 0.499407725 -0.716956737 -1.590211860 -1.190868202 0.338360597 -0.967804639 -0.064081667 -1.010961548 0.334098331
-4.162100308 27.705804238 4.761464956 0.299268377 -0.221758466 -0.232814496 0.898364643 -0.525082690 1.835899889 -1.022848863 -1.582776562 0.894789265 -1.184596790 0.096223841 -0.647540987 -0.938477396 0.861913121 -2.296352768 -1.038418778 -0.818475459 -0.010418761 -0.330909038 -0.003565920 -1.836370258 -0.294351225 -0.886476709 0.794281382
5.179190521 35.372254987 1.750848814 0.397076630 -0.349828902 -0.680525430 0.506788938 0.366979365 -0.456318912 -1.368410143 -0.429289037 0.404948086 -0.337090193 -0.542054094 -0.193552262 0.963845576 2.368377812 -1.015708380 0.418054448 0.930250859 -0.335048590 1.740578347 -0.791625893 0.975719467 -0.599056116 0.916894041 0.433782471
0.701847802 26.567976328 5.299315133 0.072886987 0.314609125 0.811491809 0.487021180 0.397629526 0.889683281 0.054011549 0.059129544 -0.154887156 -1.478994080 0.122806924 -0.708099167 0.651985850 -1.405356800 1.413438892 -0.231376860 0.209947342 0.166902636 1.471052201 0.238151305 1.227390422 1.838383559 -0.077331725 0.486533092
-0.304901441 27.282627127 6.325012911 -0.231495131 0.782128654 0.574571018 0.067475318 0.829386418 1.511062531 -0.283014495 -1.156500152 1.655230496 0.851516039 -0.792933303 -0.126017868 -1.107610855 -0.331028624 0.036674313 -0.005506333 -0.503704682 -2.046831584 0.106645320 1.153097551 0.974758515 0.749078764 1.783489081 1.732912862
1.632305197 31.468421444 -1.838127643 -0.283598555 -0.098111971 0.016553633 0.953767203 1.351230005 1.209273555 -1.268755940 1.871014934 -1.110149466 0.246760073 -1.978513003 0.102909747 -0.654618447 0.958605864 -0.447878269 1.281995152 -0.284883258 -0.143880358 0.465470998 1.440963931 0.251905043 -1.437424884 0.259965425 0.095807887
-2.664178957 25.288810514 7.171684284 -0.266065646 -0.279594475 -0.797556473 0.463615868 0.288770715 -0.878748060 -0.907461915 -1.310839338 -0.733909493 0.664469235 -0.444359957 -0.674866072 -0.783209029 -1.365766436 1.497557712 0.015803018 1.857201359 -0.015177552 0.149413707 2.215350427 -0.298984390 -0.306892934 0.478644729 -0.342645331
1.227261413 30.650571720 11.982959536 -0.417203787 -0.864330370 -0.031195913 -0.279107194 1.154263294 -0.326975070 1.043208653 -0.204581799 1.709879684 0.034278845 -0.513020722 -0.981720542 0.943480926 -0.660569032 0.118338765 -0.569199259 -0.769275217 -0.332378192 0.102478900 -0.535614193 0.592202585 -0.576910816 -0.290228056 1.196836531
4.514706225 34.885260441 6.129079389 0.863320696 -0.370635696 0.291627816 0.179610059 0.478383276 1.544065577 -3.131982743 0.444104549 0.063344287 0.482010408 -0.569928549 -0.734664926 1.112018763 -0.304745799 0.327778324 1.143165666 1.102463889 1.442698209 -0.458443124 0.528381653 -2.008974157 0.057623412 -0.970523839 -0.408618131
-0.715890510 34.343462101 -1.989146377 0.223025612 0.794124223 0.501075991 -0.261818920 0.469897818 -0.007657664 -1.083480713 -0.010605924 1.259766793 -0.612468413 -0.181764649 -1.510221697 0.719195591 0.613410933 -0.915935915 -0.704458575 0.891607956 1.863334692 -0.624022614 -0.550522184 0.523087678 -0.481791148 0.977822690 0.488793137
4.754338309 38.365200325 -2.359335202 0.024881236 0.797065191 0.535302388 -0.278422986 0.075411366 -0.679910571 0.010394258 -2.618532943 -0.458510531 1.537107725 0.645307424 -0.292134096 1.148240993 0.158212233 0.903414708 1.089425341 0.334649588 -1.650224071 0.737023134 -0.386754184 -1.436843167 -0.426861699 0.995543966 0.481283068
8.661463450 29.937942488 -5.193267153 0.848799540 0.313519854 -0.425678086 0.006542904 -0.637453059 -0.360877315 0.267882869 0.740539314 0.168596681 -0.431151121 0.889653852 -1.995661794 0.640082336 -1.229158026 -1.140267026 0.101819678 0.551060892 0.494960506 -0.454681439 0.353954136 -0.011146798 -0.750019235 -0.887422224 1.829267538
3.828892028 37.623383015 4.760053682 -0.929380733 0.195352079 0.130636816 0.284645464 1.207117109 0.127386298 0.540123217 -0.488549880 0.908770726 1.938025714 1.302974767 0.358934189 -0.559169005 -0.772425543 0.944941689 1.521076904 1.723138144 -0.370057750 -2.414610029 -0.639162944 0.651580297 -0.013235532 0.967484418 1.216874983
8.267854300 23.790338289 4.702017377 -0.539387367 -0.815070178 0.205783830 0.048732815 0.499618455 -1.943434641 0.761426985 -0.451471276 0.374283513 -0.373334775 -0.029827828 -0.653595679 -0.890083959 0.875524447 0.356709178 0.516283813 0.222092584 -1.048072980 -0.406050696 1.235946288 1.958904759 1.197915274 -0.312251970 1.061441129
3.809184239 23.748407888 0.588852904 0.329547407 -0.443324518 0.281483022 0.784620409 -0.091099386 -0.998022113 -2.143880354 -0.019566111 -0.596088694 -0.119081967 -1.025475489 0.696228489 -0.403710953 1.519385618 -0.951120090 0.307578157 0.405003351 0.325554928 -0.732777651 -0.603372462 1.317976611 1.538542207 -0.225196149 0.837425681
3.185343471 31.703035816 5.945801848 0.892917095 -0.029349295 0.096737593 0.438724878 -1.932654978 0.011918340 -0.509119156 -0.910202470 -0.451563738 -0.858837675 -0.801524946 -1.731352963 -1.125252047 0.553883798 1.050528224 -0.851962285 0.676514123 0.531317020 -0.036497130 1.460745183 -0.499184433 0.159950526 -0.063624497 -0.797433205
8.787345834 28.259342583 10.071484296 -0.657282127 -0.583956746 -0.414775752 0.234383874 0.352312342 -1.425032764 -0.439540692 -0.696864396 0.364114606 -0.263555591 -0.127133030 -0.556510755 -1.018328171 0.217350999 -0.856418895 -1.664867002 2.133263017 -0.426533820 0.431034576 2.964684269 -0.948588283 -0.954749813 0.118354812 -0.713237128
7.149019954 33.335158483 -5.060788268 -0.136758789 0.742057612 0.079501969 -0.651403846 0.080514836 2.152112060 0.792102416 -0.964911593 -1.021080279 -1.434127031 0.108524278 0.351718827 0.858294163 1.012798995 -0.515612076 -1.345556791 0.325682578 0.907411201 -0.861914163 -0.549184945 -0.248239813 -0.085909323 -1.493546571 0.528310216
-1.130474754 28.377885918 1.056264541 0.338346456 -0.329759528 0.769864832 -0.429055323 -0.584896566 -0.458585443 0.156493000 0.839243105 2.368972230 -0.935022094 -0.025044130 -0.488466589 -0.875812090 -0.704661319 -0.294675669 0.829116258 -0.143805249 0.480669574 1.357206696 -0.241591959 0.098145295 1.174896803 -1.269592782 -0.441348929
8.059824469 24.324542853 10.432133978 -0.168237620 -0.700164897 -0.346329354 0.601266329 3.179557580 -0.083684170 0.191546962 0.227322198 -0.228509025 1.039110274 -0.874796291 0.304910416 -1.483282609 0.164912876 1.083022376 -0.619431712 -1.895053753 0.681405415 -0.333226002 -1.263784864 -0.806857582 0.840201781 -0.378570458 -0.793112399
1.532524404 25.095899749 3.325007719 0.121266192 0.335128317 -0.004993754 -0.934322527 -0.560220519 1.472934693 0.272405978 -0.450356732 -0.391606373 0.537937042 0.527405063 -0.927447437 -1.031888089 0.785508442 -0.725893878 -1.275847859 -0.507002434 0.131636643 1.833110056 0.543081650 0.172985933 -0.821907727 -0.224822969 -0.743117145
7.476032108 34.896149565 -4.942579239 0.639839649 -0.575924215 0.438584812 -0.257992025 -0.446237964 -0.820259614 0.793455295 0.729545171 0.218601729 -0.599174878 0.530860893 -0.585771597 1.083276968 0.134935413 0.214841761 0.534269589 -0.961421910 1.227446824 0.461876048 -1.366810479 -0.304504537 -1.495876744 0.289890954 1.052944401
5.784166147 24.469149314 1.152067691 0.330582839 0.049613327 -0.933584138 -0.129128469 -1.910111962 0.402185341 -0.762111819 1.970716210 0.345897073 -0.494024036 0.862932254 -0.415489287 -1.453952856 -1.474858499 0.087102984 -0.899120043 -0.097413733 0.553028417 0.103481154 1.070110338 -0.255494929 -1.836744701 -1.113921581 -0.846615744
10.483613133 37.319139631 5.545788619 0.022527525 -0.087848085 -0.985636692 -0.142462404 -2.384560961 1.323253236 -0.208431952 -0.150440005 -1.283653843 -2.049533515 0.405247416 -0.584865853 -0.659896310 0.063550821 1.094652432 2.762255987 -1.303925706 0.994032448 1.442713549 -0.013660960 0.262521874 0.773651041 -2.554541431 0.406420204
3.299457444 31.089180913 11.375473010 0.187230075 0.617730100 0.169467543 0.744738326 0.442958048 -1.800887001 2.289964510 -0.062464127 -0.149687315 0.684766412 0.323311485 -0.944833938 -1.197185563 -0.950321774 -1.733125129 -0.240625135 -1.208169533 0.646354637 0.585699909 1.340617572 -0.054901461 -1.431801900 1.167816146 0.424230658
-0.131351347 35.130031806 9.886545887 0.326762429 -0.203609060 0.514877272 -0.765944554 0.082158449 -0.243855607 -0.417314774 -1.878473920 -1.535707281 -0.754271739 -2.044319854 0.625441835 -0.322153020 1.964739275 1.750059225 -1.355635943 0.478821266 -0.042397938 2.163633400 -1.557622470 0.185085856 -0.441605074 -0.931653221 -1.465891305
10.268787038 25.978339746 3.413722980 0.024618870 -0.314348986 -0.123912393 -0.940863617 -0.357013339 0.779416333 2.315469319 1.009626534 0.033453949 1.216567402 -1.086862849 0.363625143 1.029154883 0.370130775 -0.318523420 0.729608536 -1.107990537 1.612531329 0.070139951 -0.562292492 0.448920599 1.593086638 -1.369879777 -1.940694205
-1.250388840 25.574852934 -2.616252392 0.026877156 0.126839840 -0.485410596 -0.864618891 -0.591316994 0.360160457 0.753438531 -0.058795270 -0.495834954 0.380800021 0.326989156 0.602425397 0.529025573 -0.047202534 0.260730531 -0.346381115 -1.463311637 -2.387785695 1.390315940 -0.214876695 0.901691707 0.657974384 -0.870161562 -0.495439001
3.804570683 22.497703886 -1.904779066 0.851104240 -0.028223924 -0.192734104 -0.487522870 1.051619729 -0.249487142 -0.250772729 1.849205933 0.340123601 0.284628796 -0.004380686 -0.869967870 0.737062394 1.335079568 0.277789666 1.194924788 -2.148309503 0.242938496 -1.721266172 0.590158750 -0.716985359 1.869539354 -0.105494279 0.127231247
4.603214248 36.777006401 4.924198589 0.424029348 -0.481729307 0.429874107 0.635093883 -0.447830338 0.164261588 0.222761086 -0.912807345 -0.390851636 -0.039814659 -0.883650801 -1.724889735 1.996648054 -0.015028789 0.043950700 -1.057608044 -0.208496351 0.781121001 -1.389019189 -1.061511814 0.342299194 0.048898320 -1.972697121 0.486775970
4.274741472 39.151412778 4.740275661 -0.035897384 -0.234001699 -0.150437882 0.959855732 0.331272517 -0.740493407 -0.243705867 -0.283706977 -0.754809964 1.146520693 1.013080100 2.054665008 0.727465771 -0.922125656 0.528719005 1.360788124 0.507617103 -1.480674197 1.232448892 -0.689486342 -0.804840140 -0.955577202 1.707717606 0.805929033
13.771224517 30.257897200 1.288355693 0.407875909 0.150415381 0.837183672 -0.331867377 -0.907953027 1.356588179 -1.679695810 -2.193608771 -1.396002654 0.614294674 -0.783853833 0.807067561 -0.778579986 0.692846911 -0.375008115 1.703094519 -0.808307269 1.457588740 -0.128081650 -0.517524158 -1.191038559 0.073538121 -0.597296457 -0.229043436
11.055558430 23.259529017 4.408726751 -0.221423766 0.509182446 -0.095702187 -0.826163328 1.223213407 0.514855415 -0.597133286 -0.327372100 0.575030944 0.393687521 -0.315713897 1.244281968 0.002023619 1.061225136 0.772702436 0.279248720 1.911135741 -0.333119813 -2.244789446 -0.445538067 -1.177341815 0.450665227 0.500981561 0.860155200
5.788971615 25.332232684 10.054782290 0.372310976 0.265281431 -0.153769118 -0.875993926 -0.326777849 0.208399751 1.719104972 -0.201924125 -1.301284278 0.792273859 -1.073580690 0.140840963 1.357756360 -0.764339797 -0.371588941 -0.339354320 1.062349516 -0.471963885 -0.413821767 0.913159349 -0.244805095 -0.806394055 0.264870916 -0.559718361
9.631059682 35.429847824 7.268991724 0.770575085 -0.200604547 -0.324514819 0.510550670 1.441137692 -0.385748607 -0.591709337 0.322733127 -1.253871867 -0.135777627 -1.541031621 1.038626623 -0.668897721 1.225766051 -0.161689392 0.843251074 -1.104574048 -0.082563611 -0.187089553 0.712865728 -0.605300476 -1.234651127 -0.777724529 -0.289595335
7.409307090 26.748858742 0.944601390 0.302515308 0.233433462 0.884876460 0.266433778 1.542744901 1.500829112 -0.545681740 1.529656749 0.971479805 0.674333963 0.675123956 -0.092316699 0.872060786 1.048408386 -0.655514386 1.916428049 0.674637564 -0.258110744 0.519456136 -0.383346443 0.236600885 -0.640957846 0.121660869 -0.652953946
7.953086630 31.050537305 6.460226467 -0.297567092 -0.727815468 -0.535463941 0.308248014 -0.386835924 -0.161309425 -0.216842707 1.217937925 -0.631387972 0.378821882 -0.315001990 -1.246315809 -0.648751888 0.237252938 1.352109395 -0.204292042 -1.104993521 -0.745343979 1.711888926 -0.966945563 0.223803880 -1.785254697 -0.703285959 1.638425209
12.121086601 34.342267981 5.284576061 -0.350046677 0.292843122 0.609413911 0.648324698 -0.935016175 1.078904053 0.039745075 1.462752250 0.056949947 0.980163174 0.265659529 -0.686177518 -0.030077240 0.223136518 -0.206961940 -1.607523342 -1.102694201 0.931100745 -0.181690319 -0.204922573 0.032018999 0.495689403 0.396835436 1.510957509
6.394705701 39.783601872 2.380371529 0.328197299 0.379265333 0.156622555 -0.850831191 -1.209541078 -0.584907343 -0.207813640 1.283713298 1.354160407 -0.472203107 -1.351899474 -1.382337327 0.819000775 -0.624499515 0.644696229 1.379311264 0.623736859 -2.158546962 1.170434589 -0.462261276 1.223156495 0.136553004 -1.690662824 0.534903331
1.160860018 28.005323666 -3.724183643 -0.299093149 -0.460404027 -0.167307652 -0.818889229 -0.351423854 -0.844671087 0.966614908 -0.004475289 -1.256310316 -0.309065818 0.488363919 -0.364053016 -0.755746652 0.047362379 2.012684143 0.818998513 -0.004918186 -0.782725284 0.499549253 0.181010665 2.176340503 -0.079929933 2.128546998 0.088288121
4.843863716 34.775659934 1.955718144 0.429758182 0.244138352 0.323251683 -0.806977521 -0.139176953 0.441938754 1.229737363 -0.769819518 0.459865274 -1.856794198 0.118409099 1.204914617 0.377375987 -0.789421524 -0.224312876 -1.839850874 0.031081690 -1.191179757 -1.306882497 0.781226619 -0.485592130 0.210530412 -0.160342229 -1.769613340
1.665068388 27.523835577 2.999228204 -0.571280497 -0.720151936 0.339939270 -0.198648120 -0.563672218 -1.211923666 -0.352079922 -0.932768890 -1.386681493 -0.261051784 -1.094121974 0.155476563 -0.030547609 0.494898913 0.074345491 0.282529889 0.787253127 -1.812086198 0.120085386 -3.130874757 -2.048751424 0.224107650 1.125706915 -0.453262470
-0.333897034 26.177603323 10.020153880 0.638068142 0.305115023 -0.620220945 -0.339263685 0.268501927 -1.421756432 0.016775196 0.619016893 -2.297799253 1.476224340 -0.323008043 -1.158268675 0.975532835 -0.766414837 1.502448638 -2.655318194 -1.265179382 -1.387812084 -0.218425094 -0.511232814 -0.903114514 2.116264092 -0.567709728 2.049430703
2.758224735 29.156153087 3.174100548 -0.420229324 -0.508951699 -0.162725582 0.733413845 -0.889236246 0.288938962 0.425933620 0.049062482 -1.507330077 0.231389925 -0.635248750 1.753771376 -1.131615598 -0.851986312 -0.939616915 -0.439587069 0.246556238 1.114750668 0.231290706 -1.008984751 -1.369865631 0.107105159 0.210013182 -0.836528226
1.793908368 28.934860002 8.605542047 -0.137219026 -0.088386687 0.844189067 -0.510591375 0.024217162 0.720114151 0.197536713 -0.847126932 0.518867937 -0.880651157 -1.242209790 -0.447115903 -0.025644879 -1.328308397 0.668062912 -1.063712306 2.498058375 -0.359327384 -0.501463972 0.477394424 1.195392857 0.454287104 1.000265132 -1.015888434
-1.108739941 30.129630788 9.543499999 0.655277246 -0.267725843 -0.534178152 -0.462156149 0.140362283 0.230564254 -0.978707644 -0.257547529 -0.278579240 0.682406231 -0.536701972 0.190279826 0.951134673 -0.630392097 -0.478008068 -0.635066386 1.223524100 -1.409636435 1.428248113 0.350425675 0.309208328 0.364845841 -0.900403413 0.332114138
8.015064048 24.492184032 7.981954240 -0.393758287 0.338239172 0.487195799 0.702274111 -1.294056954 0.149435391 0.527723352 -1.359156565 -1.525497610 0.727816457 -0.490106351 2.155423658 -1.369971914 -0.304728824 0.349181465 0.274127208 -0.248399903 -1.383306245 0.462660674 1.211767968 0.063734855 0.828787829 0.785691239 0.527947126
9.653479736 21.998711843 3.933131794 0.758817837 0.559257317 0.025564121 -0.332826111 -1.344051343 0.979677824 -1.118558870 0.592318097 0.722529401 -0.649697830 0.084292582 -0.664630649 -0.241963827 1.480942855 -0.155955705 0.136611242 1.322521599 -1.669336509 -0.608772638 1.132940299 0.492128906 -1.083097400 2.334602525 1.710743461
2.181461772 33.869060498 -4.618258308 -0.537419177 0.497457481 0.497885275 0.464571777 0.649509720 -1.314874641 0.511789004 0.318907656 0.497747098 1.068956672 0.256333743 0.742153409 0.567736331 -2.160967458 0.207671209 -0.321331053 0.444747399 0.291372980 -0.952505683 1.200941290 0.218905179 1.458964483 -0.386372574 -1.056170402
6.468340458 28.337097688 3.916432255 0.718381022 -0.618647436 0.005058654 -0.318085628 1.200903829 -0.901302464 1.115105562 0.029563611 0.221878143 0.368181341 0.207780778 -1.761628893 -0.782285298 0.720554055 -1.584955824 -0.299376857 -0.295401100 -1.223405990 -0.065327424 0.100821953 1.931290929 -0.918918602 1.039320270 -0.524192664
1.366086596 34.495532554 2.299595638 0.207200410 0.197915986 0.554377167 0.781385442 -1.330262581 -0.509675154 2.149599652 0.872335519 -0.167481346 -0.095049547 1.009637074 -0.569631627 -1.795574430 0.022742631 0.356586761 -0.447052994 1.057709417 0.705243300 2.489787699 -1.105909139 -0.800845781 1.110636993 -0.259530878 0.887149295
8.549447926 27.771394693 8.808409694 0.552170312 -0.473217876 -0.288366268 -0.622910655 1.718156723 0.587554175 -0.061863368 -1.145961565 -0.976034954 -1.129372972 -0.486912033 -1.052451498 -2.905191776 0.264454309 -1.516588468 -0.003200266 -0.064879283 0.201016521 -2.021982919 1.653328615 -0.238977346 -0.687890390 -0.941032482 0.472864179
11.371026556 29.581968031 1.340963015 0.230820625 0.864034042 -0.049298966 -0.444675866 1.873691889 1.324198155 -0.034964581 -0.583232098 0.020469489 0.964976373 -0.894726044 0.275051034 -0.982320149 1.166031445 0.676198677 0.724782736 0.410817415 1.765484222 -0.769851397 -0.213397211 0.068353604 1.085171286 -1.098825578 0.388880463
1.516958067 30.230507193 -2.441646443 0.125489511 -0.540711313 0.441394116 0.705021201 0.267616610 -0.806205884 -0.239397576 1.947285926 -1.307124177 2.704108162 1.311663878 2.110478237 0.099139642 1.300270014 -1.137075981 0.300000276 -0.959491872 1.025884547 -0.098882710 0.232873140 0.343974294 1.132048930 1.151773883 -0.639772797
6.166373031 27.922730198 8.747046440 0.667694764 -0.185614622 -0.590514330 0.413550166 0.566956684 -1.008537793 -0.274716183 -0.860704483 0.445730679 1.279017560 0.611616188 0.171076397 -0.649863573 0.058473181 1.028892377 0.389766537 0.024627380 0.822268354 -0.867517675 1.301257990 -0.913431072 0.183238699 0.366382776 -1.004572036
8.643548484 24.167776636 6.761699818 0.487467486 0.157945028 0.716799096 0.472893089 -0.552162524 -0.267642472 0.613371384 -0.488616643 -0.301558218 -0.576562861 1.321072962 0.552002368 1.603319152 -0.786576147 0.666153095 0.821280917 1.107025179 -0.971073468 -0.414820604 0.236915389 0.019418661 1.136081631 -0.563014184 0.881088455
8.086375268 27.310455241 0.546801432 0.224034399 0.120830696 0.206920407 0.944665272 0.506067375 1.110493667 0.006011016 -0.473792741 1.946805224 -1.681578693 -1.773596148 -1.268884838 0.378818611 -0.692274424 0.054025175 -0.786273813 0.280100075 1.922849440 0.996665405 -0.466201572 -0.494155570 -2.253542358 1.464113249 0.277684109
2.593029460 28.702212196 1.037244512 0.272238745 -0.296129203 -0.688370410 0.603605617 -1.759333092 1.115325419 1.666635899 -0.693369786 -1.477586796 1.999436250 1.230840761 0.302182206 0.347725236 0.007253515 2.016372280 -0.614142762 1.535295887 0.821860446 0.644937167 1.296473244 0.393160690 -0.065245759 -0.022741574 -0.125900051
-0.273051166 34.334352591 7.163262508 -0.313244333 -0.351160232 0.292525906 -0.832462055 -0.693853370 1.310588725 -0.261867414 1.132777183 0.425443948 -0.826299096 0.300055816 -1.050455268 -1.969896051 0.383948485 -0.611926361 -0.545917010 1.521083561 -3.566206367 -2.005532428 -2.240386093 -0.798841245 0.296670188 0.498268239 -0.771659276
3.344507896 37.848344344 1.701812754 -0.508769098 0.243153707 0.638078818 -0.524295435 -1.556356566 -0.253378561 1.090751170 1.271175912 -0.091426454 0.244195722 0.103046597 0.310341165 -1.735861954 1.008874754 -0.627314719 1.847163960 0.123429113 0.003289187 0.390001909 -0.388471682 -1.256425900 -0.634931555 -0.937750901 0.050857498
12.684130563 35.317601681 3.227810544 0.425017970 -0.410939157 0.015027630 0.806388805 -0.006740961 1.518941407 -1.232542309 -0.309221793 -0.101403874 0.019213973 -0.060841171 1.950438902 0.435222213 0.225209764 2.077457222 -2.150973225 -2.284655665 0.694764532 -0.007183987 0.346119189 -2.210998596 -0.874796394 0.678366710 1.605605160
-0.163083032 32.744058037 -1.748285708 0.785667321 0.614765540 -0.059342923 0.035617543 -0.046723708 -1.657519085 2.852104092 -0.640821513 0.584055700 -1.367276374 0.856444618 1.289445601 -0.281771994 -1.110588290 -0.006244590 -0.082129361 -0.169014435 -0.204328176 -0.717364397 -0.893195777 -0.072323627 -0.925875822 -0.048997767 -0.415086006
-1.155674027 24.909471215 8.255383923 0.598225072 -0.196306388 0.609193662 0.482155211 -1.777455758 -1.514475261 -0.306488029 0.377030587 0.111609110 1.017203340 0.815853914 0.223206938 0.872729750 0.374341406 -0.079704458 0.443334180 1.513107105 0.708681645 1.283225102 -0.977772748 0.198240788 3.293796805 1.893376635 -0.545143304
7.066605798 24.864468045 -3.967068063 -0.603542093 -0.788909278 -0.087293174 0.075756157 1.197620481 1.247035962 0.744077401 0.537049989 -0.686618767 -0.723477396 -1.554792551 2.261655019 -0.841330141 1.433125753 1.447869648 -0.603048130 -1.709787008 1.365376659 2.110394566 0.044963134 1.042589329 1.395848738 0.537540935 -1.670477658
7.564251796 27.146181406 0.974229942 0.337199712 -0.385262180 0.143470445 -0.846927174 -0.004802364 0.835083322 -0.827445085 1.562740799 0.240290660 -0.049400975 -0.743136590 0.130436605 1.819668998 0.153528183 -0.181549944 0.931056059 -0.075954164 -2.027524029 -2.239809256 -0.402461261 -0.424086185 -0.768117462 -0.052866232 -0.905993608
9.106882318 31.070029272 5.470707370 0.296045345 0.929141235 0.062111368 0.212593265 -1.331720918 -1.412666966 0.766135927 1.537893074 0.692240853 -1.331484215 1.755111106 1.045805581 -0.816739726 0.178415721 0.697136138 -0.780022558 0.208553627 -1.817333054 1.023814484 -1.150044418 0.229541993 0.552133883 1.299457030 -1.007756104
5.295618089 31.147789549 10.707354596 0.223661335 -0.624257110 0.746957146 -0.048308285 2.562176499 -0.866638852 -0.642695503 -1.102020653 -0.153565848 -1.633935152 -2.274768867 0.454015509 0.384593130 0.421073232 0.607614111 0.255972159 -0.037471117 1.746678653 -0.274203776 0.921735165 1.955501043 -0.602753636 0.066999316 0.564097146
7.273239235 36.696124827 1.681037715 0.631583293 -0.661671552 -0.193797658 0.354592399 1.575140677 0.113114099 0.511130184 0.214501888 0.926643968 -0.144165602 -1.128130339 0.257327192 0.472873351 -0.952454488 -0.412020203 0.267731525 0.020544791 -3.079852289 0.026070021 -0.212222413 0.329550650 2.144337404 0.439452976 -0.481922639
1.287612216 30.807584287 -3.891547140 0.178367270 0.436619524 -0.864127594 0.175590458 -0.130961888 0.105677593 0.505031124 -0.471127891 -0.988996950 1.507057798 0.698800481 -1.280647242 -0.919129148 0.618983052 0.823411001 -0.776149710 1.190969250 0.233237316 0.795835211 0.984719818 0.713976094 0.061045365 0.160968144 -0.789870216
11.753207194 33.273688303 -3.186324291 0.163218716 0.906513056 -0.358117006 0.152793782 1.291598647 1.209466892 1.122723911 -0.228426657 -2.815309546 -0.207923070 0.616555061 0.990572068 -1.725302396 -0.475387231 -1.014883763 -0.771528510 0.646994011 -1.327419338 -0.437046482 0.173012088 -0.473188970 0.489622540 0.071695681 0.301842613
9.228149576 23.825438647 7.154936282 -0.251338547 -0.839059281 0.263857468 -0.403964966 -0.159783493 -1.147334732 -0.561915946 0.695551386 -0.421488238 -1.637611017 1.269158962 0.075251379 -1.195609803 -1.063699231 -0.196156470 -0.467262468 1.046947958 -0.050420893 1.195146659 -0.970984918 -0.670423870 -0.331859880 0.421037288 -0.200689220
6.181855193 25.944951323 11.668974442 0.289839593 0.479624690 0.602426211 0.568362408 0.368525139 0.437447606 0.320135351 -0.222408772 -1.826009211 -0.596489376 0.298743111 -0.238425239 -0.164942891 1.337422967 0.528320921 0.523614928 1.244749454 0.570991630 0.284359120 1.177393495 -1.239789213 -0.965147079 -0.128312637 1.495386157
8.692514434 22.500556405 0.414624345 -0.224696256 0.257489540 -0.160122743 0.926051530 -0.226002390 -0.249412539 -0.197041817 -0.505694980 1.024065678 -1.998003060 0.278385331 -1.207796934 -0.935365407 -0.328881198 -1.972178190 0.045714877 1.443929245 2.775126321 -1.117456566 -0.893465237 1.728512314 -0.435742229 0.527156918 -0.463896230
0.354927917 33.248195744 6.065081245 0.699710198 -0.158217117 0.604619439 -0.346133380 0.648244379 -0.800510044 0.444241231 1.104987422 1.372513574 0.459247215 -1.443503987 0.023385917 -1.391215687 -0.495014058 -1.895067107 -0.167596494 -1.300698363 -0.936990314 0.766999756 0.313716188 0.682305733 0.764537810 1.042797046 0.055623255
4.465084857 25.058809864 3.587629099 -0.591519531 -0.200424350 0.538413140 -0.565726095 0.083522720 -0.429925973 0.589134085 0.198651030 0.304551986 0.844390845 1.103182002 0.979084112 -0.582814322 1.584290306 -1.993854459 -0.931203121 0.005379617 0.636862497 -1.316011210 1.124712878 1.592803062 -0.784506589 1.001940819 0.577923437
3.839779036 22.230604094 7.447143722 -0.090152717 -0.030155075 0.879507247 -0.466294072 1.195190903 -0.617159744 -0.262851608 1.146861827 -1.073494876 -1.258765797 0.003310200 0.702384348 0.905485304 -0.522050406 -2.296751215 0.819777542 -0.082079223 0.619406882 0.905714215 -0.628589160 0.484172941 1.504840429 0.762830387 1.071402126
-4.193460136 29.274177852 2.508270051 -0.765292795 -0.508996141 0.375836874 0.118306851 0.798860268 0.169308963 0.145335107 0.086945458 -0.513874380 -0.250064852 -0.298800384 -0.548627421 0.567320339 1.326295260 -0.605639480 0.645397662 -0.471234295 0.868889822 0.102824404 -1.192238978 0.932871601 0.817560839 1.052013850 0.607914615
12.399935086 27.514843548 -1.461079547 0.626593866 0.537600776 -0.329089709 -0.458329027 0.361936566 0.942992533 1.176330688 0.395595099 1.031432409 0.010380171 0.568665243 -1.239661931 -1.173001530 -1.814646111 0.540689989 -1.563491016 0.283126953 0.709026194 0.519613464 -1.162027299 -0.624337980 0.285679482 0.886306553 -1.116910846
0.162480820 23.643501216 8.613837122 -0.938325154 -0.243650247 -0.129709478 -0.208220830 1.643139144 0.839379736 -0.735369106 1.708378294 1.865996500 0.529793317 0.800824067 -0.195537480 0.758097887 -0.291641131 0.771253579 -1.936342780 0.801773465 0.289284497 0.592179060 0.896879251 1.118858958 0.768603532 1.030382991 0.436005901
3.689067874 28.987599014 -2.754715269 0.514040315 0.766741539 0.356069486 0.145204983 -0.119164123 -0.148351620 1.114305296 0.617820499 1.483521498 0.182959481 0.516457597 -0.414485867 0.217339931 -0.473921330 1.850270607 0.335783400 2.244214729 -0.123323916 -0.393179758 -0.976515794 0.351203043 -1.669034492 0.167664632 -1.521107509
13.814230486 29.958850986 5.018181788 -0.272831311 -0.440328251 0.131670955 -0.845184516 -0.149223689 0.084049664 2.209427848 -1.567332524 0.588858614 0.396204377 1.294096039 0.271234873 0.708757071 0.298242817 0.511572975 0.537677605 1.943647427 1.445911467 -1.460102176 -0.522591797 -2.481428507 0.380495278 0.849777052 1.445528158
8.508996479 28.821939390 -0.859868854 0.582110139 0.647927004 0.483887026 0.084804071 0.319253476 -0.125261581 0.128776973 0.905540877 -1.380642709 -0.761110458 0.716604679 -0.266294570 -0.261583140 -1.385200523 2.730378742 -0.166937796 -0.010358462 -0.817199266 2.483050792 -1.042001293 -1.042260530 -0.603929286 -0.029408306 1.108572023
14.484292070 29.326798916 3.279677517 0.334547273 0.888547481 -0.182055946 0.255767724 -0.647511858 0.187455898 1.826186036 3.066089054 0.464724664 0.698656440 -1.783853514 1.249436209 -0.813069793 2.580853222 -1.050194473 0.301369805 0.092856621 -0.109516762 0.302571684 -1.029328133 -0.324441766 -0.736644203 0.848505019 0.884407404
-0.901051696 26.673631305 3.724280545 -0.657449517 -0.240507044 0.692303088 0.175022655 -1.915392802 -1.098027959 -0.583441517 -0.876517530 1.297439565 -0.266005520 -0.068959220 -0.176209682 -0.005940564 1.024460837 1.110724300 -0.690413414 -1.066077094 -1.151457372 1.400635672 -0.665054322 -1.087199026 -0.091248530 0.675792406 -0.206343278
-2.688105799 34.618289249 1.569679257 0.192463305 -0.099802125 0.971714745 0.093636888 -1.161317183 -0.359732587 -0.592004328 -0.440203623 -0.552006352 0.211355540 -0.109849749 1.382054718 -1.842481060 0.894590538 -0.797818957 -0.834523638 -0.352548941 0.253006169 0.581840933 1.497560742 -1.815843281 -0.247540414 0.523667008 -0.743744937
11.321474024 27.319703665 -0.248490248 -0.837720703 -0.014379990 0.093974109 0.537760268 -1.229260405 0.874186349 0.233711189 0.563074466 -0.155529934 -0.602310418 0.966717197 -0.161107093 -0.036833194 -1.471409605 1.300773136 -0.952051064 1.267367001 0.795859707 0.098583987 -0.440045439 -1.028167528 1.495163298 -0.357742009 1.104141258
-2.481090907 34.155829427 7.626002607 -0.637748118 -0.373122068 0.304754544 0.600984133 -0.759760053 0.767713701 -0.893313390 1.010503043 0.256893754 0.277027077 0.207638808 0.075292822 -0.499675965 1.504041272 1.540394112 0.205218281 0.802654442 -0.907907234 1.871140656 -0.071566912 -0.954749818 -0.421802446 1.119480647 1.408397262
0.652031055 29.955891344 -5.708032555 -0.091897603 0.243029301 -0.571501682 -0.778381280 -0.815310864 1.179614264 0.702908326 0.381976723 -0.756107529 -1.021015068 1.642936695 -1.188917432 0.133942155 0.725024363 -1.093391966 0.653723556 -0.281887245 -0.766140286 -2.381570869 0.108031681 0.395038333 -1.591947316 0.505422962 -0.246103947
4.525799879 36.694965141 2.322656037 -0.088195551 0.016827813 -0.964123634 -0.249807902 1.836476843 -0.017069457 -1.184410444 -2.018144640 -2.060060349 -1.126631233 0.452339927 -0.099164696 -0.191608672 -1.701114736 -1.359160321 0.624877267 -0.891919618 -0.209790427 -1.668963874 0.106540645 0.073456173 0.531179948 0.300384328 -1.043138003
8.384262939 31.291874781 8.120511443 -0.236454029 -0.185033616 -0.750164462 0.589156459 -0.225510700 -0.893076886 -0.970889768 0.074721645 -0.137280425 0.928037249 -0.644387329 0.382108234 -1.136293500 -0.208541027 1.162304829 0.243599574 -0.209009916 0.423558456 1.732185174 -1.176512812 -0.418889474 0.919326999 -0.112310133 -0.380221949
6.333786986 25.305199121 -0.322929357 -0.721237659 0.371626673 -0.578532109 -0.083728455 0.088574898 -0.953730244 -0.194959981 1.307483827 0.065034589 -1.613707165 -0.418316647 0.541607534 0.706959724 0.677908994 0.133369321 0.092374642 -2.556440616 0.780318021 0.942421788 -0.729351470 -0.262576658 -0.997425324 -1.694477153 -0.100270262
-1.293388658 31.665575471 1.693302375 -0.248192081 0.382487499 -0.722507704 -0.519698588 1.205267240 -0.749618937 -0.513799277 -0.569237238 -0.503788873 -0.582669214 1.385505013 0.792622430 0.978584126 -0.225357110 0.093517733 1.682884516 -0.256384935 0.995601143 0.250193495 1.677661695 0.674461207 0.937390811 1.766022978 -0.862923915
2.503834875 30.817653563 -5.694159496 -0.286638656 0.040906060 0.067540965 0.954779133 0.434349416 -1.356222401 -0.347046756 0.371913135 -0.589969814 -0.132451228 1.690527227 0.431110941 0.323307331 -0.873411023 1.676937704 1.102217446 1.824222022 1.146751495 2.159317608 -0.692970652 -0.659244896 -0.977953275 1.154944276 1.808282738
3.003187251 33.336360882 -3.699313417 -0.247853401 0.440298458 0.810425287 -0.296507695 0.407508244 0.059991912 -1.505677229 -0.616966744 -1.765826153 0.381107925 1.864390817 1.653994645 0.843266923 -1.237685969 0.403311076 -0.366819242 0.154227990 -0.889579913 0.676425006 1.529322170 -0.162806110 -0.769373792 0.445228797 0.187794825
0.516513087 28.530887704 6.022252975 -0.039498658 0.081530958 -0.806762715 -0.583889100 0.259763939 -0.278896562 0.217932343 -0.740151266 0.196646368 0.169080201 0.918588302 0.127479968 0.732509175 -0.437011454 -1.206437608 -0.126998297 0.450810359 -0.530292561 -0.919511510 -1.113857763 -0.894200696 1.152331732 0.224609648 -0.031547070
-3.695023923 28.876412331 -1.533663167 -0.284510581 0.820056235 -0.273977952 -0.414122667 0.179593720 1.170416804 -1.100919062 0.855192531 0.497994102 1.068211323 1.054257489 -1.282672545 -0.875518433 1.145314698 0.984944427 -0.700019147 0.435589452 1.330865702 1.563680992 -0.941771733 0.720005816 0.796629186 -1.046748717 0.922932758
5.947268483 24.627887786 -4.834982164 0.477119832 -0.235013999 -0.585233348 -0.612067819 -0.054336411 1.365046407 -1.575120078 -2.079799206 -0.391258063 1.496861634 1.028608640 0.112766691 1.126833312 1.262181731 -0.081040542 0.622147349 -0.816632191 -0.808847625 0.046698111 -0.648357016 0.289560098 0.574906973 -0.873948949 -0.533837774
0.645962690 23.692619983 8.920012559 0.814782961 0.504285204 0.032533606 0.284194869 0.097783117 -0.049808272 -0.247164651 0.159765165 -0.696852905 0.683177956 1.262722016 0.220182313 1.005786168 0.753336009 -0.005816276 1.914095094 -0.053812420 -0.354262456 -0.937040902 -0.483047257 -0.899072541 0.201345263 1.675858709 -0.949890748
1.079394572 26.262752180 7.364464754 0.417631351 0.907087220 -0.041202408 -0.032851057 -0.547208606 0.111607041 0.032159313 -1.079878201 0.911485231 -0.030924593 -0.556800546 0.174120036 0.299315961 -1.612383943 0.178348151 0.946166086 -0.347768394 -0.000093889 0.089409107 1.199329231 1.312624981 0.669524406 -0.145661690 -0.372696630
-3.295150301 34.738378658 1.967956787 -0.322815612 0.453879566 -0.376023552 0.740533395 0.327238480 -0.207362415 -1.917462450 0.205071780 -0.474776954 1.040624203 -0.525274063 0.429803690 -2.060779746 -0.172288325 -0.515452122 1.417410541 -0.052836288 0.789019011 1.352569784 -0.059717450 0.367426899 0.635255994 0.557048977 -1.284848573
-1.106181080 25.173601937 4.108369402 -0.536716458 0.037093060 -0.160359216 0.827553304 1.330814505 0.858044544 -1.000501072 -0.076502870 0.870400745 -0.725430517 0.630169244 1.942109809 -1.319779353 0.982361293 0.355464173 0.817884488 0.268303624 -0.250916324 1.424554948 -0.091813574 -1.784266856 -0.073623155 0.054451723 0.418737703
0.799490342 24.617600097 4.434800059 -0.708895658 -0.570800309 0.282502313 -0.303061705 0.853006003 -0.602420913 0.226282215 0.143580812 -0.057028226 -1.024345197 -0.405815631 0.352880281 -0.164770355 -0.784360113 -0.741749371 0.876385209 1.137921215 0.256173061 1.931843405 2.619036712 0.160502918 0.480344144 -0.232481826 1.274616842
9.487835292 22.533272105 3.219839105 0.148036938 0.940123127 -0.265076243 -0.154881104 -0.126562545 1.017882472 -0.849020654 0.207536999 -0.132404832 -1.426508906 -1.180755311 0.644316272 0.014762171 -0.122746090 -0.226413921 0.232739064 1.462953252 -0.710811162 0.099845358 0.779130620 0.104855381 -0.526958719 -0.132085824 -0.693285927
0.554420263 35.031074300 -3.880422353 -0.909673486 0.329032014 0.212367900 -0.138318318 2.403404502 -0.750447256 1.279782717 -0.631414027 0.560749410 0.155959720 -0.444131617 -0.295281614 -1.374643597 -0.663359541 0.452681749 1.697734279 0.749821117 -0.691514875 0.698548256 0.064866171 1.920183878 0.237468531 1.796398738 -1.015743841
1.744690482 29.759209526 3.965275658 0.356423121 -0.295485943 0.197403173 -0.864107982 2.130303203 -0.729707048 -1.879423068 -0.083343291 1.160214595 0.512434227 -0.394244088 -0.564896497 -0.279370860 1.522711748 1.028591479 -0.523226218 -0.139345733 0.504058262 0.506959924 1.127311617 -1.005765704 -0.163031828 0.796599571 0.390424716
4.793563106 21.230383649 3.791805744 -0.056917578 -0.652967866 0.741575435 0.143035764 -1.049825674 -1.209701675 1.110899388 -0.151387635 -0.561542385 -0.906162158 -0.067423501 -0.357312221 -0.757417430 0.673623396 -0.631760641 0.671266525 -2.125015087 -0.115759008 -0.173273172 0.548832395 0.342307806 -0.348941881 -1.342644305 0.034329327
4.794552894 39.153736793 7.086743364 0.675278662 0.084861791 -0.723279270 0.116894408 -1.177754499 0.245799831 1.293683201 -1.009802133 0.399713735 -0.423307787 0.459512827 -0.115479919 1.002849108 -0.344330508 0.215377372 0.605289660 -1.733884193 0.961478374 -0.597622897 0.830808517 0.821443907 -0.295469485 0.412596050 0.242521520
7.152714315 27.252235135 6.184869682 0.467865243 0.522621754 0.696505785 0.151156565 0.408948240 0.582862146 0.262395416 -0.432757020 -0.004873773 -0.239273983 -0.322796405 0.460306879 -0.441701071 -1.344975853 -0.870601253 0.350213330 0.382902562 0.674014776 -0.241358660 -0.060174565 0.411307628 0.030476717 0.430760352 1.848221609
9.871914635 38.457614539 3.278366683 -0.140359352 0.551616852 -0.762003274 0.308818898 0.936280135 0.958976491 -0.165910695 3.507995505 -0.096628917 -0.416290609 0.108262140 -0.179731170 -0.873404776 -0.427522922 -1.387616463 0.654393533 1.174419251 -0.636591616 -0.135623466 1.358585591 0.590883407 0.837272983 0.670759467 0.892719291
9.437753352 30.658001102 -1.265228263 0.409373818 0.480109821 -0.038498632 -0.774871275 -0.872546226 0.103230049 0.468980376 0.077592022 0.179264234 1.129571311 -1.430180509 -0.204889525 -0.714948034 1.272841699 1.564136766 -3.486470871 -1.032607388 1.220329664 0.878402364 -0.141189073 0.280428297 -0.114014290 1.571946023 -0.247901125
1.158193646 37.402801459 -2.829619509 0.462905816 0.487035939 0.474276288 -0.568837588 -1.168973592 0.837179329 0.410925063 -1.649830914 0.727951663 -0.284932759 -0.048124261 0.385755346 0.668361612 0.578295704 -0.325890944 1.192194770 0.608102169 -1.857663245 -0.910280445 -0.734277046 -1.309415501 0.121822695 -1.911422361 0.157740934
11.906003348 32.953508922 9.406726633 -0.122511527 0.433702686 -0.824816561 0.341424290 1.221407278 0.405019538 1.524174879 0.693577327 -0.163259966 0.605170134 -1.120861600 -1.125340023 1.299677713 0.156237232 0.602193118 0.616872056 -0.018899933 -1.131741453 0.332653898 -0.142297774 1.971572016 1.567195211 2.792161085 0.927410945
8.682966494 30.092554929 7.323048095 0.508274430 -0.219626415 -0.597795492 -0.579708453 0.973572003 1.197362915 -0.568392951 1.612715179 -0.282476513 1.044962247 -0.948812430 -0.069235546 -1.058880219 -0.514779124 -0.123256154 1.418075368 0.589212595 0.010035039 -0.232533264 0.819922617 -0.958286493 0.130058303 1.538572247 -0.619436881
12.962741106 35.178231034 4.046673205 0.352360764 0.660048934 0.429673407 -0.505527506 0.782182778 -0.224095921 0.648846112 0.135305129 -0.098227182 1.084098889 -0.189142191 -0.494171892 1.492692968 -0.089867782 -0.694305611 0.201120065 -1.291398130 0.175513357 0.380731665 -1.544544978 -1.149455376 -1.559618829 0.935614509 -0.350955025
-2.742212525 32.516555009 -2.321038237 -0.744334620 0.529992693 0.248822565 0.321186938 -1.373774418 0.888044529 -1.325015017 0.807311615 0.476223905 -0.598610823 0.157777359 0.542550883 -0.804815413 -0.335610592 1.204672613 0.533121948 0.376360024 -0.077913864 0.513900974 0.396705647 -0.391691904 1.837300234 -1.217245115 0.090655597
0.373860864 31.871448001 -0.774052721 -0.106074041 0.493333125 -0.451381118 0.735952316 -0.316159478 -0.235031367 0.082453988 0.428588195 -0.346652451 -1.697515874 0.347489251 0.157361174 -0.593433571 -0.877074433 -0.379035737 -0.857316970 1.093183078 -1.364510932 -1.290262300 1.620002402 0.073739441 -0.480515611 -0.124292126 1.703984884
4.236279443 21.321860732 4.484049020 0.141814345 0.917554585 0.039027938 -0.369403703 1.607179859 0.836443200 0.966028696 -0.550469965 -0.863713337 0.226756519 -0.708799561 0.108593287 0.620647354 -0.921493670 0.345302051 1.208917134 0.223849987 0.774855227 -0.282292350 -0.020439244 0.383201765 -1.074536648 -1.389304909 1.685404005
-3.009209992 29.606993882 4.660761302 -0.928804979 -0.277873753 -0.134119999 -0.205229908 -0.395937092 -0.120930715 -0.143944872 0.316969904 -0.297339969 0.509515304 0.328368439 -0.257333724 -2.957440913 -0.664564677 0.511385370 -0.209769086 1.011605975 -0.238064717 -0.797290431 1.198322337 -0.296387630 0.930001533 -0.327779350 -1.029103491
4.162833099 24.196551708 -1.780207527 0.138002834 0.707659098 0.068916900 0.689510174 0.115026559 0.110366532 0.111246190 0.443551558 -1.675297586 1.243452298 -1.334949838 -1.919085266 -1.404550936 -0.123702158 0.642880729 -1.719314319 2.258356256 0.323384806 1.789083919 0.836315745 -0.872215203 -0.355134107 0.184841056 -0.071407501
0.118637165 28.013706415 10.084328048 0.689025751 0.339899660 -0.583205878 0.263785216 0.629804083 -0.395895491 -0.005389149 -0.413215121 0.189109658 0.964194051 1.567050632 -0.623979861 0.901041771 -0.065443361 0.095546218 -0.067884730 -0.060653696 -0.473143072 1.189468251 -0.103107735 1.167183061 0.357358477 -1.165378692 -0.756650261
8.119729059 36.902186942 3.356483748 -0.254997098 -0.073403043 -0.060455421 -0.962254444 -0.862480703 2.575743628 0.362011274 1.278137813 1.228403495 -1.057319035 0.389707627 -2.294827530 -0.580780869 -0.238986753 0.863555482 0.290093398 0.704427309 -0.825068696 -0.755979236 -1.325496261 -0.980013949 0.146667539 0.713549355 0.750191459
12.285175422 34.958828658 5.966769770 -0.551950375 0.580052813 0.477825334 -0.361348125 -0.537568811 0.685853483 -1.119559625 0.173474861 0.983471213 1.016023011 0.706653033 -0.590270365 -0.707099787 1.914386729 -0.853408975 -0.132174384 0.081875905 -0.688653282 0.243878624 -0.913784853 -1.763723340 0.959951101 0.610471414 0.340972611
2.258436851 25.840254422 5.080894514 -0.677547027 -0.530661329 -0.508600043 -0.025584692 0.723475566 1.084953927 -0.341766012 -0.619003063 -0.103651100 -0.343367395 -1.261780864 0.700425331 0.135944948 1.182205299 -0.012793688 -2.280408240 0.194207232 -1.146449710 0.828982110 -0.063443629 1.038095321 0.326954594 0.895020524 0.963059580
-0.298234065 27.729224299 5.829937016 0.485421288 0.721351943 0.493298154 0.025970721 1.357712661 0.579561314 -0.550444664 -0.267206186 1.366585106 -0.248376233 0.317560937 -0.680371772 -1.870062879 -1.288139237 0.815923404 -0.545895092 -0.278773322 -0.566624269 -3.160084042 0.517775665 -0.814898769 -1.832045065 0.068008273 0.922459286
1.217151031 30.460931555 -1.611851281 -0.815901463 -0.209802185 0.314873931 0.437198184 1.079338784 -0.580417418 -2.019277812 -0.989209642 0.128842355 0.450648275 -0.142027779 -0.120981229 -1.336218463 -2.381671286 -0.899774441 -1.178332447 -1.166477513 0.385421055 -0.795367393 -1.639006305 -0.626093660 -0.025754745 -0.000078393 -0.921963251
-0.184757423 27.550028412 -3.705337991 -0.645180005 0.409312270 -0.271062835 -0.585432461 0.099458650 -0.392737415 1.326718305 -0.378621922 0.566379306 0.521552425 0.559878167 -1.383417582 0.173719598 -0.099013086 -0.075680292 -0.125195060 -0.201810648 1.486379931 -0.283792762 -1.573538657 0.090356780 1.267215537 1.106360262 -1.635007636
12.155829026 27.595473000 1.676990527 -0.763505342 -0.415848400 0.476186825 -0.131817331 0.169800250 0.809895311 0.797215719 -0.680961049 -0.596317059 0.566413902 -0.834970708 -0.869230338 0.765316063 0.011209325 0.571612964 -0.052911207 1.473996845 -0.218889999 0.598135471 0.268507415 -0.165991950 -0.035488034 1.202623615 0.023128061
1.343567338 31.673060461 4.788536184 -0.425863999 0.345069193 0.670293825 0.500273220 0.846045978 1.458090789 -1.104020973 -1.829089720 -0.111087244 0.551685875 0.637675964 -0.195600334 0.585019228 0.040053334 -0.678430973 -1.047176958 -1.549957424 1.185403408 -0.306346168 -1.918680244 -1.439583443 -1.015587171 -0.096454266 0.110711858
1.799487634 23.912416257 -2.461821664 -0.471889849 -0.844830626 0.200649131 0.152712510 -0.453524918 -0.132876278 0.216195248 1.657668145 -0.923368014 -0.541156145 -1.113663113 1.331906364 -1.336868942 0.548177494 -1.233144063 0.942534858 -1.027196061 -0.514318263 -1.045192653 0.624221358 0.495209145 0.777819822 -1.300488455 0.993663107
2.842993528 30.234315192 -1.880499885 -0.392447773 -0.649638640 0.123273173 -0.639341933 -1.592645494 -0.453773851 -0.395265580 -0.124028745 0.628448123 -0.861576816 -0.659449728 -0.623051464 1.225738915 -0.421877670 0.290615535 0.447415885 -1.977893083 -0.141475807 -0.396154594 0.757169887 1.201943876 -0.508602943 -0.264413668 -0.496908306
5.391136551 29.621888170 -4.049445237 0.241038402 0.863882391 0.238879455 0.372215408 0.276379794 0.892707637 -0.572435628 0.567369140 -1.747340926 1.303035752 -1.240901249 -0.332534651 0.755349636 1.667004689 -0.628143681 -1.155771648 -0.088991205 -1.299428825 0.450183092 -0.470839382 -1.735833995 -0.647481192 1.772007712 0.210587389
1.676820477 32.644428714 9.879285873 -0.470977846 -0.830833927 -0.188005267 -0.229235410 0.617296895 -0.702768351 -0.859122405 -0.312704340 -1.203075070 2.141034019 0.748567445 -1.876349073 -0.234496465 -0.441910395 -1.312098726 0.403731037 -0.272952292 -0.986475845 -0.041822564 0.505535665 -0.257137616 -0.094836776 -0.966748799 -0.742464767
3.856468362 30.737576246 7.602953913 0.065603319 -0.135823966 0.705965916 -0.691997240 1.501744173 -1.303025365 -1.154340948 1.421768584 0.150022735 -0.200152323 -0.012447588 -1.822250782 -1.692854385 -0.151128957 -0.187146203 -1.827956940 0.088228873 -0.137931954 0.326825008 0.527906959 -0.800853056 -0.135618958 0.321518038 1.269612939
