27.858523729 -4.115876911 29.906605745 -0.684928375 0.010963803 0.387550949 0.616893166 0.748013556 0.455597954 0.968679066 -2.116914865 -0.684030124 -0.491702881 1.473467472 -0.080100253 1.564959351 -2.861282378 -0.590604429 0.656724749 0.356636555 -0.155974359 -0.469005150 -0.324906089 0.406402671 -1.380710376 0.427788490 -0.681344926
29.158087272 -4.073255428 20.814610148 -0.632131782 0.605440186 0.483552249 0.005367807 -0.227806562 -0.292853581 -1.259456838 -0.262257031 -1.349732958 -0.072775790 -0.677085890 -0.821471921 0.261652939 0.884822790 0.112974191 1.383231684 -0.872118769 0.537739362 -0.498601200 -1.542991264 1.031797944 1.179904630 -0.246821839 0.226392633
28.397342956 -5.363178767 20.157820887 -0.470877596 0.273407503 -0.812940463 -0.206519804 -0.413040623 -0.864167108 0.903180896 2.175146381 0.610168003 1.963191265 -0.731509659 -0.428314086 1.701009385 -0.125343686 -0.664904155 -1.981177520 0.910968159 -0.126854773 0.862237401 0.112574196 -0.970086155 -1.859133226 -0.122866813 -1.277467966
32.280114852 1.630198095 18.752883429 -0.376671976 -0.909678841 0.105528266 -0.139522094 0.090510260 -0.509223237 0.531645890 0.370455818 -0.797362446 0.562010373 -1.769365341 -0.292554088 0.014523930 2.464177784 0.729551909 -0.881426068 0.885158995 -0.973754159 0.951591301 0.265817301 -0.249369408 2.786979366 2.583378457 0.864942773
31.270300903 -3.780683138 26.041371786 0.072348159 -0.052473008 -0.233983905 0.968123886 1.041453630 -0.348371015 0.033172683 0.445512843 0.377976068 -1.626213936 0.630052312 0.196873626 -2.340634040 -0.944992560 -0.447737190 -0.533482772 -0.041182434 0.518536902 -0.844406659 0.464273114 -0.619748727 -0.158957818 0.129236348 -0.547880173
30.913422696 -0.352005472 28.468587813 -0.774718712 -0.134225407 -0.339766330 -0.516094272 -0.599039832 0.450887651 0.489897469 0.033928321 0.497751028 -1.789723612 -0.793805050 1.363993677 -0.030484782 0.164935781 0.819720540 -0.093429346 -0.962230134 0.054563733 0.302488060 -0.568896936 0.058908579 1.392557587 -0.128225369 -0.227373171
29.213235341 6.830626057 24.667751365 0.601915384 0.577072609 -0.223955454 0.504508700 -1.189657291 0.545051230 0.244258508 -2.686550623 -1.509414351 -0.666558479 -0.342615960 -0.748399463 -0.376612023 0.007051536 0.162291904 1.284671160 -0.736767887 0.609588552 -0.508718896 0.269440356 -1.907298159 0.835700069 -0.577707562 -0.256762918
23.422308817 -4.556442619 23.492144727 0.082650710 -0.812684351 0.576367854 -0.022651766 -0.331269417 0.048586087 -1.623100528 -0.333492839 1.884826394 -0.641836269 0.679109744 -0.262951104 0.542729928 -0.648107427 1.137511611 -0.659845382 1.261319603 0.512540822 0.502225141 -1.939183083 -1.317384977 1.495992228 0.127203952 1.029897164
36.525712377 9.011580457 21.991806550 0.835044598 0.116099965 -0.316906096 0.434501834 0.430432162 -0.712182534 1.085416748 0.454849023 -1.598728206 0.514856310 -0.121062358 1.509715872 0.848847994 0.203352098 -1.034494669 -0.829316499 0.380371289 -0.161483982 0.714352416 -0.776810377 0.003592217 0.006254269 1.015421533 -0.089601509
28.896434044 -5.323098892 19.407143133 -0.527005522 0.189371557 -0.226837982 -0.796836322 -1.383926657 0.546564304 1.036117624 1.295307037 0.620604957 0.102238909 0.084602834 -0.436010404 -0.827609496 1.184213754 -1.347915426 -0.926964436 -1.017258278 0.308581187 -0.355081165 -0.685332023 0.176429075 -0.350336159 -0.229871473 0.287595904
25.150573275 -2.282225306 17.808393217 0.501107989 -0.458838577 -0.447806369 0.581229214 0.204432339 -0.626548091 0.297745005 -1.349605402 -0.108569162 -0.563517250 -2.014500599 -0.229988862 0.119520528 0.605151697 0.941665026 1.353880231 -0.651521787 0.570735717 0.690585012 -1.506724358 0.776539944 -0.203140760 -0.761171012 0.586451218
39.242955057 1.236981191 26.208036698 0.379758861 -0.636870189 0.217028958 0.634884243 1.674784091 1.221725815 -0.081029961 0.990237961 -0.272868521 1.294679596 -0.178440073 0.134666741 0.588286909 0.949082361 -1.860259545 -1.766486450 1.208073762 0.575522549 -0.407943258 1.011041325 -1.680748657 -0.173768862 -0.424419496 -0.088777644
22.799651796 -1.507175630 24.745755067 0.196942554 -0.272779633 0.603944854 -0.722534093 0.193932296 0.662713941 -0.307494563 1.163759657 -0.057145870 -1.558243131 -1.178605802 -0.558197389 -0.679557604 -0.071275049 -1.077831745 -0.509155702 -0.248705295 -0.852144892 1.149974364 -0.558810978 -0.752791203 -0.795279652 -0.278065742 -1.316168416
30.952621578 -2.312508065 23.699554604 0.676995944 -0.659559567 -0.324700565 0.035031594 0.381469641 0.150534687 0.575424757 -1.139582304 0.552906787 -1.128916844 0.291345317 -1.165102576 -0.198829164 -2.436704306 -1.194402020 0.690111739 -0.691350258 -0.215316913 -0.371943314 -0.497895537 1.932975839 -0.414156218 0.907014106 0.342558147
26.881782179 9.690835322 17.528326144 -0.487828084 0.037737493 0.849707153 -0.196462202 0.571868696 0.924707530 -1.614853039 -0.890669400 -2.059229795 0.531303595 0.594591354 -1.277878931 0.170106436 0.069238640 -0.102141436 -1.177796689 0.297523211 -1.762426715 0.121837425 -1.175743483 -0.669695981 -0.298734876 -0.754156854 0.335913942
27.994087205 -6.754793634 24.578196896 -0.294275554 0.528907573 0.404672656 0.685491589 0.375276833 0.599482986 0.183294268 -1.034370777 0.685828623 0.283528479 0.370311521 0.590650132 -0.334853582 -1.416181889 -0.973959278 1.179675367 0.708991505 1.310131285 0.697908108 0.897770648 0.095120542 -0.104908044 -0.292538262 1.113805053
37.396296041 7.950708809 21.049595639 -0.468100729 0.570596757 -0.614324872 -0.279116463 -1.481105140 0.846313764 0.040897974 0.044870538 0.167812580 0.655970921 -0.266064167 0.240779394 0.945414011 0.426404221 0.310970573 -0.359116374 0.185302560 0.422017274 0.585250343 -1.270318776 -0.429619973 -0.022144109 -0.980016313 0.679291402
27.624563312 -4.372196565 25.621333971 0.110830029 0.722151268 0.103070656 0.674974585 0.005021170 -0.518031664 -0.263383442 -0.298524839 2.055694798 1.227648848 1.156668723 0.142874593 -0.367185956 -0.536858496 -0.513700362 -0.941422047 1.049690544 2.265139605 -0.264337416 0.258446271 -0.684971191 0.497309002 0.458625539 0.317423473
24.824875107 3.471583338 20.739267234 0.492113203 0.535478093 0.444079230 0.523336837 0.358500333 -1.394785936 -0.307362939 -1.463635247 -0.076986908 -0.019261499 0.582495544 -0.293530688 -0.191000484 -1.209690761 1.083629567 0.271762781 -0.459021302 -0.265735027 1.166005824 -0.286507479 0.252361509 0.391239483 1.400793509 -0.234676197
22.791550119 2.049008730 17.623195613 0.261614132 0.235850185 -0.188111775 0.916813338 0.968362971 0.415076866 -0.243425486 0.052228348 -0.993571004 1.964072536 -0.102687399 1.202225875 0.283343227 0.386258682 2.481708949 2.081663799 -0.775335316 0.476078287 0.523163073 1.929774175 -0.704932454 -1.156142531 0.329764145 -0.536970574
32.675480300 -1.339222165 15.207291778 0.055409995 0.189263653 -0.891713833 -0.407376291 0.666865698 -0.619300973 -0.147896627 0.497157258 -0.050773117 0.348358338 0.343628004 -0.261201688 -1.663860244 0.367321976 -2.997354392 -1.296156405 1.355732159 -1.516106077 2.048994425 0.114732317 -0.381361190 -0.471803758 -0.669985305 -0.060454781
29.483789022 -4.134206141 23.221877680 -0.446925611 -0.795897512 -0.090043542 -0.398367680 0.137991919 0.313715484 0.657299861 0.162307864 -0.285857481 -0.442733941 -0.067572489 0.395438317 -0.879222746 -0.242284087 -0.591520761 0.257224541 0.876121919 -0.548954910 1.721144443 0.949321371 -1.318643710 0.501053071 -0.420435089 -0.412822377
30.168126951 10.449046359 26.346974231 -0.265746888 -0.044315702 -0.899396411 0.344239459 0.094007313 -0.986214451 1.799245026 0.334707131 1.192101080 -0.326947195 -1.044148228 1.085049514 -1.250974905 -0.407580245 -0.610245102 0.810519056 -0.496854670 0.211187229 0.263121073 0.992637784 0.318457403 -0.355371762 -0.367473049 0.261932312
37.423934666 2.196812402 29.933836782 -0.243322781 0.876494032 0.006277722 0.415346635 0.201979190 -0.081859806 -0.875642221 -1.910948555 -1.812872997 -0.623731195 0.599379514 -0.641917898 0.233037704 0.268294112 1.043774150 1.085991312 -1.524968840 -0.229896698 -0.219031651 -0.243457099 0.156661326 0.912007487 -1.041332862 -0.002410520
31.832419604 7.822008301 18.887710944 0.502617958 -0.100439975 -0.307813195 -0.801584704 -0.671195819 -0.692009123 0.602825157 1.449898520 0.958715391 0.231475906 -1.038259628 -0.711222535 0.599337139 -0.005658668 0.562143257 -0.472519315 0.637563982 -0.006798092 -0.472850344 0.975236370 0.247141462 0.199508689 -1.045361201 -0.530992056
34.109899023 8.074285692 29.498382529 -0.686438096 0.229992395 0.681992825 -0.103884672 0.938337384 -0.332337064 -0.454861748 0.180739917 2.612333345 0.345652115 -1.790057261 -0.971522149 1.144323077 0.097009875 -1.167945673 -0.496961495 -0.034995762 0.177893980 -1.067648689 -0.331493601 -0.137866874 0.981726161 0.071616425 0.529743752
28.520558097 -3.646703065 24.380767955 -0.362815609 -0.036301987 -0.896192934 0.252755266 -1.469660467 -0.364348195 -1.570204282 -0.197831018 -1.340512722 -1.075254931 -0.128453046 0.471540117 1.122137185 0.431803482 0.932336640 0.359439646 -1.172811859 -2.172917098 1.654937039 0.305265573 -0.506744942 -0.663094921 1.119327956 -0.843998654
25.888019478 3.008696860 22.371560916 0.626959538 0.050744405 0.675018664 0.385611912 -2.452046708 1.002342325 -1.592527112 -2.168160535 0.162355325 0.208412432 0.909416153 1.711322721 0.698722704 -0.233897903 -0.246393996 -1.002361705 0.608493773 -0.228199978 -0.931523425 0.136143707 1.523118325 -0.743125327 0.651381936 0.659115332
32.866698307 3.407858650 30.463653868 -0.702931618 0.292915152 0.534554659 -0.366523083 0.066929166 1.844929256 0.245043498 0.364992376 0.992102980 -0.487447149 1.403418424 -0.569461130 1.080570098 1.441258644 0.053092832 0.787177033 1.068551222 1.301308117 -0.808041340 0.144775541 0.421775674 0.126972604 0.530820807 0.357627115
28.150800250 -0.866969825 16.580411934 0.640373346 -0.464068636 0.611599065 0.022557969 0.724245684 -0.518306757 -1.378955424 0.538863774 -0.079007352 0.343391551 -0.183838280 0.542517866 -0.496840805 1.962304047 -0.653997348 0.878282500 0.419225569 -0.135143578 0.554258190 0.088017418 -1.158882853 -0.235756739 0.193907599 -0.850972476
20.219132594 0.707996858 24.765099446 -0.738043110 0.032365378 0.419066714 -0.527852194 0.115362405 1.077352796 -1.187361232 1.407271178 0.976754807 -1.595109894 -0.964010672 -0.138012604 -0.864669862 1.087711861 -0.030423851 -0.268268393 1.008625073 -1.847381715 -0.150510422 2.944918909 0.228242204 -1.488674234 -0.520076539 1.061140862
28.553429397 -5.198950940 19.003093634 -0.355216100 0.090100988 -0.573877781 0.732371236 0.573063502 -0.319766549 -1.154213035 -0.917901285 0.935718118 -0.237031630 1.281887497 0.563543273 0.559294568 -0.745405994 -0.093820534 0.670277054 0.155592868 0.487884791 -0.256206154 0.869196238 1.176343318 0.200303496 -0.630099647 -1.958769355
32.474104488 4.110887034 22.347439465 -0.382251321 -0.895404367 -0.210016002 -0.089600375 -0.444219171 0.299145292 -1.703746890 -1.040459071 -0.246348531 1.424832372 0.600596101 -0.240152650 -1.002312135 0.706431878 -2.770509696 -0.307340629 0.630553886 0.111069991 -0.432587329 1.762620016 -1.265755966 -0.122493160 0.521837456 1.579068748
26.151503661 2.412134179 17.060653687 0.360389523 -0.929214756 0.081212314 0.009159119 1.222333546 0.277107100 -1.377942777 0.137800608 -0.343864247 0.359015103 1.250142099 0.315439237 -0.847990114 -1.389953165 2.334442164 0.683208328 0.864817172 0.291452672 0.368496000 -0.654493669 -1.088226178 -0.944800867 -1.430628547 -0.124882151
27.139968640 9.060393617 30.067523815 0.103784937 0.752858231 0.454833873 0.464283662 0.308956580 1.510042795 -0.536827257 -0.811692872 0.640802432 0.275397139 -0.217419554 0.256809693 -0.840643413 0.498135154 -0.291215118 -0.713705724 -1.349101494 0.457019288 -0.787760396 0.540291905 -1.206168653 -0.210107534 -0.065040610 -0.124634434
36.680162677 -0.425155916 28.597313332 0.447964375 -0.790617944 -0.290879839 -0.299399573 -0.663259510 -0.193048693 -0.732388602 1.152768897 -1.100746184 0.384303412 0.581532437 1.460655906 0.659060797 -0.773784378 1.382282181 0.076890771 -0.405570108 -0.250841687 -1.647317604 -0.571517390 -1.022682012 -1.352437639 -0.760905923 -0.348023256
33.701169779 1.806919929 26.596491705 -0.571046088 0.792919831 0.026034084 -0.210966193 -1.340250244 0.832126544 1.470865733 -0.507803171 1.756052460 -1.071762967 0.736037838 -0.577383374 -0.267322533 2.684066602 -1.299137865 1.645110946 0.770460502 1.035880222 -0.065077009 -0.793001020 -1.063783984 -1.308364253 0.376924794 -0.145191337
26.331596247 1.523796198 20.131986432 0.688787501 -0.426314748 0.413477197 0.415769313 0.627909699 -0.603399316 0.457314936 0.337116178 -0.065120134 0.937881519 -1.595768760 -1.018552342 0.056058789 -0.401614136 -0.941092827 1.181234135 1.180738828 1.937209636 -0.843167616 1.291805016 0.127890712 0.407782980 1.001525826 -0.609573111
36.644751520 0.171151449 23.672038413 -0.557278389 -0.181010150 0.707603218 0.394935197 1.643061708 -0.702567818 -0.780512535 -0.831978147 -1.264317202 -1.633968317 -0.232578866 -1.880784909 -1.763805078 0.263943092 -1.425050654 -0.511013947 -0.555193902 1.244389185 0.845315859 1.553534126 0.020853008 1.652318902 -0.723001265 -0.621088644
25.278375318 2.713677537 17.423335403 -0.035933297 0.111808827 -0.552991458 0.824868493 -0.451842339 1.243593395 -0.926113365 0.791526142 0.577290702 -1.303715648 0.631016446 -0.976447190 0.310058644 1.005349578 1.110894898 -0.219698918 1.654282727 -1.164519828 -0.320772776 0.263352415 0.007743209 0.539677131 -1.926421659 0.602733903
30.135357404 5.197580594 20.978096059 0.101853296 0.679609424 -0.535805425 0.490580762 1.666506648 1.460681932 -0.215219901 -0.465129477 -3.066881797 0.076826197 0.441917897 -0.099771264 1.509261472 -0.615532132 0.230961553 0.987140207 -0.070063585 -0.033847257 1.177821993 0.213741837 -0.408544119 -0.887799768 0.675027669 0.201019158
29.861807626 4.651762511 24.263244826 0.933116752 -0.212251910 -0.018893798 -0.289629555 0.471447826 -0.981515853 -1.954783327 0.040794622 0.308611162 -0.362289239 0.491340214 0.098262491 0.761220212 0.132841559 0.083105181 -0.562596527 -0.123939331 0.015927512 0.883419237 -0.641860715 -1.014454248 0.482846409 0.315574356 0.029465548
23.787656599 9.545489122 25.972262591 0.016792149 0.424323180 0.608349165 0.670506641 0.455896273 -2.514961213 0.523531622 0.472627306 -0.257890337 -0.302376982 -0.960811151 -0.032357523 0.015704256 -1.607096907 1.041939107 1.749065778 0.313185755 0.934601424 -0.868937831 -0.551275288 1.398980362 -1.245941192 0.726252214 0.181604653
23.981641780 3.221277149 25.401944261 -0.146410733 -0.028435186 -0.216459886 -0.964831827 -0.091262119 -1.028519887 0.260489108 0.261219824 0.353801178 -0.776950757 -0.991795004 -0.051397191 -1.497056430 -1.634183452 0.167626797 -1.515284973 0.557417749 -0.508002272 0.216274095 -2.819812243 -1.232465036 -1.563172066 -1.842668178 0.416351073
30.141807194 7.997046870 21.969307510 0.391799659 0.280735708 -0.635795583 -0.602863555 -0.817342669 -1.683025720 0.469784534 0.640206784 -0.033173434 -0.371926117 -0.061630133 0.103865464 -0.444835858 2.408786116 -1.240027835 0.668381408 -0.756058307 -0.673180147 1.294105214 0.183295067 0.442291643 -1.563197546 -0.806514939 -1.077426630
37.714288921 8.425882560 23.541781350 0.250210687 0.033859393 0.887186790 -0.386196522 -0.287037239 0.713535185 0.407654675 -0.914656730 0.179675366 0.242963383 -0.056429346 1.157238531 0.840087234 0.408681963 -0.384961284 -1.104162313 0.646842398 0.168225926 -0.168436414 -0.325744189 -0.440102679 0.923355562 -0.434558712 0.709390210
26.725115806 1.840918879 14.441042243 -0.593612390 0.474187349 -0.642993994 -0.096588879 0.267090567 -0.441201919 -0.853965622 1.991829736 0.238764369 -0.710015260 0.378800496 0.530186172 -0.565104722 -1.924489582 1.856692341 0.903380682 -0.612272921 -0.120654639 -0.093241743 -0.261969971 -0.934609266 0.351723470 0.389415816 0.720148538
30.707672643 -0.679000144 32.641024633 -0.405893505 0.222623422 0.628739136 0.624801067 0.688079997 -0.507788350 -1.394487143 -0.141227827 -0.332129509 -1.359992052 1.081912664 0.976042640 -1.560131676 1.685367846 0.261969887 -0.878847620 0.004928221 0.424285718 -0.638341708 -2.495256759 -0.480677024 -0.436591126 -0.381725561 0.483369310
27.377217879 6.283238967 18.701916412 -0.375275290 -0.131206466 -0.798230514 0.452527753 0.341769966 0.521091792 -0.613198305 -1.261017144 -0.995343680 -0.469776124 -0.428319387 0.540243671 -1.508937593 0.585142641 -1.535352320 0.407711424 -1.310575802 -0.668420785 -0.439385685 0.188861454 -0.424582377 1.953681025 -0.305959223 -0.344516151
35.547653919 4.488748666 27.886903615 -0.035060021 -0.638252363 0.235212207 -0.732174798 0.214900804 1.472344562 1.640183097 -0.686983108 2.615884742 0.021386320 0.941289868 -1.257855763 -2.270387503 1.194861224 0.460550104 -0.581160979 1.427204974 1.401304282 0.586419523 -1.386514003 -0.677589192 1.835426286 -1.067491312 -0.921349015
30.038249283 3.407955935 13.725574537 0.180432500 0.469637752 0.863375841 0.038296884 -0.327864727 1.359809535 -0.264952804 0.201377157 1.166538351 -0.259547541 0.448722751 -0.833791484 -0.306967447 -0.629704122 0.829646251 1.316342403 -0.080612645 -0.192314997 -0.046695863 0.783070942 -0.315528749 0.015202974 -0.370535802 -0.682775153
30.579869225 12.448063906 24.651080685 0.240859999 0.367560362 -0.892180978 0.104398005 1.034283969 1.510350462 1.318203660 -0.184357072 -0.464310733 0.931614626 0.534681889 0.224703363 -0.199091896 -1.684407129 0.133950323 -0.224901765 0.014982114 -1.196346331 0.017572638 0.227708321 0.421454116 -0.531674970 0.484601972 -0.699648214
37.239785722 0.695990719 20.917846957 0.743444248 0.072642097 -0.517308550 0.417619013 -1.127563222 -0.017656290 -1.151528559 0.878141699 0.146418186 -0.021410111 2.140249703 -1.577102814 0.480941905 1.252212670 0.033508914 1.456370963 1.675331415 -0.340353348 -2.171237968 0.688645881 0.879114347 0.066666584 0.564845369 -1.036486976
35.974891619 2.851914605 23.347345087 -0.430877115 -0.814541629 -0.072314759 0.381624714 0.869763063 -0.538311253 -0.314697799 -1.019204886 -0.540292190 -0.963849473 0.555485803 -0.081598904 0.337087350 -0.290362722 0.936805586 0.631062862 -0.273806859 -3.006639974 -0.602138320 -0.965874173 -0.428113810 -1.084762628 0.032618377 -0.507625725
34.280528945 2.345732600 16.839664543 0.906023222 -0.307950842 -0.162067148 -0.240878477 1.144557429 1.183649353 0.628890890 -1.430201075 -2.054607742 -0.672222974 -0.494400594 0.224808539 1.123827169 -0.874162485 -0.288352103 -0.024149493 -1.623340954 0.314780558 -0.851961945 0.834748185 1.480697490 0.027453185 -1.456228957 -0.459194444
30.834311364 5.616045937 19.835202364 -0.837800762 0.403684598 -0.106570461 0.351811548 2.362699380 0.359814289 -0.160110561 0.610431100 0.741868463 -1.812023972 1.010523024 0.615595777 -0.042502439 -0.011170634 0.736379804 -0.584444489 -0.122911698 1.077765197 1.021790909 0.390372983 1.131557063 -0.298308793 1.691422826 0.229077473
21.513813881 7.117045160 22.814795146 -0.227550755 0.571136266 0.787181448 -0.048676356 0.032466997 -0.708329334 -1.937640067 -1.008160642 0.936515356 -0.297977814 -0.831060184 -0.531018200 1.132177520 -1.101293964 -0.231670182 0.577095331 0.596769739 -0.729318817 -1.811071175 1.888861344 -1.016430346 0.717131782 -0.085947768 1.172915367
28.116283196 2.956924268 16.644815867 -0.244572185 0.905509724 -0.091359586 0.334499645 -0.317859666 -0.176004605 -1.886070549 -0.229443413 0.240438990 -0.234008564 -1.445205927 1.152806495 0.499226863 -0.572722834 1.133713164 -0.843583622 -1.514876256 -0.006665756 -1.004164345 0.392866808 -0.469182692 1.643075986 -0.912497667 2.674122926
30.035440987 -2.631581141 31.107754785 0.271058170 -0.238611118 -0.626788284 0.690455393 0.451453456 1.254932441 -2.566046643 -1.862004556 -0.116242676 -0.649809546 0.700490894 0.009098022 1.090364851 -0.421590278 -0.476759866 0.449079146 1.972038900 1.548983166 0.128802967 -0.639503956 0.485959120 1.230360450 1.952066529 -1.312891236
30.486788577 10.962629842 24.722553312 0.009024817 -0.369442682 0.698862807 -0.612389937 -0.605762018 0.350648854 0.539309833 -0.616115534 0.112362260 -1.195236805 0.908712728 -1.062795451 -0.467029261 -0.983807376 0.172016874 0.028886693 2.000151810 -0.929228862 1.156266129 0.251861427 0.440497375 -0.870120796 0.187773528 0.647965627
30.799088343 -5.174811439 20.116386547 0.303861573 -0.545551691 -0.666385591 -0.407396294 -0.153516916 2.303670064 -1.772837501 -0.309272440 -1.325834673 -0.526415785 -0.331247575 1.370999520 1.788131158 0.692530213 0.615328478 -0.547671826 -1.073953778 -1.436849010 -0.139235165 0.732284357 -1.708733542 -0.362935393 -0.571187798 0.216650135
28.939220992 2.523289095 30.182247951 0.847747761 -0.423833604 0.205298017 0.244011338 1.231148653 -0.121795694 0.464064978 1.392992649 -1.223850182 0.621687555 1.990033455 1.289635106 0.035276632 0.913171059 -1.663736369 0.265830579 0.952574953 1.131152250 0.138609300 -0.673675015 -0.698572645 -0.176423856 1.077369495 0.323109162
32.894219011 9.299625310 16.761723718 0.277434315 -0.094299458 0.956088050 0.005783871 -0.944353129 -2.511214656 -0.309190085 0.268542611 2.241316339 0.559351281 -0.995881995 -0.077097024 1.012853788 -1.030933587 1.944761558 0.619482463 -1.409095718 -1.361872114 -0.901538309 -0.696588980 -0.970054316 -0.163872487 -1.082688928 1.016470365
26.497564741 -0.429319037 29.848763807 -0.173629542 -0.557542017 -0.627858049 0.514581337 -0.130378453 -1.460002777 -1.095180385 1.382909050 -0.015164619 0.204553624 0.180912738 1.644150051 0.878362861 0.679261454 1.263415304 -0.637907364 -1.227036610 -0.077107822 0.684774027 -0.588714532 0.035051994 -0.207971764 -0.092844341 -2.131016366
29.319854328 10.530540405 19.240084175 -0.050493158 0.101065314 0.973346509 0.199581604 -0.283012370 -0.338502558 1.681525899 1.136131811 0.462274461 0.271536366 -0.529499743 0.496431146 -0.092272533 0.817934430 -1.140683169 1.532565270 -1.092753473 -0.161721105 1.420727629 0.030880428 0.796622669 0.993131817 0.844756924 0.264730044
29.594554743 0.045762790 28.405306477 0.830433921 -0.483333345 0.010141857 0.276885396 -2.572666312 -0.290440861 0.617634000 0.029661227 -1.517771494 1.936918976 0.780796564 -0.947509805 0.113884523 -0.670767594 -0.119237041 0.158349940 0.501609831 0.052149102 -0.290682816 -0.500817782 0.751849185 0.490335993 -0.601277256 0.925197528
29.361905925 7.462762686 14.760150810 -0.504750624 -0.401820794 -0.734592407 0.210097247 0.701152950 -0.811987110 1.270921892 -0.413282802 -0.155403398 0.751605796 -0.450999202 0.255381002 -0.469672733 -1.127676966 0.341065163 0.183280963 -1.819504022 0.177155133 -0.252154342 0.619803305 1.296467310 -1.282743462 0.037297579 -1.127415656
35.098313964 7.276146776 29.642629601 -0.613710282 0.102027741 -0.404652095 0.670228850 -0.893335859 0.039996737 -0.863428438 -0.341765760 1.408048645 -0.506713262 -1.127024636 -0.512246847 0.759007857 -0.764447528 -0.428116894 -2.419237079 -1.345860867 -2.015210840 1.833701932 -0.445393974 0.975190795 -1.591842120 -1.324271457 -0.140589526
31.140901276 0.231369473 25.914450254 -0.844849841 -0.264004005 0.401820799 0.234671424 1.826046210 0.409942294 0.167460659 0.622532405 0.451512169 0.226225861 -0.115438208 0.959744708 -2.164042802 0.630924574 -0.461857383 0.598558110 0.631625848 0.564417399 0.512106150 2.569000037 1.328956974 -0.341857697 -0.727868126 1.476278520
27.699568460 5.188247443 24.981264505 -0.574853542 0.300620478 -0.026445684 -0.760573047 0.449370831 1.547159178 1.864406566 1.491057585 -0.307965722 0.345246443 0.296895068 0.715357469 2.108155841 0.623619281 -0.786682797 2.273383875 0.572415421 0.525201601 1.416741887 -1.010664731 1.670184496 1.398035033 0.326928483 0.917760782
27.597764127 3.820775840 27.532076949 -0.829528427 -0.222549290 0.193437914 0.474274368 -0.081276381 -1.612826878 0.402292021 -1.402797732 -0.215452812 0.159776847 -0.950317707 -0.140312661 1.525841695 -0.363374487 -0.046937615 -2.726738384 -0.444618718 0.172764164 0.990549874 0.656172718 0.649627797 1.212723306 1.962324070 0.592540663
27.897714297 4.453078497 32.352263277 0.073898016 0.672536182 -0.735897504 0.026249389 -0.608233119 0.787395345 0.093062452 0.214451898 -1.212747719 -0.156780027 0.941846636 1.431672595 -0.691638266 0.128379960 -0.292939608 1.601102087 -0.339503194 -1.079901822 -0.662271544 1.467197551 0.271830154 1.268439448 -0.428393510 0.367929909
37.256804923 3.699519304 23.892885763 0.965749810 0.075439712 -0.245841651 0.034612667 0.113330601 -0.156938604 -0.252955763 -1.201669668 1.297293220 -0.711480267 0.248633866 -0.317991257 -0.682823003 -0.719424263 0.423638578 -0.119569446 1.515637769 -0.492091842 1.188368605 -2.519543036 0.751063626 -0.722284525 3.259380662 -0.822417453
37.837092164 4.288137430 25.401594194 0.005616944 -0.183853790 0.547405836 -0.816402526 -0.408374164 1.506911139 -0.153116393 -0.893995325 2.009176872 -0.006989779 -0.328024548 -0.662105637 -0.960639757 -0.141285279 1.151811148 1.692002053 -1.175132090 -1.378589824 0.643043069 0.587023389 -1.118016616 -0.333739463 -0.717692940 -1.511921243
35.145286084 5.805790084 28.046678638 0.567858001 0.035770199 -0.375012640 -0.731862899 1.278717930 0.181512786 0.691178217 0.957076209 0.469769119 0.171861134 0.239600788 1.358032993 0.205865921 1.860135083 1.486117301 -0.043529262 -1.724113191 1.108092932 0.690566477 -0.159572891 -1.332781132 0.173680717 -1.230284739 0.893730868
24.016423730 7.065421620 28.492159499 0.427091633 -0.522427778 0.559332840 0.481465189 -0.939121070 0.816935650 -0.399464292 0.972669658 0.037574975 -0.802971059 -1.467667032 -1.958327413 0.742612462 1.926013842 -1.769973162 0.059902248 2.540405125 1.165965829 -0.356243372 -2.542595133 -1.577875428 1.073749771 0.747407846 1.580673801
29.163208159 5.494233673 16.245436520 -0.007726723 -0.587319784 -0.694579147 -0.415398096 2.428939106 0.955286044 -0.981721353 -0.034069300 0.875963786 -1.858310707 -0.224412493 -0.888816809 0.645020865 0.856887493 -0.502398502 -0.379194167 -0.660321053 1.146047471 0.709438424 0.823744407 0.269034176 -0.134358863 -0.365824335 0.267821220
24.516122339 6.408235210 23.361272257 -0.580315646 0.774827846 -0.116602442 -0.221989706 0.882167583 0.337991796 0.950485732 1.053847622 -0.395147984 0.485269739 0.612987708 -0.132162859 1.327985255 0.396767181 -0.866962831 0.983640896 0.192530844 -1.061937951 -0.347795263 -0.193673104 0.436975589 2.309259892 0.815618592 -1.129732954
31.153194427 -5.514160911 23.645154934 -0.538100615 -0.150394587 -0.756202757 -0.340568034 0.071287083 0.630544438 -0.454945747 -2.781421510 0.666552973 -0.057458691 1.118013107 0.071699519 0.145858429 -0.318001664 0.688989401 -0.267328908 -0.632926810 1.371529569 -1.738093514 2.486068223 1.204021616 -1.375053366 -0.821643349 0.217119279
32.151605413 6.685752943 27.220997394 0.816098746 -0.497592587 -0.086254998 -0.280970691 0.040488858 0.579695799 -0.384533407 -0.989417187 1.266139387 -1.326489393 -0.596518640 -0.257790001 0.414777697 -0.031001125 -2.617049510 -0.611629752 -0.012048738 -1.465675551 -0.054006507 -0.019054075 0.979312151 1.584703555 -0.315880686 -0.934140258
25.007332360 0.555190953 16.640149639 0.501661920 0.522275591 -0.300090864 -0.620893710 1.132695063 0.203164342 1.680693503 -0.006920607 -0.575550781 -0.633061570 -0.085408441 -1.199194292 -0.989204390 0.013958349 -0.609881211 0.389675745 -0.131955808 1.648110345 0.040562847 -1.369785244 1.307643766 -0.632918045 1.079153485 -1.656357780
33.366902695 5.293193259 24.131688903 0.647059803 -0.417498429 -0.629316769 -0.104733370 -0.269553520 0.411621726 0.156739402 -0.079888257 -1.226978277 -0.544157519 -1.333179092 -1.324587153 -0.212748027 0.596104301 0.212269908 2.200680818 1.458928588 1.058145900 -1.252953980 -0.796219074 0.388202764 0.898636882 -1.493934427 -0.312555780
36.060407389 5.011520159 19.767249101 0.531835981 -0.269149339 -0.446031231 -0.667656546 1.315557085 0.581014937 -1.273466187 0.059572493 1.048588565 -0.965594480 0.083755040 2.163303944 0.947250661 -1.000536948 0.918361344 0.174290110 0.425656293 0.537333443 -0.084072690 -1.886723348 -0.247355401 -0.033787412 0.401191467 0.572964333
24.134734294 2.249295960 27.628873412 -0.159268753 -0.817491826 0.483659405 -0.269098791 1.223714689 -1.270096583 0.796537189 2.506256002 1.655103406 0.095242381 0.516991732 -1.204474422 -0.568112384 -0.561414272 -0.258276019 -0.008504564 -0.315175823 -0.143632184 -0.040696257 1.931229767 0.092956011 0.331764827 0.595620682 -0.766172022
31.889119486 7.942423864 29.794431950 0.286952495 -0.712594918 -0.092503387 -0.633490230 0.852981504 0.789863631 1.363042875 -0.196647108 -0.010961138 -0.183934404 -1.372220913 -0.057219270 0.352717067 -0.911035601 1.442477193 0.438682126 1.222340161 -2.469883123 0.605547364 -0.144495121 -0.572109326 0.588820987 0.248038260 -0.760095320
24.102860327 -0.855206269 19.037993137 -0.485697597 0.440900992 0.302138579 -0.691676542 1.290165004 -1.447094593 -0.457484401 -0.346576843 -1.055579179 0.821015335 0.745487974 0.150627214 0.045580142 -1.470551330 -1.275661603 0.030435822 0.241863759 -0.519396464 0.263894427 0.598615255 1.659096509 2.173991926 -0.014918600 0.697002612
21.690842033 5.187279700 22.887992787 -0.420627838 -0.487716448 0.091926532 -0.759443481 0.201168905 -0.510154110 0.621617615 -1.373337612 0.606467197 2.810155908 0.021609162 2.368656198 -0.895057430 1.362191914 -0.749226788 -0.237515051 -1.217249409 -0.093394063 -0.339092584 -0.936873518 -1.219953525 1.974436361 -0.259038196 -0.517753128
36.505412588 3.090115050 29.340658594 -0.200328292 -0.174181757 -0.824112692 0.500367426 0.156173557 -1.256724447 0.647932597 0.800830902 -0.558968633 -1.832749039 1.151975226 0.216760011 -0.298337638 -0.702118318 -1.303679141 -0.809644496 -1.028435628 -0.019917626 -0.946635865 -0.834906798 0.905742652 0.607826148 0.698703961 0.692063223
27.609250121 -2.842428110 28.838951361 0.001185508 0.400179451 -0.885937158 -0.234457572 -0.200171532 -0.445915136 -0.820506050 1.994199856 1.410256041 0.293670629 0.214312385 -0.316487524 1.734645041 -1.655593098 -0.879084269 -0.804742042 -0.827002541 2.013944491 0.871114077 0.350708763 -0.325208576 0.941208751 -1.456540988 -0.856196046
23.948808476 -2.464262864 27.269211170 -0.966408072 -0.047114729 0.217045213 -0.129332964 -2.144454402 -0.128090933 0.121279389 1.066873307 0.666293053 0.526453600 0.353662434 0.266893771 1.125064985 -0.237148399 0.763495140 0.589348799 -1.067354951 -0.752708980 0.641954782 -1.770477849 -0.966565996 0.273652055 0.556118329 -0.357493189
24.121773148 9.877295863 19.957728719 -0.876177695 0.429812422 0.033613969 -0.215508771 -0.046879174 -1.535067877 -1.663078274 1.311454828 0.019480997 0.252748210 0.544703721 -0.347303192 1.113329865 -1.261502513 1.131276151 0.603858969 0.781522947 -0.896208272 0.050500602 -0.459006685 -0.107129479 -0.830402891 0.462498601 -0.240126366
22.583716821 2.137313898 28.356994266 0.101821135 0.603888871 0.788712441 0.053697054 -1.499026032 -0.757513920 -0.119568038 -0.284082708 -0.369860024 0.329106362 0.113013860 -1.539228602 0.462162976 -0.106437969 1.927949805 -0.100142654 -1.080643775 -1.429612830 0.979818308 -0.031361082 0.491292254 -1.222152036 0.244130450 -1.597519544
23.285400541 -1.195206929 25.528936546 -0.257981471 0.761532278 0.124486862 0.581392442 1.811448270 0.253339739 -1.289818542 -0.179633436 -0.149081390 -0.624067438 0.649238446 0.309811539 0.858316986 -0.394100568 -1.049861449 1.959750105 -0.640482710 -0.942384569 -0.557110814 -0.794270183 1.181239253 -0.605024884 1.473441132 1.321803774
28.546948678 1.901788112 32.690010198 0.679253383 0.402084399 -0.359026555 -0.498039066 -0.187164491 0.658296390 -1.269962934 0.251471270 0.473708692 0.094800480 0.151022886 1.634896746 -0.922855796 -1.382757691 0.547800528 -0.199321142 -0.024045984 -0.223523834 1.087999161 0.863921798 -1.150297937 -0.046900422 0.744263222 -1.782572461
31.742212105 8.966126406 29.515326580 -0.590371477 -0.128768986 0.654060817 0.455065396 0.624514137 0.910942171 -0.001556254 0.978562905 -0.017076228 1.774422527 -1.365421672 0.586878418 -1.079408000 1.073215460 -0.062606000 -0.342269493 -1.200867747 -0.147082695 -0.963528154 -0.821924934 0.723419385 -1.721822471 2.680784513 1.291390162
33.203792167 0.297563425 23.201186358 -0.712693813 0.227423789 0.308325372 -0.587606513 -1.208839271 0.957954532 0.877867509 -1.656991479 1.246876416 1.051672204 -0.232985743 -0.307330260 -1.051939728 0.637126886 0.177097538 -0.187414088 -0.027186697 -0.348087915 -2.691806609 -0.745693490 -0.763521521 -1.065799834 -1.470320197 -0.584322281
34.128167167 7.324624999 27.169104762 0.180618235 0.021545016 -0.865887791 -0.465994848 -1.039591780 1.185902153 1.631409403 -0.825555586 -0.406201067 1.077915435 -0.181150555 1.286989185 -1.870138202 1.110069037 0.021036664 -0.711519221 2.051551349 -0.767452271 -0.486796496 -1.648766377 -1.543429413 0.049839349 -0.216015227 0.821069710
37.034564727 1.024120410 17.172097126 0.320188244 -0.304481853 -0.171188795 -0.880604728 1.238852580 0.137835646 -0.609733317 0.653570866 0.458634931 -0.155159785 -1.400119231 -0.501253184 0.090801057 -0.575800703 -1.504047945 0.878335377 0.818149950 -0.378843375 -1.021345354 -0.252309126 2.270261228 -1.294207700 1.620233345 -1.054421141
36.218393335 3.338645663 19.920260250 -0.126369908 -0.074156858 -0.722953893 -0.675180772 0.288282777 -0.616059685 -0.080825936 0.631795322 1.181438810 -0.262463376 0.241118579 -1.858959458 -0.194086647 0.699894000 0.179918341 0.872542014 -1.253712449 -0.035868344 -0.569909700 -0.370952918 0.666638676 1.977676583 0.621626019 -1.105358616
32.441298911 5.084171276 15.213541338 -0.602074901 0.201493181 -0.050296631 -0.770958209 0.242821644 -0.301832272 0.349225460 0.781642193 -2.287092203 0.825124121 -1.556835856 1.658869561 0.462241775 -1.862923651 0.088561254 0.308294184 -0.065038044 -1.526024371 0.973194313 0.390697919 0.514898432 -0.112254281 -0.563402024 -0.137870504
26.122249553 -0.548973145 31.485636686 -0.879006247 0.007010342 0.180029390 -0.441461540 0.527594841 1.051064897 -1.160145503 -1.098518818 -1.403902101 0.420723986 -0.654801591 0.512869618 2.157528309 -0.142280250 -0.557334309 -0.940044802 -1.917881073 2.068689517 0.220387736 0.183704998 -0.523089936 0.439350541 -0.478840660 0.023996943
22.524568214 5.224834184 27.694633362 -0.537478353 -0.401466665 -0.404584099 0.621492755 -0.106503912 -1.155372176 -0.647162615 0.858846923 -1.107064721 1.171098063 -1.678992818 -0.869865380 1.131963529 -0.218701085 -1.864993966 0.360096163 0.112334356 0.176461443 -0.902497169 -0.158125189 -0.383129486 0.157524305 -0.144882150 -0.892527962
25.821471607 1.178550647 23.208538112 0.163176749 -0.021914402 -0.686350330 -0.708389958 -1.703091691 0.163228250 1.500000647 -3.336633005 -2.039041533 -1.718875748 0.862042547 1.584976163 0.022410512 -0.227784502 0.322716752 0.432948033 1.612650597 -1.420216592 1.955143739 -0.306411871 1.375725594 0.768286608 -0.964479608 -0.514803379
24.764077154 -3.139356538 22.865892428 -0.853178116 0.394916874 -0.063263559 -0.334851440 0.942157099 -0.164133945 0.715905700 0.159843850 0.647064533 -0.355495804 0.405074995 1.680237912 0.633849132 0.507631555 0.327534545 -0.430921217 -0.952976902 0.475671940 0.654315033 1.573238258 1.154657456 -0.068957099 0.404946473 1.655480202
30.485250763 7.120285994 22.345535767 -0.061955599 -0.533917798 -0.553477949 -0.636203936 0.735093929 -0.423961990 -0.132142989 1.557101907 1.760389328 0.014340006 0.055690071 -1.221416880 -0.325952267 -1.942033475 -0.113208498 -0.986503939 0.539592688 2.806991010 -1.186613233 -1.162131882 0.892528529 1.090131147 0.002339659 -1.601726344
25.413428497 4.901334940 27.234574894 0.008196949 -0.629764039 -0.048600348 0.775221305 0.909461664 0.788855651 0.148823764 -1.831852135 0.196858049 -0.547987305 -1.512465066 -1.087167937 2.154788966 0.338596715 0.363224986 -0.520622403 0.528175608 -1.252701086 1.915859953 0.619641785 -0.330351507 -0.524143658 1.979338836 -2.037929610
25.910891574 9.224021468 24.776856114 0.288315254 -0.749380435 -0.178731306 -0.568646110 -1.899458321 1.601225489 0.371954933 -0.738126300 0.209670916 0.893623677 1.346710426 0.363306563 0.616872876 -0.503495604 0.391110758 -1.495162597 -1.541348744 0.847291666 -0.560438426 0.447378210 -0.325940648 0.961172677 1.396530272 0.345981029
35.188089635 9.146100652 26.344685117 0.709251070 0.197272895 -0.497002726 0.459385041 0.916204153 0.633817750 -1.036653732 1.631014156 0.534421489 0.286346874 -1.912888916 0.342613623 -0.911690889 0.325646378 -0.326473903 1.013293477 1.729475043 0.862698003 0.230557014 1.147752966 -0.232687563 -0.558080665 0.487075609 -0.752328540
35.177369109 -1.413933046 30.582334926 0.045030287 -0.820733940 -0.567807615 -0.044301069 -0.774525587 0.323278579 0.738478284 0.156330359 -1.237077090 -0.514097192 -0.243331056 0.626034152 1.496397684 0.870419260 0.624002123 -0.039477420 -0.970712355 0.917646506 0.015355655 0.964952618 2.217600553 -0.515813829 0.770915506 1.027751687
39.637429003 1.524549334 22.442526600 0.815014244 -0.444622420 0.349569070 0.125952975 -0.110813479 -0.007405751 -0.585165633 -1.684520938 -0.973070164 0.269341622 -1.181889760 1.760773113 -0.229228541 -0.863248519 -0.567294744 0.067947508 0.154763507 -0.759722294 0.911310957 1.855010825 0.955827124 -0.429962416 0.509455596 -0.385265317
29.428854705 -0.107181218 18.034479725 -0.396027820 -0.896731027 0.027904458 -0.195593383 0.367755439 -0.472822964 -1.247079838 -0.282908568 -1.716620547 -0.168509836 -0.403192759 0.140621452 2.190958027 0.058972951 -0.058951919 -0.865939593 -0.954486032 0.596492229 0.418966113 0.295787991 0.858151076 -0.207912522 -0.667782921 -0.308644510
25.653463767 2.378557782 31.849201706 0.640895925 -0.285340073 -0.700478721 0.131007700 -0.138316587 -1.425542957 -0.401017154 0.547351388 -0.195403934 1.260839521 -1.965148834 0.027655919 -0.653491918 0.369815115 0.272589908 -0.171778006 0.296318228 0.077247022 0.694617623 -0.147149434 1.272220302 0.021526847 -1.910373287 -0.125267188
22.349996837 2.008212815 19.947494472 -0.757333689 -0.312108129 0.197095759 -0.538690506 0.931931970 0.796948080 1.321531338 -1.102645907 0.182436999 -1.499990155 0.699779305 0.301936295 -0.004204413 0.194885505 0.959809634 0.850814506 0.569770956 -0.547032479 -1.959692937 0.206914746 0.348746277 -0.388853775 0.623141853 -2.027130754
28.033136727 0.252673818 25.205684514 0.334479149 -0.482374754 -0.025550026 -0.809188169 0.434268364 0.496908094 1.867273990 -0.436045494 0.048212753 -0.969522692 1.825152291 0.145875991 -0.854180534 -0.576697345 -1.076673551 -1.045181316 -0.742672479 -0.175099144 0.471892056 0.090195596 -1.596275939 -0.446250244 0.099809059 0.258682396
31.809964210 7.822657589 19.136504819 -0.234350558 0.284349443 0.093885650 -0.924884152 -1.155140597 -1.286523082 0.121376665 -0.389614362 0.677044984 0.079779343 -1.331532977 -0.355406115 0.987253181 -2.182505080 0.402236878 -0.512503231 -0.947020453 -0.206049544 0.727899112 0.333867634 -0.786802029 0.814893493 1.379625405 1.198277903
25.079133764 -2.352449567 27.775530753 0.932585429 -0.337929900 -0.103736220 -0.072983532 0.465315644 0.665895699 -0.212725524 0.322992709 -1.053170500 -0.094409166 -1.583945898 -0.748293750 -2.168786302 1.009363744 -0.109881098 -1.543307059 -1.532288345 0.191733249 1.351313252 1.141614574 1.681958243 0.790075629 -0.095270104 -0.139349368
24.234839969 1.030162370 19.936419733 -0.193547001 -0.848966087 0.437608669 -0.224265008 0.794223195 1.850230079 -0.760158071 0.463934878 -0.670514036 1.002994501 -0.470309830 0.075874522 -0.916309815 0.406703461 1.224585445 -0.544334719 -0.699034279 0.853338579 -1.519915459 -0.508325525 -0.214426709 1.803444137 -0.749627877 -0.097559671
33.500973819 7.196337405 16.845171523 0.622798484 -0.036036253 0.281867024 -0.728954332 -0.882825607 0.573506590 -1.447904717 -0.999267659 0.068884412 -0.593782999 -0.025848599 -1.218395425 -0.206022694 0.460561013 0.380655943 -1.149353220 -1.152341461 1.088873163 0.618334619 0.162576494 -0.232960691 -0.006024633 0.260120211 0.498510104
29.514593780 -1.897565825 15.717626099 0.627570090 0.475369895 0.267791402 0.555398064 -1.002028837 0.481777921 0.056466556 0.924843628 -0.675792733 0.657021405 -0.599954480 -1.939279828 -1.356501718 -0.814849802 -0.255651680 -0.360201290 0.175129272 1.601869164 0.326868596 0.645604461 0.683496640 0.339800596 0.115812106 -0.096653537
27.190252546 2.211964785 14.081050407 0.272855483 -0.344591370 0.868463799 -0.229297411 -0.395846504 -0.468994612 0.917479857 0.796582745 -0.997481336 -0.628997633 -0.205124099 -1.298821256 -0.247455704 1.071219429 -0.661683016 0.438587645 -0.569059387 1.068305566 -0.005341935 -0.101057675 0.747477249 -0.162945779 1.420636663 0.383385225
25.018538819 3.058564428 17.989980192 0.598821697 -0.109747503 -0.677854269 -0.412167018 1.502234168 -0.745403441 -0.816751666 -0.008696975 -0.146187776 -0.600190937 0.322528685 0.872366098 -0.099214169 1.363629886 0.357146458 -1.192167591 -1.523775036 0.846412214 -0.461409844 -0.331149308 -2.293373681 -0.296855603 -0.963815021 -2.042190008
34.143031286 3.839216992 17.827749016 -0.170688094 0.869738929 -0.383388555 0.259678619 -0.147841741 2.110902797 1.634503494 0.192507882 1.723044486 1.151780525 -0.591292692 0.058992291 -0.134408911 3.038556334 -0.609455007 -0.312336291 0.396305631 -0.307245196 1.636446532 0.926643109 0.271178828 -3.261012158 0.636008945 1.113843970
22.917585435 1.518892246 18.274687411 -0.371355162 -0.087483702 -0.557953631 -0.736973332 0.659450630 0.036491278 -1.788778034 1.637939512 0.674404394 -0.094433108 -0.566201215 -0.097922116 1.228161017 0.684647901 0.198575367 0.386931988 0.100931523 0.120347315 -0.546473946 1.615330710 1.328440160 -1.426470441 0.038986254 0.180170068
28.443746787 -3.079398383 31.004278178 -0.680775250 -0.290366839 0.197836890 0.642722897 -0.062090124 -0.050154002 0.518774598 0.682727215 -1.056407737 1.930525371 -0.617575073 -1.073819233 -0.585062211 0.134121564 0.894394726 -0.698925722 -0.746492032 0.192688765 1.847395123 2.090462882 -1.064816602 1.710850001 1.283353212 -0.500901514
34.918853700 9.232451248 26.411908990 0.284732232 0.937397354 -0.165169710 -0.113722131 0.317125725 0.258115132 -0.291119442 -0.328572967 -2.001414241 -0.311174903 0.287682859 0.480530679 -1.156075094 0.050009670 -1.990524509 0.589708977 -1.645230250 -0.283004960 1.774398183 -0.370151859 -0.746102689 0.599262830 0.973431128 -0.804323554
29.158664145 0.910483064 28.897863806 -0.616226637 -0.219622665 0.748164154 0.110819743 0.991233977 -0.963326083 0.561249770 -1.436707735 -1.096477483 0.338995808 -2.436475112 1.028202723 1.872383250 -0.816092834 2.394777430 -0.199224912 -0.401576882 -1.013504740 1.396523990 1.326823408 -0.986830620 -0.876893530 0.883746133 0.333998949
35.298818807 8.014701773 17.113800526 0.781460314 -0.012219335 0.097044521 -0.616240883 -0.687671430 0.208788958 0.909253367 0.045344189 -0.669794979 -0.515703337 0.865960708 0.573023890 -0.260873925 -1.323538776 1.420551418 -0.065852235 0.124915381 1.208535911 0.008959294 -0.268066662 0.229627995 -0.253801396 -0.758793163 0.250568684
26.428055463 4.153266788 21.699970043 0.176164256 -0.302033322 -0.487418950 -0.800102990 0.171671589 -0.258056392 -0.315018847 2.663846115 -0.799555541 -0.057759908 0.398891099 -1.121294803 1.221397369 -1.335478906 1.419205905 1.809113675 -1.309267819 1.033279157 0.199007203 0.295029295 -1.650768072 -1.317100517 -0.232920502 0.055452652
28.756395980 -6.835969926 25.496020382 -0.459901408 -0.062802624 0.282041480 -0.839642262 0.114603439 -0.994199269 1.232276903 0.292414060 1.286377268 0.135460240 0.711289036 0.679428703 0.410764786 1.329388574 0.691756430 2.845303272 0.210758356 -1.159909410 -0.947269587 -0.476329267 1.768798696 -1.882253236 -0.336571514 0.791053691
28.458152480 3.860642451 21.475310316 -0.388555159 0.911803963 -0.129480331 0.029551068 0.751135427 -0.155362811 -0.824530344 0.976917823 1.774665848 0.180433621 -1.752139663 -3.357159269 0.103687958 0.750674740 -1.251005981 0.670275754 0.879054476 -0.595243396 0.866953874 0.277042202 -1.387723588 -0.023547348 0.172391127 0.412055008
26.266229964 5.202467198 28.415894567 -0.201904729 0.327929088 -0.918999685 0.084478237 -0.097351379 -1.080224813 -0.345308302 -0.881974159 0.923204548 -0.878895126 -0.994995294 1.905913320 0.005551467 0.965011917 0.257017841 0.745418603 1.318558386 -0.492749296 0.957530549 0.714280919 -0.475593095 0.103329383 0.225289816 0.169374655
30.776467152 9.055312381 27.870948090 -0.292659477 0.216678367 0.760646591 -0.537417603 1.385157190 0.681235143 -0.290984371 0.813489791 -2.683463309 0.149469001 2.034721406 -0.389357722 0.213443564 -0.838552870 -0.260234681 0.996301541 0.173105687 0.334749130 -0.205672452 -0.683203261 0.686799023 1.035427230 1.100490342 1.286378119
30.227330840 1.462211375 19.020069579 -0.204990102 -0.392287685 0.552591390 -0.706209732 1.118401801 1.206188066 -0.909998844 -1.961210434 0.259199994 0.702620216 -1.408073247 -1.346026921 -0.351650577 1.209850218 -0.126536718 0.643039365 -0.979560656 -0.092667573 -0.636607251 -1.556737388 -0.499754402 -1.949741360 0.659761688 1.691231469
33.961948544 11.621466777 22.127763271 0.466017276 0.712258265 0.509390304 0.126639566 1.051015561 -0.625628571 -0.619805804 1.174472759 -1.570744330 0.469629813 0.569917055 1.125342393 0.695097465 2.178963178 0.165948234 -1.108624538 1.620923799 0.424112345 0.124752638 0.612676894 0.594065021 -0.049427887 -1.694861474 0.767725278
28.721221040 7.060386815 19.889410716 -0.483060874 0.694791900 -0.498569253 -0.188002945 -0.382634260 0.959100370 0.785544216 -0.686976831 1.491659762 0.377661352 -0.157733297 0.322074893 -1.340669022 1.311669694 1.042275469 -0.840449203 0.294423953 1.111610995 -3.072237784 -1.224680923 0.488666776 0.654079316 1.000147128 -0.329379127
28.805706838 11.322794454 23.055568247 0.528959973 0.674082153 0.232859918 0.459990061 1.567408383 -2.115865967 -0.081306586 -1.903856867 -1.510024791 1.661365399 0.688728105 -0.320092682 -1.319877258 0.766824145 -0.526874691 -1.278582514 -0.709121389 -0.309891611 -0.290648631 0.127728926 0.149460917 -0.756724149 0.063845633 0.579452736
24.875480596 4.890017103 23.974951987 -0.843919378 0.405610692 0.274868912 -0.218465401 -1.381766659 2.284287171 0.382845463 -2.074057350 -0.118916074 0.142974442 0.180496233 -2.147442919 1.695092974 0.254790356 2.103817534 0.007458450 -0.174392879 1.482601658 -0.110911550 0.037939633 0.471231267 -0.505268636 -2.577096192 1.119662602
33.140285841 -0.978899799 21.370642932 0.405719428 0.640862462 0.215371083 0.615062880 0.326870237 -0.043622203 -1.553610745 -1.094167400 -1.332699544 -0.290322472 0.743241536 1.128441536 -1.538007374 0.085141961 -0.287485803 -0.795361589 0.538646611 -1.381953907 -0.733473284 -1.087444945 -0.337660796 -0.434115234 0.241507377 -0.495510008
32.356636400 12.174312526 21.613612183 -0.022577580 -0.949590373 -0.280236387 0.138693702 -0.641257435 0.654195886 -0.169223780 -0.766563998 -0.445694372 -1.301197135 1.303615597 0.148352079 0.439656018 -0.950956002 0.499283675 -0.660721984 1.512886739 -0.618566978 -2.047029041 -0.851714419 -0.273174960 -0.711254550 0.399012263 0.739864266
25.466962685 4.530786768 30.193608230 -0.552429125 0.102103734 -0.376057991 0.736869918 -0.724180749 -0.166976557 0.486887330 0.116992838 -0.425771905 -0.231468556 0.872753804 0.727132364 0.798160372 -0.199707517 -1.881436048 0.329603280 -0.565213982 0.245083625 0.803063863 0.926788191 -0.948840428 0.243522138 0.949907970 0.493657382
33.167555771 2.117438202 28.165361297 0.638763310 -0.664095965 -0.348434243 -0.171905679 -0.637637608 -0.337061140 0.273537830 -0.019925335 0.779705480 -1.097542872 0.197141572 -0.027801601 -0.669397513 0.048779185 0.396610461 1.059261943 -0.106878229 0.544442210 -0.152346841 -0.236467231 0.378199449 -0.361877816 -1.219784741 0.058103156
30.026921454 7.159934049 29.008375056 0.633615462 0.660211628 0.114351477 -0.386750297 -0.853502229 -1.374335169 0.909408041 0.689127139 -0.812337696 0.995955557 -1.224803126 -0.706111679 -0.859887391 1.246919511 1.308421642 -1.431573312 -0.837362722 -1.160453491 -0.013462967 -0.480005498 0.840085165 -0.754975294 0.079037803 -0.195731818
28.972584089 3.415313910 24.566250762 0.164216276 -0.171493802 -0.450027725 0.860870454 0.816503486 -0.024528792 0.895815652 -1.005435300 -0.669307749 0.099620082 1.597901595 -1.502655783 -0.260103321 -0.320643105 0.517548993 0.412947824 -0.810380078 -0.851313039 0.492723579 -0.688044654 1.480736403 -0.338105414 0.232114750 0.027784226
25.636639902 -0.821940800 29.064619212 0.050928820 0.468658814 -0.757883820 -0.450973710 0.756862192 -0.368939198 0.124535475 -2.014113777 -0.306647654 -0.420984437 -0.731220116 -0.444078510 0.719260366 -0.272777251 -0.590852310 -0.958297611 -0.484299918 3.059313289 0.601947071 -0.073114979 0.887200338 0.385745575 -1.774376620 -0.659814231
38.796183234 1.753191562 26.891773217 0.976343330 -0.109653572 0.103299686 0.155109547 -0.262324726 0.045811394 -1.984082441 -0.783837171 -0.545360099 0.893617817 -0.346358534 0.078798932 1.165246419 -0.481808417 -0.136090787 -0.698231041 1.902255607 -1.105166030 0.635603903 1.696031118 -1.168711690 -1.549159768 -0.828619922 -1.497179338
29.721819205 -0.942094155 26.889573283 0.582093975 -0.497512788 0.140788843 0.627555681 -0.076469970 -1.296210904 0.096831830 0.565591676 -1.841558892 -0.493961152 0.877952251 -0.405999037 0.663403372 -1.054300798 -1.354603621 1.713955486 -0.005513765 -0.114360789 -1.028263000 -1.194901110 -0.436417268 -0.620290622 -0.160234453 0.170610953
32.411700522 3.968659521 19.994967145 -0.071653828 -0.790234202 0.588270712 -0.155991037 -0.459427289 -0.354605996 -0.490400677 -0.559323338 -0.769056408 -1.243395632 -0.051884163 2.223969874 -0.511693889 0.352374329 -0.846879854 -1.382037756 -0.170536050 0.917659883 -0.161686595 1.285704285 0.030173441 -0.448192260 -1.926151723 -0.173811128
22.873317544 3.527851004 27.559549680 0.162252466 -0.257168304 0.866397901 0.396097561 0.286251765 -0.871808680 -0.057388611 1.218140774 -1.072586322 0.210499979 0.805736080 0.357857660 0.883561675 0.049738926 -0.814748187 0.664874380 2.102119789 0.281782898 -0.029690713 0.035434090 -0.616533406 0.203763671 1.001402337 -0.025381116
25.205952244 11.553416461 25.017008502 0.427779727 0.269688380 0.819816411 0.268651700 0.517931062 -0.598513208 -0.014558106 2.292018591 -1.198966340 -0.726430638 -0.198960423 0.125744915 0.341104460 -1.295619254 1.525928156 0.128703851 0.754043944 -0.405824575 0.016870131 -0.248721673 -0.248479055 0.917677467 -0.001169343 -1.528645706
27.111656773 2.701552942 27.041717973 0.367048893 -0.545032034 -0.552272943 0.513039754 1.609928880 0.281324460 0.522149051 0.252233145 -0.193930366 0.860185790 -0.781311319 0.697116290 -1.405478115 -0.239615296 1.334115572 -0.136238823 -0.330484528 -0.954426088 -0.099463383 -1.108087797 -0.260056347 0.008421044 0.003253350 0.652310520
34.303058398 0.818284374 32.094699318 -0.046846135 0.274412668 -0.862029082 0.423566984 1.224393857 -0.128273996 -1.872561803 -1.052238582 -0.396257316 0.186863757 -0.474430977 -0.354639626 0.372927340 0.529151132 0.454533823 0.790333597 0.846491425 -0.740436742 0.371477171 -0.438722143 1.210977249 -1.326312395 -0.609267900 0.562218497
24.665487866 -0.865341186 17.193008236 -0.299619452 0.212067298 -0.612330730 -0.700219052 -0.637315334 0.199941023 -0.167738380 -0.009325830 -1.687358790 1.186694047 1.333616543 0.393975656 0.193565643 -0.921736388 -3.086879387 1.084465739 0.466150653 0.155357923 -0.063497540 -0.927332472 -0.157243893 0.561097707 -1.796574678 0.288762538
22.380277783 -1.358397855 23.469178181 -0.447029092 -0.080640240 0.115327032 0.883380902 -0.040500364 -2.678241666 -0.786243495 -0.286531400 1.540153995 0.124908087 1.212992177 0.909412628 -0.863718715 2.018070728 0.448910819 1.147896592 -0.978985922 1.242706650 -0.516653235 1.371044116 0.610666269 -0.315860266 0.515644489 -0.083270562
26.477316224 5.462323323 24.824192358 0.394864958 0.910147369 0.122335141 0.027341275 0.845865554 -0.628760671 -0.224427258 0.411729717 -0.203137804 0.076894527 0.346366979 -1.964846088 -0.856172030 0.486053331 1.272537212 1.384634269 -0.716826128 -1.014642085 0.208485039 -0.506085070 0.317306233 -1.200078821 -0.415984427 0.169609363
36.038516806 2.992727574 20.040762630 -0.220202041 0.666077502 0.290369663 0.650797420 1.368482236 -1.089785079 -1.874397202 -1.544162178 0.761345609 -2.093737528 -1.416110089 0.412245287 -0.511904023 -0.666857840 0.587313106 -1.048643282 -0.195427520 1.598004577 1.420707258 -0.177294545 -1.023498051 -0.027332738 0.170602198 0.258538464
24.967242361 1.674670386 30.415659216 0.511337565 0.010248463 0.341187070 -0.788682602 -1.069935768 0.953597344 0.287339618 1.486339383 -0.084792996 -0.638872678 0.232121320 0.396317979 1.062923288 -0.823065891 2.369827084 1.562241802 -0.398229876 1.285475187 0.983106078 -1.062107736 0.069176768 -0.453795702 0.183851856 -0.085054158
32.064581342 -1.272839549 16.731626803 -0.034601093 0.498174315 -0.388495340 0.774400728 -0.242949923 -0.465659599 0.795807696 2.193194115 0.544796818 0.503892517 -0.738304510 0.712416843 -0.331795390 -1.232064042 0.803124009 1.111643545 -1.318100773 -1.576129533 0.051823282 0.185577999 1.423029448 -0.869774881 -1.124017571 0.170933589
26.063822033 -0.639471142 23.060374376 -0.651903860 0.097278456 -0.013110922 0.751921780 -0.765130099 -0.366520735 -0.698533184 0.234423860 0.476464571 0.762713789 -0.804934569 -0.002516981 -1.537037681 -0.563371655 0.221648144 1.086149675 -0.771003324 -0.524065053 -0.244528124 -1.223930320 1.011837523 -0.955079008 -2.524427766 -0.537485683
20.461925915 1.243105862 22.555622427 -0.717254393 -0.095541585 0.562188822 -0.400451831 -1.543434462 1.038395787 -0.662222540 -0.426905872 -0.725106938 -1.105016155 0.074108485 0.574357765 -1.253179712 1.494938896 -0.517185492 0.177431743 -0.297189485 0.195980459 1.205230886 0.356108561 -1.077437894 -0.980380173 0.925587213 0.593916478
25.395752801 8.092132728 20.306643801 -0.237787245 -0.083724958 0.405186937 0.878789453 0.016385532 -0.665849696 -2.277704166 1.218507526 -0.256085564 0.984918966 0.175601675 -0.552609601 0.135741911 0.533738365 -0.151909678 -0.886789864 -0.106646790 -0.696355958 1.248383598 -1.172920711 -1.235822654 1.068262090 -0.486305058 1.012664926
30.585569064 -3.762372690 17.998995139 0.294682463 0.637206967 -0.075924322 -0.708071342 -0.702668260 -0.881589965 0.223812443 -0.087548275 0.138034571 0.260946682 0.431266939 -0.834026834 0.001795180 -1.048246227 1.702296872 1.223326392 -1.019829211 2.409669636 0.648412485 -0.093236697 0.665585892 -0.424328802 1.420308067 -1.500275313
35.022312012 2.118345388 23.558829478 -0.645731318 0.433900277 0.325629756 0.537333115 0.293922966 -2.019313354 0.850090190 0.504085476 -0.550136370 -1.288332739 0.309849547 1.832670609 -1.203991044 0.492425029 0.969176970 -0.340413908 -0.512742889 0.252353803 1.352688540 -1.641486298 -0.584284639 0.755285352 -0.660432157 -1.094136330
30.281121634 1.387401357 14.716241072 0.415147109 -0.429361737 -0.129556656 -0.791527921 -0.720060784 -1.367456276 0.918951358 1.240323565 0.324000299 -1.066809098 -0.953286203 -1.047376661 0.082998750 2.119904678 1.883766357 2.179021649 -1.109480355 1.218007873 0.633949441 -0.754682588 -0.534984155 -0.982254838 0.871212686 0.148810745
35.316964771 7.594251558 24.387112983 0.087055915 -0.627558355 0.555432082 0.538597235 -0.045026890 -0.286879900 0.450561507 -1.918053492 0.694087387 -0.746137285 -1.079251804 -1.265014514 1.045718251 -2.184339397 -0.934165060 1.425059240 1.214375232 0.493634761 -0.248837460 -2.316241528 -1.229985385 -0.939746726 1.583873965 -1.553415254
32.781266651 11.113346448 24.147876145 0.241789285 0.042783267 -0.934637798 0.257215317 1.558433587 -0.049693878 0.959755677 -0.493847781 1.350999842 0.814404144 -1.895452732 0.165139174 -1.471962768 0.012083149 1.341793130 0.550823886 -0.620506505 -0.693116873 -0.638541561 -1.544753708 -0.072921134 0.651269448 -0.277202958 -1.851602737
24.501743369 -2.175479494 17.269155529 0.215434297 -0.682222395 0.456619894 -0.528827893 1.040685085 -0.340848366 -1.135455265 0.490006397 0.170391391 1.991260878 0.075106177 0.514786834 -1.158755148 1.171535544 -0.570418396 0.207284619 1.328113353 0.218298133 -1.130459898 -0.308030990 -0.329717371 -0.653452275 0.722166636 0.828084478
33.951781098 6.482178664 26.686682661 0.357359386 -0.657137678 -0.194388157 0.634568819 0.618362121 -0.150310296 0.385612842 -0.288523742 -2.195892776 0.313116008 1.306503229 0.404437521 0.001366430 1.019985839 0.417710895 -0.934124617 -0.202262088 1.276773243 -0.620333306 2.606549648 -0.128990206 0.665390317 -0.999347733 -0.634180296
21.855273757 -0.725762206 20.283127785 -0.602171817 0.457846581 0.502607681 0.418510608 0.110471497 0.988708477 -0.956742147 0.747487759 0.855071792 -0.086390604 -1.665028720 -0.280731094 0.150794904 1.033793338 0.487629149 -0.854327443 -0.364024301 -0.320662304 -0.638287456 0.789134708 -0.095421402 1.837632755 -0.392029553 1.051728708
23.118991167 7.025706637 18.414503548 -0.371792514 -0.860127161 -0.348702581 -0.018923620 -0.335542872 -0.521691846 0.863182991 -0.488042737 -0.154280461 -0.778600027 1.645286632 0.571162224 0.153708982 1.104422767 -1.514272769 -1.952639605 -0.000629703 -0.262837453 0.159702487 -0.557815717 -0.401353254 1.060424274 -0.793982277 -0.102136166
33.346098582 0.359581245 31.155247375 0.068902943 0.420570844 0.194270175 0.883533615 -0.897281017 0.905157657 -0.963327786 -0.057122637 2.152269130 -0.758625206 -2.011410310 0.925568559 0.262004799 1.018784518 -0.100084343 0.027281028 0.711442832 0.223175877 -0.845247435 0.899399090 0.347091926 -1.908580506 0.098611258 1.351403676
33.592612112 2.211608221 17.030349230 0.509392070 -0.616594867 0.584647494 0.136080112 0.598297900 1.303482241 -0.742395327 0.260113369 0.311485538 0.151619583 -1.012638297 1.949624001 0.822274335 -1.501774656 0.112170114 -0.480495471 -1.392133985 0.433760917 1.048538485 -0.006178731 0.564796251 1.301020833 1.265533886 0.265918056
32.340324249 8.310579219 27.448595265 0.206310815 0.924430140 0.076227501 0.311535120 -0.267203842 -1.527617244 0.332991275 -0.962227583 2.059398128 -0.046163466 -1.119866685 -1.135663578 0.441163696 0.496831421 0.117249282 0.581412973 -1.008283256 0.845948298 1.643802384 0.624356674 0.305907083 0.058323254 -0.128385537 -2.010876259
34.816015743 -2.157345227 18.530079498 0.535176023 0.313972977 -0.249743756 -0.743394680 0.873940116 0.902147620 1.045994502 1.105125922 0.850811472 0.106496656 0.087083375 0.905976393 -1.549831000 -1.387433631 -0.234480014 0.424892102 -0.009278293 0.478195708 0.376091395 -1.011320741 -1.226692827 -0.010411629 -2.186517324 0.762522840
23.796564385 4.696947960 20.658657792 0.642892308 -0.198587308 0.217778197 0.706983181 0.314460038 1.348329069 -0.340647002 -0.840928490 0.962303546 0.988575853 -0.362303687 0.690198437 0.444727936 -0.923301835 -0.191907755 0.002165987 -0.297773395 0.441770968 0.551311225 -0.198970500 -0.356670611 -1.610963046 -2.156582410 0.236139321
25.092417216 3.239436660 17.486007183 0.024845733 0.817695029 -0.573736321 -0.039801549 0.190175014 1.054252780 0.497116513 -0.097345577 0.876795858 0.980398749 -0.186813000 1.262302438 0.463500136 -0.191661113 0.328441216 0.488923872 0.158758268 0.868886936 2.277958602 -0.381594436 0.443516130 0.490343473 -0.408487152 0.681151786
24.593711570 10.157083480 21.468505165 0.144129910 -0.160777131 0.744651259 0.631562971 -0.865644684 -0.444864114 0.397520346 -1.365469943 0.041994943 -0.285225921 0.219406526 -0.291796671 -0.398489909 -0.244468609 -0.390124329 0.640180873 -1.076349574 0.359959716 -0.374942799 0.254116524 -1.836556424 -0.942633574 -0.807615073 -1.106955801
31.121791477 4.326555535 26.276738224 -0.371070142 -0.825145716 0.304670556 0.297686663 0.287023656 -0.989603794 -1.019789319 -0.196948866 0.017769290 -0.758354128 1.441349566 -0.730591700 0.363286031 -0.106691531 1.044718672 0.031126226 -0.259819474 0.575223377 -0.239891884 0.680261173 -1.156682004 0.041563831 0.816830753 0.661659691
33.121757577 4.340980243 16.227440760 -0.361054218 0.575516825 0.123553401 0.723294403 1.011692122 -1.473865862 -0.735007884 0.989474360 1.488579621 0.531347485 1.351703298 0.327025801 -0.664798950 0.321478398 -0.242917428 -0.897175620 0.493886838 -2.047048698 -0.262210909 0.496877628 -1.971321195 1.865512292 -0.159176570 0.226932071
34.818385510 8.462312358 18.620926176 -0.921062397 0.050443893 -0.147718905 -0.356761263 -0.032955999 -0.555204247 0.921179227 0.528081486 -0.117774535 1.267176202 -0.403211707 -2.851119349 -0.265133001 1.208855603 -0.237951648 0.174698960 -1.540769095 -0.046370635 0.393512387 -0.028162455 0.581449354 -1.304372194 0.111817298 0.490172496
33.854650740 0.989278322 20.908167034 -0.211515160 0.238047441 -0.159005635 0.934511616 0.292619514 -0.443768635 1.084012358 -0.268540075 -0.491103330 1.263691980 -0.345948709 -0.289293135 -0.694093404 1.559481479 -0.427411806 -0.359969309 -0.090926918 -0.056289302 0.354458136 -0.592363225 0.185473849 0.059716100 -0.399136164 1.151465967
34.966268637 -1.101439326 17.581623772 0.730071798 0.004442485 0.300439789 0.613768170 -0.016491078 1.211699869 -0.333783894 -1.443101514 0.404968594 1.837803323 -0.024309530 0.054934373 2.584456063 -0.213459997 0.959560193 1.459725487 0.030388637 1.482670448 -1.126570758 -0.062608437 1.650423381 0.336488823 -0.744992695 0.042144630
39.173146768 -0.003787225 24.004044816 -0.155158191 0.076423188 0.648095587 -0.741658643 0.017319223 -1.041295377 -0.554877523 -1.675256526 -0.701806661 0.030748626 -0.213544783 1.682523846 -0.873076963 -0.084941308 -0.401234623 -1.584135892 -0.652136007 0.908566413 0.211118017 1.160517240 0.019582303 -0.648045041 -0.515815136 -0.226839576
26.742872739 3.821743841 28.338481503 -0.116023484 -0.363601767 -0.232338571 0.894623438 1.055437562 0.046289637 0.738750793 -0.664687719 -1.761634763 0.115407584 -1.085321048 0.692784254 0.284176810 0.984696907 2.607683986 1.579569087 -0.746749437 -1.751161424 -0.067271202 0.550387600 -0.429941709 0.268549705 -0.761519889 0.318213622
32.212027777 9.917940346 18.864601997 -0.363589605 -0.179553337 -0.306975832 0.861004667 0.576491350 0.602738677 1.013913128 0.258464432 -1.187801412 0.299574319 0.680111804 0.372169621 -0.984123265 0.304040477 -0.068556245 1.409964172 -0.513601174 -0.526658577 -0.380887552 -0.230206158 -0.350823993 -1.147282045 0.756154542 -1.610140134
25.831296829 6.257542892 27.664090566 0.034611830 0.635970756 0.338897175 0.692453553 -0.129146613 1.070458684 -0.117097330 0.405571757 1.081606725 -0.688536354 -1.121699350 -0.249470082 1.037420599 -1.017615114 0.506760101 0.119633973 -0.056511601 -1.514958304 -1.006069650 0.753373956 -0.246360283 -1.158897534 1.187845098 -0.004013061
24.209521996 -3.047191070 18.955922594 0.793578050 0.191696550 -0.306513381 0.489424007 0.562581150 -1.397102075 0.309740083 -1.653850314 0.082180189 0.195452120 1.652259026 0.200749559 0.850512123 -0.253710321 -0.465416657 0.656199981 -0.425693651 -1.109450779 1.444065195 0.076993530 -0.639734885 -0.450888924 -1.181119411 1.589957056
29.317451293 -2.086588962 16.479343325 -0.173980211 -0.377850728 -0.521821867 -0.744756103 0.510212256 -0.902546454 -0.234749843 1.053568683 0.058240865 -1.355984235 -1.060046799 0.561998552 -0.198076298 -0.556209047 -0.409488870 0.407345580 0.186627396 1.532500565 1.023660158 -0.982850967 -0.265443961 -1.163655978 0.345580375 0.017692001
36.453294252 1.311301870 24.715450383 -0.027191740 -0.829795283 0.543612790 -0.123229591 0.954403231 -0.048235268 0.355179425 -0.230513916 -0.346401557 1.335688899 -0.199579874 -0.685253045 2.427033961 0.661641388 -0.439047125 1.365727509 0.454970845 -0.477100211 0.568002131 2.186200484 -2.185156308 -0.001512769 1.436309698 -0.119004074
29.602351138 10.032064543 28.882637988 -0.227449063 -0.680622999 -0.624306022 0.308644210 1.277997570 -0.425416823 -0.851533530 -0.939347767 0.312146898 0.641561054 1.012030119 -0.165544839 0.065787798 -0.383581430 -0.852389387 1.424356880 0.715982514 0.769213887 0.232311909 1.074396079 0.744032179 0.952880908 1.382061275 -0.097358344
29.174878842 4.973294045 29.605663845 0.783697851 -0.182857594 0.502843792 -0.315482012 -0.222870016 -0.879691270 -0.556823479 0.702515051 -0.255046262 1.424411655 -1.574442194 -0.124660381 1.138390186 -0.366290123 -1.427850648 0.070022388 0.656261086 0.757382510 0.952366633 -0.140099483 -0.760702249 1.376830063 0.953668071 -0.924946318
25.256895394 1.952174824 31.064494528 -0.156136887 0.170717388 0.862472203 0.450131698 0.594356327 -0.169452265 0.505219162 2.076509680 -0.602045593 -0.872669864 1.029602878 0.959181592 -0.100043153 1.767712337 -0.181291072 0.759578436 -0.395667782 0.415979505 0.949613452 0.172911667 2.203721428 -0.653507015 0.556527588 -0.104923077
26.890834157 -2.421344354 27.252171720 -0.464063221 -0.158976433 0.867603528 -0.081461277 0.151855305 -0.761125702 -0.476869830 0.504882844 0.893872022 -1.414648705 0.310433613 2.337072980 -0.680777098 -0.590432924 1.529659962 -0.109344833 0.551969297 0.219978385 -0.401563075 1.198716787 0.776579508 -0.058798023 -0.095785228 0.372901949
35.496458141 -0.253048287 20.701863941 -0.635322405 0.328642467 0.692982828 -0.090190744 -1.824374277 -0.505395307 0.295315588 -0.260545357 0.841138029 0.578974188 0.690983433 1.023670205 -0.133172057 0.493235099 0.181236613 -0.797387122 -1.748634716 -0.636169920 0.887632257 0.123839449 1.019879696 0.455324694 1.473570622 -1.337964529
33.257385435 5.184868244 31.406882168 0.740491560 -0.380393432 0.434849311 -0.343335351 0.096874560 0.809458437 -0.022767706 -0.802027082 0.128965847 -0.004694487 -1.862196588 -1.196556226 0.379853973 1.614208143 -1.681129591 -0.285465907 -1.457770375 0.003291511 -1.000406111 -0.348432341 1.269192753 -1.362328669 -0.038868673 0.087911628
35.125751948 -0.617889500 23.387895854 -0.064167279 -0.270975417 -0.957727491 -0.072200664 -0.151921266 -0.285766348 0.321443367 0.088908752 -1.085658060 0.395388820 0.052616539 -0.251959084 0.236704140 -0.130350973 0.308336395 -0.703757103 -0.093698602 -1.001612412 0.839643042 -0.882015407 -0.405447611 0.491977160 0.311949057 1.166370324
36.262505540 7.210072888 22.179056872 0.706287559 -0.235616783 -0.266039115 0.612262857 -0.334605379 0.404993355 -1.005942996 -0.959291006 -0.232411087 0.949323074 1.117794789 -0.973966692 -0.177618854 0.382418334 0.950809268 0.034714957 -0.330262394 1.097860119 -0.641635479 -0.130910637 -0.367546773 -1.271663707 0.917330731 0.364258644
26.215945351 4.122120634 17.493621124 0.607075464 -0.315675924 -0.037592615 -0.728282148 -0.075416518 0.293719375 0.955785620 2.354119354 0.373160053 1.316468913 -0.409558660 0.741681096 0.933843006 -1.018985483 0.564374766 2.298576074 0.542379694 -0.402958800 0.816313913 -0.926091502 -0.539320145 -0.396359423 1.456720945 -0.024605767
28.345754079 4.058347599 19.832879369 0.423459220 -0.620418705 0.504727905 -0.425455828 -1.282727977 0.139482841 0.736887366 -0.183671466 0.173776332 -0.374929591 0.555158426 -0.877731286 -1.173230735 -0.234563148 0.373618807 -2.247677595 -0.700177784 -1.468827071 0.935502750 -2.071228131 -0.271292593 0.464196200 0.659213088 -0.123834791
29.050033827 8.095037453 22.216456209 0.058011316 0.649163198 -0.758414786 0.005370449 -0.255323703 0.636965708 0.880841620 0.233704057 -0.634136677 0.116989883 0.341698180 -1.703046848 -0.411376613 1.162858755 -1.370212206 -0.419618733 -0.666972134 0.285603666 -0.161549388 0.562437683 0.712281416 -0.551261719 -0.900332979 -0.723824208
24.625853364 -3.431114305 19.856380438 -0.198581315 0.525911032 -0.758220548 0.330279652 0.248149037 1.468284921 -0.513467324 0.441862325 -2.317948793 0.235840614 0.559043579 -0.170054675 1.615741786 -0.151050897 0.158401532 -1.192687852 -2.677723398 -0.671107453 -0.401444080 0.760544476 -0.790284601 -0.747921719 -0.801633230 -0.353846731
