18.111912408 -28.450921567 0.678340890 -0.853398085 0.437377809 -0.257187077 -0.119445253 -0.069698285 0.294578264 0.897538541 -1.164707013 -0.478372985 0.264782338 0.918998401 0.325869266 0.696911718 0.753437530 0.478341011 0.857119011 -1.353146882 0.525300172 -0.383297816 0.318494917 0.620100083 -0.999756585 0.565554976 0.106242429
14.196536293 -34.946865491 7.362542016 -0.063246696 -0.108454800 0.559633459 0.819175075 -0.852817968 -1.289278435 1.929895190 -0.152112126 0.663095356 -0.472885841 -1.026147010 -1.857804747 0.581463629 1.272766826 -2.147862537 0.292501726 -0.660900307 0.808822057 0.417617977 -0.416311019 1.077090691 0.360073051 -2.284067045 -1.262043399
11.684439688 -21.893583045 -3.092561529 0.689016512 0.393053273 -0.604224841 -0.075350597 -0.730499503 0.537727368 -0.367267389 0.201001299 0.673114282 0.347229406 -0.164409511 -0.527931792 -1.395433627 0.890235244 0.153535868 -0.249505599 -1.947504412 1.546519477 0.401114055 -0.063268932 -1.591476529 0.726460808 -0.185178026 0.619887085
13.356149491 -16.909388222 1.305234474 -0.764128878 -0.630430609 -0.107435515 0.084391434 -0.094119619 1.485198067 -0.363017026 -0.455638555 -0.392388250 -0.137030011 0.293871361 1.076865943 0.490345207 -0.747925102 1.725015502 -2.164011777 -3.344530949 -2.028419242 0.740330334 1.274700343 -0.577993126 0.630410242 -0.540587365 0.265837210
16.828527958 -30.135570027 11.961196976 -0.871796675 0.059486732 0.193767624 -0.445966359 1.484969416 -0.955827138 0.806181150 -0.769039751 0.988282510 -1.044968346 -0.651786388 -0.549418715 -0.176501154 0.183382260 -0.066989184 2.157089981 1.509178985 0.375867724 0.725973724 0.832233446 -0.093780520 1.314248756 0.450404394 -1.094943814
8.123610621 -30.656637268 0.991804794 0.161083158 0.216105126 -0.267400108 -0.925120518 -1.879616243 -1.170847872 -0.673693436 -0.109949835 1.047522543 0.940103912 1.110660045 -0.732768124 0.868277275 0.696569313 -0.038771942 -0.345672265 -0.791747500 -0.484710480 1.180518731 0.721254069 -1.255457581 -0.160479027 -0.739608554 -0.201546103
7.203148804 -24.843895201 -2.475134074 -0.370178846 0.333955775 -0.847345758 -0.182883375 0.873073681 0.485447365 -0.685380182 1.687709735 -0.017444934 -1.105615188 -0.267479949 -1.375780302 -0.029605107 0.865420772 0.308917944 -1.171659305 0.152331587 1.902836435 0.438971433 0.474028561 -1.198775380 1.752731946 -0.117019675 -0.676593102
19.196379747 -24.940206727 -4.120939614 0.196887525 0.758492244 -0.616065673 -0.079924372 0.759371782 -0.494211627 0.258817938 2.042151170 -1.754107364 0.723604105 -0.023166731 0.718874888 -0.315056968 -1.022779277 0.466259781 1.367493227 -0.696842063 1.875587267 -0.868346115 -0.714470881 1.758437823 0.056913036 0.780128389 0.532431186
21.451543289 -24.148716629 5.665365724 0.594043514 0.225924965 0.444126762 -0.631523264 0.836889133 -2.171846389 -1.406542622 0.099541040 -1.551227328 -1.417807546 -1.388082671 0.367710017 -0.653784461 -0.137125424 0.512238467 -2.310640720 -2.762862135 -0.316238671 2.309800068 -0.041507168 1.310916952 -0.119691218 0.442135954 -1.826245320
9.976876380 -27.698353353 5.051446064 -0.802966589 -0.346849501 0.437208650 -0.209257439 -1.869102832 -0.809620657 -0.285769084 -1.588006818 0.284453921 0.384926430 -0.535180476 -1.527072566 1.260697558 1.676035531 -1.034645554 -0.678072399 -0.303266358 -0.795374172 -1.064593057 -1.011344272 1.124513211 -0.189594945 0.607385711 -1.654033387
10.106483983 -31.430811969 0.418997003 -0.263927391 -0.800014487 0.018644151 0.538490063 -0.076538456 0.356094913 -1.313394921 0.214087709 1.722676738 -0.127838335 -0.379555678 0.177932436 -0.697738174 0.565132605 -1.254862220 -1.070362007 -0.272965595 0.091513673 -0.961081354 -0.879267824 0.105758694 -0.177775601 0.854201049 -1.952493423
10.212806997 -25.464150025 6.098042545 0.344664533 0.690149246 -0.070144918 -0.632439775 -1.334829938 0.498535991 0.396058969 -0.110611735 -0.453525689 -0.085790293 -0.625993358 0.957338258 0.431975109 -0.992896286 0.228263707 0.986286103 -0.484340251 0.353483315 0.576226157 0.536565145 1.554677627 1.006508739 0.431294981 -0.278550220
13.513224583 -18.999423621 2.781531627 -0.037427973 -0.008928125 0.863247809 -0.503311688 -0.470322842 -0.677001818 0.522255677 0.132381038 0.281712995 -1.710448214 -0.287035489 0.629516796 0.013987854 -1.476416202 0.538377860 -0.229823792 1.842574997 1.628116196 -1.310641672 2.402696988 -1.508761639 0.081875055 -1.013397514 -0.730462605
4.760003440 -24.228158510 5.805187659 -0.182175166 -0.086485200 -0.029070827 -0.979023700 0.007335444 -1.861261513 -0.530974935 -1.194580495 -0.015181114 -0.050073195 0.298048826 -0.074675610 -1.233458601 0.651166335 0.502431025 1.959954256 -0.324650861 1.234139832 -1.057561069 0.442595483 1.139495332 -2.478938014 0.527755253 -2.312547183
8.779988192 -28.122879448 10.799449389 0.937680611 0.090615675 -0.216958498 -0.255876691 -0.442558363 0.968399219 -0.417504945 0.367530767 0.627522159 0.058767415 -1.248654163 -1.608666115 -1.357752872 -0.481946200 0.688073440 -1.609470625 2.357809544 0.031464662 -0.994387331 1.123047036 0.051751276 0.448822529 -0.268173124 -0.255929075
11.927007551 -29.692099622 -2.530448076 -0.252714929 -0.936105947 -0.179684770 -0.165994592 0.536442242 -0.274525805 -0.027963304 0.161709418 1.123172005 -1.188757948 1.923476415 -0.425206218 0.113441416 -1.023906744 0.805096839 -0.890524592 -1.035307891 -3.466409211 -1.332563622 1.562539765 0.504640600 -1.426592828 -0.562336832 0.471909052
12.905360204 -27.636427015 -6.148523839 -0.386874520 0.132142807 0.366739174 0.835684607 -1.259410601 2.163253762 1.668670819 0.440638237 -0.462572350 -1.403580268 0.631505517 0.595281364 0.232033143 0.737164560 -0.591132156 -0.614015453 1.068315508 -0.004288513 1.300240112 0.011306536 -1.425171801 -1.590720318 0.986918815 1.555698097
16.661890734 -26.188184207 9.577567790 -0.524349631 -0.533691806 -0.494915689 -0.441915130 -0.720846389 -0.660733976 -0.347692296 -1.195285989 0.662807731 0.695210180 -1.191973941 0.549448958 0.251770500 -0.172271957 -1.021051022 0.412603587 -0.622696743 -0.847530893 0.359665721 -0.990110374 0.274016626 -0.709400082 0.825618051 0.349658280
18.933822231 -17.959611468 5.619932750 0.856628148 0.091806914 0.312537498 -0.400100011 0.774892774 0.249929094 -0.387453101 0.352531853 -0.862522836 0.097765381 -1.302610299 1.252334332 0.825430468 -1.334502204 0.914791023 -0.032420630 0.225685183 0.446142080 0.383578265 -0.529824678 0.697240591 -0.655077465 1.175306823 0.934322073
14.771962397 -20.263787696 1.756103601 0.004552277 -0.224043054 -0.969508352 0.099184380 0.934252959 1.071750427 -0.379766587 -0.203968357 0.586152867 -0.662791045 0.784310088 -0.934214351 0.871155130 -0.335265215 -0.195033502 0.542417988 0.626504641 -1.083414215 0.446539568 -0.619905391 -1.191146468 1.670951366 -0.823067230 1.813907094
5.625134460 -25.188911762 1.136388713 -0.682705600 -0.505715432 -0.149369257 -0.505819919 1.078919731 0.601577660 1.945180103 -0.773950365 -0.900979552 -0.977347003 1.058832857 2.128583266 -0.227915487 -2.064137096 -0.484297637 -0.606860631 -1.182523666 0.435886935 0.861359039 0.060348087 0.155311664 0.538308593 0.879301666 -0.065380884
9.852875334 -27.195237365 7.631521699 0.255904466 0.533516092 -0.395640595 -0.702383089 1.471824480 0.258048219 -0.171974282 0.254503931 -0.123603938 0.147543937 -1.158435979 0.236129769 0.367594687 1.152099631 -3.124945541 -1.147816159 0.154915745 -1.508374727 1.054775121 -1.125706603 0.246875555 -2.398334604 -1.509804083 0.128837509
4.636860051 -25.016175616 2.984518585 -0.740440849 0.050667597 0.652897201 0.151345265 0.868753489 2.599260606 -0.309613420 -0.690267101 0.672922310 2.030803232 0.949567958 2.360296650 -0.020097002 -0.645367866 0.170955950 0.155115197 -0.826009084 0.587696216 -0.154133069 0.510114441 -1.315844827 1.200825278 -1.142504857 0.957230573
17.270041358 -31.029794762 2.204098061 0.476111545 -0.737681005 -0.031779162 0.477634396 -1.153174116 -0.377796414 -0.282369462 2.207095170 -0.456787198 0.821939663 -0.740077167 -0.162823084 1.996539436 1.434570332 -1.885722418 -0.889810817 0.484938226 0.071656795 -0.441429784 -0.711844320 -0.359087082 -0.648004030 -0.624252448 1.114062030
12.993184552 -27.625937704 11.887469262 0.505793907 0.420573194 0.707006910 -0.259676608 -1.624868972 1.335578273 0.358324127 1.239086906 -0.550396292 1.996958850 0.019846268 0.804798173 0.636748676 0.045817225 3.200544928 -0.394059117 0.482842830 0.373295095 -0.610850900 -0.064222907 2.207391480 0.283221494 0.903791610 -0.537652949
11.548303085 -26.486580730 -3.513608637 0.081226869 -0.194296945 0.762239398 0.612080055 0.822605124 -0.028005758 -0.677133397 -0.506009520 -0.506512902 -0.915255675 1.380132518 -0.118556629 1.114676799 -0.403838307 0.945699844 0.072449953 -1.049516138 0.634067661 -0.002963968 -1.932912500 0.447900341 0.680879733 -1.911606858 0.131140563
14.718713110 -31.349734925 7.865503677 -0.483705666 -0.329835924 -0.655660395 0.476808703 0.489012554 -0.893014310 0.216769996 -0.064563737 -0.853648423 0.827982232 -0.858737721 1.126795381 0.481610873 1.104406107 1.030956813 0.215817079 -0.007583763 1.892707937 1.929643449 -2.752646117 0.887452572 0.434925529 -0.126217682 0.663012499
15.354885150 -32.726809938 0.092561576 0.854754451 0.418842436 -0.026354498 -0.305403476 -0.392913512 -0.418231750 1.223376920 -1.248059503 -0.716685468 -1.744611800 -1.739896707 -0.931143098 0.713650009 -0.265049074 0.177035307 -2.083053969 0.470870875 -0.003391362 0.318616128 -0.769086906 1.611548427 0.989979904 1.094895960 -0.548429722
18.334836251 -28.030891378 2.896708074 -0.080729055 -0.358416487 -0.021992717 0.929804690 -1.178343947 -0.323168772 -1.064620933 -1.237130413 -1.390500442 -1.167463505 -0.598792297 0.050339403 -0.031693129 0.368281095 0.361892925 0.099437041 0.854675343 0.577241954 -1.452027748 0.122473680 0.532578366 1.206733754 -0.535556895 -1.680474304
16.531440840 -31.590862343 3.520517059 0.164771538 0.949709699 -0.263418618 -0.038890365 -0.499356925 2.156960906 -1.059328839 -0.771363871 -0.160887691 -0.504408473 0.394920089 0.123938868 0.483117649 -0.306396451 0.475258159 -0.261057527 -0.065447598 0.700237542 -0.555210151 -0.525014480 0.593672075 0.219242315 -0.388288057 0.770009848
20.128261735 -20.491668212 -1.244179135 0.641221524 -0.160774252 -0.360207496 0.658207533 0.281731396 -0.151976116 -0.462524848 -0.752674809 -0.461609318 -0.599909071 0.557922132 1.036677540 -1.180591187 1.321227259 -1.056440913 0.437484970 0.724076829 0.257475914 0.037536953 -0.970772696 0.023900166 2.566805343 -0.234836118 2.621638075
15.138985507 -32.034101278 8.464585019 -0.760852557 0.219568765 0.219352065 -0.569892636 1.185092120 0.184563214 0.108409203 0.911660321 0.282446047 -0.279783655 -1.734246780 0.629348804 0.347336643 -0.523711227 -0.562703929 0.314002898 0.100346709 -0.077124374 -0.212425992 -2.615515453 3.306032977 1.282131520 -1.368184064 -1.422441516
10.850600902 -34.139730297 0.203766920 -0.944857631 0.292345488 -0.146578049 -0.017118663 0.011149438 0.203810915 1.934018488 2.087400392 0.808763196 -0.540019325 -1.820675132 0.045197981 -0.780777149 0.120277254 0.828938771 -0.479930504 -0.908718502 0.668458105 1.789262701 -1.172222249 -1.294300568 -1.019404819 -0.257638015 -1.185832706
13.603896013 -30.890459599 -0.576307636 0.834776534 -0.020217937 -0.202504667 0.511596748 -1.336901855 0.387419925 0.534255980 -0.696585079 -0.579199202 0.738453750 1.495595378 -1.333598168 2.147873128 -1.001193913 -1.414640296 0.880565808 -0.488483400 0.276248307 -0.280983843 -1.044305099 -0.567498655 -0.115163508 -1.060222806 -0.367750477
19.404144734 -20.612570518 8.380939643 0.252663547 -0.504805920 -0.174865394 -0.806693380 -0.697695272 -0.898794098 0.092652955 1.337908630 -1.776580803 -0.805732862 -0.036328661 -1.211368503 0.092172366 -1.305796910 -0.171340131 -1.663948404 2.079031926 -1.024643150 1.151721846 0.291619316 0.997705125 -0.394625806 -0.588582605 -0.477315111
18.551655484 -20.220244889 2.793982967 -0.364104096 0.510856070 -0.646158294 0.434665092 -0.237654022 0.151041129 0.691084853 -0.963302632 0.917414380 0.560466033 0.114260117 -1.257174032 0.737558753 -0.269210432 0.593406342 -2.291637827 -1.701846172 0.227549020 1.074252399 -0.526534468 -1.064449532 -0.108963483 -0.731865041 1.174091144
20.929300297 -26.003049474 -3.633697763 0.677874025 0.349966297 0.376252382 0.525779937 0.180921609 1.171579383 -0.653603843 -0.029046957 -0.081835858 -3.429512610 -0.480532519 -0.641035334 0.134909690 -0.438025436 -0.013084485 1.208352252 -1.364776117 0.684756014 -0.372668590 -0.310054654 -1.211877353 1.502980704 0.721885924 -0.343017902
5.833189160 -27.363949819 5.864377907 -0.333933658 -0.696474674 0.324083526 -0.546242812 -0.848414059 0.593764527 1.249725722 0.400944340 1.129335024 1.014900640 0.040422086 -0.330855740 -1.433171316 -0.653352917 1.817322169 0.657186640 -0.583521221 -0.700223449 1.412214402 0.811479840 0.302718194 -1.720359777 0.685998577 0.468990940
18.253078235 -20.417567768 4.046235045 0.276450412 -0.589942313 -0.489777598 -0.579362703 0.847651522 1.171075329 -1.025790236 0.832276926 -1.233678106 0.477208393 -0.670048969 1.394400256 0.192354342 -0.503830239 -0.157769488 1.207678058 -0.925623231 -0.436827828 -0.103091558 0.618348528 -0.409054585 1.156531456 0.877884470 1.709915029
13.881195944 -27.313404220 -4.680665291 0.745575562 0.609993003 0.094181160 0.251307634 -0.489741111 -0.918166594 0.444436422 0.389845222 -0.630860460 1.208395297 -0.170114813 1.583730190 3.280652289 0.531760224 0.150846702 0.445877516 -0.043366132 1.190527725 -0.562872804 0.099819796 -1.156207018 0.901093866 -1.197058574 1.147223323
18.995866670 -23.390919352 4.506732545 0.098764612 0.634228899 0.756926745 0.122723910 1.822552185 1.785618976 -0.358815208 0.017417158 1.192596103 -0.953849996 0.654754269 -0.842733183 1.231782314 0.803355163 0.484920366 0.047896986 1.272653848 -1.598703585 -1.138387928 1.793661198 -0.314751345 0.505256258 0.820611297 -2.316339164
16.324033918 -25.609172639 5.411476194 0.911938312 -0.182165518 -0.301149055 -0.210934790 -0.166750083 0.049747791 0.260409045 0.461646352 0.301877397 -0.099556939 0.758032214 -0.849733356 0.895036207 -1.589979478 -1.599878096 0.014021795 0.687297101 -0.045160998 -1.263222011 1.016515308 -0.528364218 0.761873425 -1.629391144 0.061576024
17.255656063 -27.351360564 0.935627960 -0.204843389 0.238322847 0.029667729 -0.948873665 0.507303191 -1.150810826 -0.631460922 0.277657421 0.927360081 -0.056942074 -2.731263042 -0.162394480 -0.897644277 0.145300734 -0.560710649 -0.392654845 0.610980340 0.336489795 -0.881937375 0.505370068 -0.599982822 1.170844344 0.440872425 -0.095679524
17.898186275 -21.878662689 2.837884645 -0.115848137 0.319478123 -0.936769834 -0.083517763 -3.110757286 1.665269319 0.275233488 -0.451992371 0.793304963 -0.670851539 0.985459789 0.144753143 -0.671195364 0.052065013 0.797877170 -0.624736109 -0.792167559 0.221744540 -0.364681315 -2.271566387 0.748471819 0.710923395 0.989984292 -1.146343166
23.188482294 -23.514142492 5.110859616 0.958121009 0.029265713 -0.283383431 0.029008292 -0.038687073 -1.354717730 2.659298237 0.270474076 -0.281902311 -0.309092206 -0.657111314 -0.656587782 -0.338689586 0.889185652 -0.553111904 -0.624713015 1.259271343 -0.739469728 0.259081722 0.352191143 -0.199704581 1.011272364 1.296261240 -0.038704547
7.113677993 -21.510911822 1.017345212 0.601364639 -0.283514999 0.429739769 0.610985718 -0.238541144 -1.035708043 0.266976205 0.619675074 1.306821181 0.587836965 0.898723988 -1.303552418 -0.581243875 -0.610870404 -1.472089640 -0.504549784 2.255875541 0.635581982 -0.865837576 -0.715583817 -0.985161895 -0.271943762 0.348163500 -0.268205310
8.090039986 -33.392655669 3.975009718 0.297347745 0.506567351 -0.801539849 0.111837864 -0.874154758 1.889536124 0.690748347 -0.090179008 -0.872710715 0.559193950 -0.804207473 -0.769447356 -0.031792824 1.369065428 -0.163451624 -1.711337792 -1.687431179 1.699529996 0.816766274 0.226159213 0.864838948 -0.154748296 1.449826125 0.412968067
10.859207604 -33.432226497 9.531726176 -0.644579861 0.635046912 0.179358369 -0.386086515 -0.912689131 -1.904441042 -0.985736603 0.664385574 1.332149948 -1.252882878 0.715664260 0.039664105 -0.142621262 0.518316180 1.380581285 0.223903299 0.563065858 -0.658692330 -0.551010270 1.426020709 0.777248961 1.255538838 1.378560825 -0.597863299
11.908717454 -20.980294875 6.823383440 -0.928937215 0.099060025 0.352114811 0.057253144 0.444871549 -0.715311568 0.875107734 -0.743512993 0.803222854 -0.850050031 0.322857303 0.411432701 0.212565145 -0.803934303 -0.628403056 -0.385551083 -0.812236542 -0.410007440 -0.051008037 -0.626277429 1.363029938 0.575730688 0.585769559 0.581039368
17.125902682 -27.614810909 -1.450071512 0.813923682 0.503112189 0.268525249 0.110907868 -1.241586264 -1.290491021 0.586701835 2.123137371 0.427939730 1.512010357 0.372858235 -0.276925396 -0.776448597 0.505391783 -0.028976056 1.326203541 -0.218984642 -0.453025409 -0.714811624 -0.493226848 1.285963931 1.298480920 -0.405075231 0.994319865
12.558360283 -24.066298921 2.439000445 0.374524255 -0.618825977 -0.690246289 0.018602515 -0.466936248 -1.169380190 -2.757728152 0.139274576 -2.198581492 0.266433347 0.788379130 -0.450329850 -0.153421269 0.810092592 0.560552107 -0.500283780 1.294357176 -0.080381314 -0.429552895 1.361469543 -0.200664850 0.196970650 0.801829174 -0.288600101
10.698366639 -18.209754411 2.460412902 -0.970049654 0.116419919 -0.058221670 0.205086102 -1.368796938 -1.266620167 -0.276294821 2.142535034 0.682852813 -1.518478814 0.990628309 -0.422619162 0.469088679 -0.279042904 -1.474650697 0.635342768 0.785442945 -1.237885234 0.494925132 -0.748150447 0.213305993 -1.568676842 0.931264124 -0.727586137
12.320480614 -31.922694312 4.831152029 0.335386450 -0.505203442 0.780265799 -0.153201483 0.011886784 -0.424731550 -1.177759788 0.529905130 -1.659497061 -0.713633933 1.768751878 -1.255487175 -0.228695846 -1.096180316 -1.452809403 0.169243147 1.422366665 -1.695506437 -0.415495357 -0.996750191 1.295036021 0.660815880 -0.429560238 0.802980623
12.283105084 -24.054942631 8.103804785 -0.275774693 0.663828560 0.346857397 -0.602469839 1.341557524 -0.714441311 -1.297418233 -0.712501762 0.620051726 -0.017807612 1.585547361 0.802372765 0.121939177 -0.384384343 0.095303852 0.039984818 -0.368293071 0.129016530 -2.783544356 0.211334838 0.531813981 0.461296754 0.253837755 -0.321543305
17.601495366 -32.142800358 0.577070860 -0.726253932 -0.146925953 -0.090872444 -0.665364705 -1.250738850 0.135199047 1.745785201 0.079301321 0.019173529 0.010117576 0.604396711 0.094963064 0.280104838 -0.727074075 -0.960787640 0.567101344 0.822353192 0.842559931 -0.388657964 -0.059714318 1.085138072 -3.188867565 0.338937287 -0.203605827
14.107519543 -29.226984573 5.049374855 -0.192758154 -0.173026382 -0.433145917 -0.863302253 1.206373526 0.291041928 -0.131512802 0.044639754 0.340317729 0.598752678 1.009879715 1.549836146 -0.133525341 0.595262404 1.523651035 0.222365375 -1.026101820 -1.697109695 -0.402905304 1.215954278 0.220425407 -0.850408002 -1.870619056 -0.366184409
20.192593492 -27.376696950 8.364769313 0.413709481 -0.031360321 0.749558519 0.515774197 -0.236009195 -1.031226912 0.121332015 0.793160577 0.172604276 0.969273431 1.078126108 1.321565148 -0.418620223 -0.931550692 0.784826375 -0.035004578 -0.913160553 1.053210492 1.086976219 -1.091230998 -0.032553904 0.993989555 2.195705594 1.132646046
20.578913814 -23.829546943 8.416345417 0.002565784 0.104835218 0.500768260 -0.859205531 0.330867108 0.975780438 -0.440080622 0.319603940 0.910836454 -0.222259982 1.103001795 0.035505675 0.439039768 -0.149377277 -0.885478216 0.622303528 -2.874074784 -0.578883299 0.310397276 -0.390679213 0.360783429 0.300654594 0.331173750 0.466698755
21.135052145 -23.205375904 4.686229156 0.138196650 -0.985751560 0.095403839 0.009677581 -0.276680283 1.828749241 -0.034030752 0.133488521 -0.118381482 -0.667605253 0.836549385 -0.688515995 0.274124269 -0.913319581 1.134298223 -1.588870681 -0.960576879 0.267240190 1.350442611 -0.571709148 0.708029911 -1.194351851 -0.005857250 0.443233715
11.649303561 -27.374417226 5.042900605 -0.655154205 0.049839606 0.605178118 0.449497971 0.916353483 0.955378542 -0.499352221 -0.680840965 -1.308636935 1.424060502 1.185059730 0.738274705 0.944367605 0.230770435 2.161514163 0.102646183 0.720850190 0.296962011 0.537107404 0.485722621 -0.819196559 -0.767784349 -0.356967821 -1.206506909
7.467298651 -31.299807973 -1.131088972 -0.433562138 -0.277208226 0.841915496 0.162350758 1.452730804 0.889680506 0.564122257 -0.054428243 0.055839567 -0.099295049 1.296668633 -1.510332782 -1.003810731 -1.258104521 -0.846582842 -0.546392008 -0.497294417 -0.522857774 0.621711439 0.145054694 -0.658225651 -0.078256343 1.813411398 0.058917068
8.719338785 -29.610720457 1.725015398 0.455950321 -0.669011858 0.237614985 -0.536722980 -0.802819176 -1.393519300 -0.798809785 -0.379011934 -1.212742012 -0.290597599 2.056350848 1.856947200 -1.416800993 0.076766360 -1.515662974 -0.668501751 -0.459579877 1.608832088 0.779217706 -0.278025424 0.044807650 1.461565025 0.679601955 -0.333010643
20.547605914 -23.157845475 -1.487819423 -0.660206306 0.414101494 0.337721371 0.527818019 -0.756075427 -0.132073400 0.328866853 -1.994255388 -0.493275534 0.444474608 1.352439833 1.202424936 -0.732635642 -0.461588506 0.410932412 1.607133093 -0.823034468 0.832210539 0.767595869 -0.372570832 -0.095118264 -1.243454041 0.472374511 0.058138993
21.734302830 -25.826583617 -1.147633133 0.020100271 0.238166167 0.799105544 -0.551636824 -0.304166942 -0.575101009 1.861669232 0.667186298 0.022399752 -1.086472344 -0.243690355 -0.611169871 -0.507334194 0.659023903 0.288335936 0.689740395 -0.061553637 -1.018675598 -0.279374418 0.300023811 0.343235455 -0.585902229 1.411703971 0.462459063
16.295934432 -30.423986529 2.090333527 0.590982408 -0.672131836 0.135109343 0.425116518 0.105702694 0.010730556 -0.187440315 0.084307766 -0.867157370 0.943080686 -1.348090280 0.623357817 -0.543198883 2.031910995 0.017867633 -0.081167914 0.077093785 -1.263448679 -1.072088750 -0.835528549 -0.799116385 0.103323273 2.892108889 -0.283453866
13.671843653 -18.475887560 -2.349488465 0.299844180 -0.419991492 -0.679576821 -0.521417259 -0.479728325 0.529971922 -0.090928623 0.239672593 0.181945201 -0.086757364 -0.861829768 -0.040699463 1.038194271 1.466811703 -0.017784697 -1.869750889 0.619674466 -1.825070504 0.473096141 -1.204605459 0.002552992 0.588208843 0.887755589 -1.472425977
17.510694408 -21.560176587 8.463965818 -0.128667026 0.613078552 -0.765308023 0.147929427 0.160371107 -0.882307545 1.396705273 -0.415833356 -0.336443005 -0.631176817 -2.417388106 -0.505166383 0.159825811 0.371423019 -0.635375112 -0.611187931 -0.549477854 -0.626909005 0.449901967 -0.901638308 1.675733116 -1.582374769 -0.721981190 1.088596815
14.131959508 -33.530833128 -1.460642290 -0.411241785 -0.620991127 -0.659865884 -0.099132380 -0.867131759 0.420189900 -0.620178483 0.726345647 0.072260280 -1.268369839 1.181305088 -0.399653060 0.982448295 0.756800707 -0.951966178 -1.258995228 -1.112206367 0.836955879 0.878898922 -0.078863188 1.713473108 0.672058985 1.632813333 -0.487797791
12.411602740 -33.350799124 5.377051302 -0.776478131 -0.600760753 0.129995483 0.138814282 -1.137541093 1.682410972 0.487199055 -1.014878668 0.231104060 -2.179045622 0.314209977 0.210719781 -0.049942295 -0.199628096 0.816759843 -0.738060639 1.137028409 -0.503035105 1.628057817 0.803889915 2.992154464 -0.438832478 -0.287668568 0.925492353
15.841886874 -22.231686402 3.760054645 0.420355017 -0.228174585 0.669003550 0.568922024 -1.213460816 -0.801074687 -0.630755246 0.598806205 0.513580383 0.728754717 -0.854456276 -0.606307743 1.096495230 1.397329471 0.420376398 -0.065618771 -0.632271241 -2.086688759 0.487535579 -2.722250928 -0.893846767 -1.953301221 -0.206122413 0.430527613
17.191923066 -20.570336144 -0.374820637 0.866227952 0.257462412 0.166337672 -0.394580816 -0.880673063 0.696936262 -0.875128022 0.706012263 -1.011003290 -0.681011516 0.751422020 1.432377851 1.637847940 0.960659698 -0.235748380 -1.600201309 -0.210538506 1.252404442 1.004959232 -0.186163966 -0.295916715 0.819024406 3.244930250 0.961307548
5.399497762 -26.980675112 3.480043012 -0.219206295 0.161104138 0.958909741 0.080536731 0.083977384 -0.102986186 -0.735846633 -1.358993970 -0.845060257 -0.177200735 0.130294659 1.244817362 -0.460960845 -0.893634887 -1.515419876 0.316435246 -1.108546613 -0.136547587 -0.735125967 1.891425165 0.899627502 0.874296954 -0.394515460 -2.328417201
12.954876891 -29.120107598 -1.025829934 0.346411654 0.741706379 0.557816104 0.136791108 0.109107165 0.819873257 -0.681605666 0.150892266 -0.105282663 1.000199145 0.325820544 0.211566618 -0.073150295 -0.521339004 0.336262597 0.749895191 1.837385400 -0.584993314 -0.983338756 0.103215372 0.601865511 0.675466625 0.342774467 -1.398963571
21.548553687 -28.951124452 6.840129508 -0.609286527 -0.740590070 0.281875145 0.029028934 -0.638978174 0.663506778 -0.765958971 -2.531668222 0.609380028 0.875779361 -0.476920127 -0.010749493 0.331996319 0.236026902 -0.188242452 -0.724014652 -0.636501527 -1.257385966 -0.362293454 -0.231848437 -1.205078324 0.772304016 0.892572785 1.859724394
21.110372800 -27.183419587 6.515204743 -0.034730175 -0.452013162 -0.729781016 0.511759304 0.344102076 2.150777499 1.095301747 -1.053697477 0.217682763 0.546242602 -0.630529141 -0.289326878 -1.016924616 -1.919026606 0.137330438 -1.239192174 -1.638331699 1.731871244 0.453867690 -0.336206891 -1.693196931 0.317976923 1.709455056 -1.064855877
15.891102194 -23.226033077 10.422982744 -0.123276511 0.466107318 -0.637902041 0.600522986 -2.463047770 -0.674809025 -0.735501421 -0.324868342 -1.041744386 0.079895917 0.000868602 -0.545572632 -1.742459123 -0.111110569 -0.680788417 -0.364484485 -0.599686038 0.871103107 -1.378173163 -2.438611029 0.725600270 -1.418812126 0.327100977 -1.549600121
11.458318218 -19.450355470 -1.473152822 -0.529893630 0.604358233 0.532399403 0.265546124 0.309907116 -0.870585012 0.862530973 0.622719930 0.907245275 -0.289382613 -0.518512665 -0.744462664 1.360258092 0.015368943 -0.323131432 0.748450168 2.333797841 -0.717059124 0.389128165 0.181272455 0.123314276 -0.512157187 -0.584396184 2.269917101
10.918352955 -24.478706929 -1.571228016 0.388191032 -0.894550297 -0.211878305 0.064769378 1.558401393 -0.030759216 -1.190534132 -0.486068440 0.862022876 1.048574233 0.415803372 -0.492144028 -2.880700253 2.174213044 1.551837919 -0.073623357 0.044922267 -0.967372278 1.947758548 -0.213145608 0.342176645 0.195126899 -0.398336744 1.524361984
12.798997712 -31.442584227 9.142155776 -0.898478396 -0.049873809 -0.424761368 0.099131000 1.519259772 1.442414499 -0.166695190 -1.294040396 1.160394167 -1.247694308 -0.030490645 0.579890909 0.045214637 -0.093221624 -1.305734627 1.146600942 -0.094918065 -0.394245759 0.110217262 -0.408522305 -0.082643404 0.331182972 0.895240035 -0.569088478
20.281769648 -20.076169810 3.606310811 -0.142114636 -0.805645533 0.434462441 0.376803786 -0.945591281 -1.870745166 1.275993729 1.203817282 -0.838117530 0.330116617 -0.999235320 0.186128278 -0.457164722 -1.404081893 -0.448596961 -1.140337382 -0.631200124 0.154193454 1.918011522 2.602890701 -0.774355122 -0.374309660 -1.177136202 1.845465659
9.379646308 -24.223578838 7.401377538 0.147498850 -0.621587623 0.211448931 -0.739704174 0.179425168 -0.840795050 1.893615813 -0.703285508 0.732472249 -1.346453974 0.289551228 0.451639882 -1.047883958 0.568084143 -0.978102608 -0.873869994 -0.636049256 0.627252768 -0.821324564 -0.732761464 2.145917150 -0.173162112 2.208049146 0.297700932
19.305913364 -30.733985575 3.355259170 -0.156660557 0.605704751 -0.514689511 0.586237095 0.456461125 0.977158619 -1.968255405 0.903100906 0.189377192 -0.029910713 -1.491888776 0.936869787 0.814298488 -1.672438770 0.454421224 0.278166688 -0.163752275 1.196452824 -0.617536208 -1.317459242 0.850329829 -0.435046301 1.214810427 0.828860589
16.267080402 -20.635009671 -2.638399747 0.559567369 -0.386190926 -0.338260324 0.650631141 0.183828597 -1.086775394 0.288388322 -0.754503404 1.270143755 1.265834843 0.895321962 0.236099370 -0.569031236 -0.308257409 -1.216764699 -1.346496010 1.866255642 -1.239058463 -1.309363143 -0.866528149 -0.377143995 -1.989809626 0.435192992 0.728444473
21.985780251 -23.999632873 1.506061753 -0.534026975 -0.461414666 0.623896233 -0.335656352 -0.555481151 -0.262387010 -1.126375454 0.120385704 0.496172620 -0.184978234 -1.704605818 -0.602922335 -2.118540114 1.701604080 0.738724838 -0.652529093 0.315195871 1.638177217 -0.585402197 0.742311590 -0.106040495 0.122971115 -0.227762148 -0.212317633
18.962797311 -28.527221710 9.122888009 -0.479883164 -0.838913575 0.228894421 0.116376575 -0.849812458 -2.107612510 0.659228213 0.336384495 0.529030959 1.946070506 -1.092008942 -0.052591331 0.936359265 -0.978044189 0.065875514 0.029400008 -0.915644916 -2.052843905 1.320473480 -0.015532356 1.325482536 -0.982965824 0.519480429 -0.484799501
18.871363303 -30.914937582 -1.528583543 -0.525830411 -0.690095544 -0.155927608 0.472183333 -0.014888623 1.636717098 -0.677151404 0.794577090 0.792440013 -0.317570784 -1.242972762 -1.361160172 1.362317584 0.552592289 -0.392108446 0.378807742 -0.496776307 1.134258368 -1.140846126 -0.577428809 0.306025692 0.985804905 -0.031752726 1.432316716
4.680625127 -28.071476708 4.772779317 0.383218905 -0.717013027 0.537055016 0.224961105 0.448947603 0.113520065 0.106046482 1.246326473 -0.603464595 -0.556588755 1.220377913 -0.852215261 -1.943236819 0.226172812 -0.721264569 0.825448160 1.338324895 -0.013028614 -0.058199304 -0.159706223 -0.403907732 -0.958094756 -0.491127411 -0.028804785
22.143870152 -31.468873488 6.448694047 0.840262946 -0.021240350 0.378619234 -0.387497747 -0.496610042 0.415567388 1.063363182 0.665953363 -0.142701675 -0.428593633 0.530752226 0.923679417 0.975006410 -1.329004795 -1.219187987 -0.129367629 -0.291091783 -0.193602372 -1.041361818 -1.600454758 0.041040636 0.438438376 1.257520946 0.752672737
7.609257547 -31.081659051 7.107851009 0.098261050 0.926695386 0.268345553 0.244071897 0.519451983 0.269570973 0.609272749 -1.808033675 0.401356582 1.065438315 0.841496683 0.855859973 -0.058142984 0.944156957 -1.136426973 0.819235067 -0.627766951 -0.543885727 1.104654325 0.327975827 -0.300163597 0.828732966 -0.317689588 0.916858468
19.647452215 -25.031897137 -1.837281104 0.395750719 0.423283851 -0.814924544 0.010494616 1.121021936 0.927595829 -1.131833970 -1.379991569 -0.093965962 1.100885144 -0.870127769 -1.019221639 1.695271396 0.777548567 0.853497530 -0.585222598 -1.800183372 0.567812064 0.238533123 -0.033300460 0.887090681 0.701923835 0.662269291 0.654655453
14.652762535 -21.538567429 11.261207806 0.127831248 -0.605631596 -0.130761128 0.774448881 1.248013250 -0.815293439 -0.062495319 2.467204364 -0.847834960 0.152212330 0.857357854 -1.362620214 -0.369716290 -0.011027993 1.242697449 0.888289629 -0.948409636 -0.120248120 0.659986895 0.642065525 -2.353477621 -1.361006419 0.101862157 -1.012572575
5.039979150 -27.768831712 1.389017851 0.507971990 -0.633806521 0.575204379 -0.096920965 -1.109040712 -0.261825947 0.369322174 -0.211012964 0.654621988 1.064743773 1.959868419 -1.320608344 0.177054718 0.174385429 -1.530733220 -0.815983887 0.541865627 -2.171724924 -2.611741413 -0.950121566 0.665027381 1.443192005 -0.716404471 1.461783366
20.019269395 -21.626584912 5.446300945 -0.489284046 -0.756708347 -0.135127057 0.411988201 -0.637828696 0.861086051 -0.341591160 -0.629785932 -1.415224795 -0.936782864 0.971437944 1.197772869 0.234779440 -0.711783080 -0.262586448 1.853769495 0.500928892 0.771689961 1.873000850 0.856230409 0.842154986 -2.954220187 0.692661394 0.263813638
21.092554009 -29.207477594 6.313889974 0.258443946 -0.853690963 -0.233534528 -0.387143502 0.427419203 0.434724247 -0.785788986 -1.203623331 0.882493814 2.749156543 2.286702830 -0.352555413 -0.059820525 -0.434974615 -0.224277455 -0.218436148 -0.418634177 0.244113213 -0.040879778 1.526160959 0.427693534 0.007532113 0.418903271 0.433297558
16.753426930 -26.018731926 3.145129312 0.528760896 -0.787445799 0.298043735 -0.107289138 -0.417603976 0.346367113 -1.318627318 1.308811948 -1.674531221 0.559479433 0.653238583 -0.814470293 -0.765094394 1.067135179 0.562241443 0.596433018 0.576294000 -1.292356052 0.780365993 -1.287468915 -0.322287359 -1.764410354 -0.542502077 -0.911986824
15.641350217 -21.930684500 2.306792134 -0.398482182 0.313390852 -0.854253913 -0.115101597 0.891805350 0.257240083 0.285844029 0.928939319 -0.350954805 -0.340973923 -0.605257864 -0.932340053 1.126798162 0.436613986 0.450299458 0.603741209 -1.954944272 -0.433398195 -0.679895071 0.143381337 -0.345773988 1.964416006 0.518028479 0.870758004
17.284904989 -28.086735359 9.337950456 -0.362960257 -0.909784491 -0.200847280 -0.014574026 -0.238325342 2.670950341 0.603629176 1.817895533 -1.272130357 -2.047709877 0.546859836 -2.113871712 0.034609442 1.053311980 0.650981304 -1.006982026 0.751374581 -2.008729359 0.298847612 -1.708779321 -1.166093256 2.977275374 -0.466352150 -0.043608327
14.781831247 -21.672280106 -5.159560336 0.442185851 0.665760803 0.422124640 -0.427837604 -0.410880763 0.308031183 -0.798704832 0.689183459 -0.157422663 1.320941473 -0.270687254 -1.137601001 -0.077719933 0.774585766 -0.128894466 -0.939423332 -1.363962603 1.111918518 0.117036627 0.849695870 0.383400749 -2.377006751 -1.735280481 1.048978284
19.451426095 -26.524762159 11.422577223 0.406035337 0.102530926 -0.716967431 0.557297422 1.336003413 -1.121543475 1.639935794 -0.913909196 -1.076829729 -0.847632387 -0.553718061 0.449242601 0.118304684 -0.886115515 0.187767884 -0.332522902 0.508547697 -1.059554102 -1.460918649 -0.067818134 0.511807665 0.202492004 -0.639129579 1.980060599
16.318742478 -30.198623140 -0.382453129 0.280229839 0.491250905 -0.653259660 0.503384149 0.430781659 -0.337044388 -0.603500080 0.033618913 -0.083326524 0.847016400 0.138596578 0.200905896 0.061896107 -2.158681598 -0.777451796 0.524876894 -1.167685450 0.461238315 1.011716549 0.769346751 -1.928995638 -0.194098123 0.974721307 -0.036464486
12.359532222 -28.891506051 7.498380239 0.157758697 0.645073370 0.068974619 -0.744469638 0.004969162 0.728102268 1.002886385 -0.352366236 0.010771475 0.372025850 -0.381314925 -0.376473862 0.755844897 -0.484614794 0.691384774 -1.923473707 1.794143404 -0.776278549 -0.618450640 -1.693543290 0.850302016 0.168529265 -1.344006656 0.649856942
6.979821326 -31.198827123 -0.741100940 0.114651440 -0.290366873 -0.835020404 0.453081726 -0.229158305 0.809362518 0.710315518 -1.474017034 -0.098099563 1.745486597 -1.074645010 2.170847693 0.966943779 -0.327799294 1.412170655 0.927259503 -0.173239358 -0.301212463 0.617287426 -0.671959629 0.525420377 -0.509718406 0.807021438 -0.449333952
11.684192273 -23.106072689 0.889499384 -0.007144018 -0.463383288 -0.468586086 0.752098378 -0.954974525 1.382804878 -1.108754319 1.260332313 0.190352138 -0.312730294 0.699870529 0.508186183 -1.225051460 0.755724826 -0.428627652 0.737717523 -1.097744494 1.350763080 -0.529649957 0.915673302 -0.261819066 0.258019721 -0.919644388 0.889096277
16.974968411 -33.908192334 5.206060928 -0.101093017 -0.303717623 -0.709403588 0.627919068 0.800742619 -1.013186255 -0.141575115 0.798297249 0.686064030 0.440469403 -2.772087289 1.420257609 -1.979006626 0.577152749 2.022596573 -1.147515543 0.088809986 0.144928731 -0.022534041 0.825893713 -0.983930633 0.027571139 -0.893115449 -1.865751123
19.525129397 -29.883435293 3.239536528 -0.734422317 -0.404683077 0.498258357 -0.220440641 0.449754303 1.059477902 0.638889629 -2.151289289 -1.107256027 -2.209652492 -0.896451580 0.060223129 0.393305706 0.223236511 -0.902654234 -0.017114550 -0.394590780 -0.616270237 -1.213532005 -0.244315105 -0.716927785 1.521725750 0.723058784 0.417892412
8.073707669 -21.201992216 8.992837824 -0.753147283 0.621534666 0.095790454 -0.193101055 -0.226311247 -0.481292558 -0.530744733 1.951516083 0.608680730 0.433689207 -0.019700174 1.495105794 -0.317461248 -1.114274555 0.495037692 1.365443697 0.084015973 -0.606667849 -1.816774784 -1.709105863 1.181337421 1.032608652 -0.296586638 -0.592436133
6.290013729 -27.026097201 9.320940382 -0.791674878 0.516345412 -0.260170067 0.197357138 1.883010262 0.176366767 1.721119023 -0.607516036 -1.057493373 0.931572416 2.092080451 0.534411979 0.356746204 0.246794758 -0.155476687 -1.727453976 -1.070288828 -1.719514559 0.417798868 -0.199809350 1.035199853 -0.574302196 -0.594586222 -0.934915092
10.034540819 -23.038423950 -4.930357786 0.351377868 -0.844433339 0.348688251 0.204651982 -0.357281486 1.501260395 0.072070723 1.420161675 -2.024487780 -0.080961703 -0.181804655 -0.102873332 1.450441835 0.987875073 0.995067200 -1.689233109 -1.355038890 -0.948179099 -0.855193871 -0.320766014 0.434867126 0.765775850 2.190786299 -0.929193202
19.845705224 -24.771542349 5.380584721 -0.745049793 -0.061200929 -0.660251282 0.072273761 0.612182186 -0.021550196 0.960761381 1.006670308 -0.169622351 -0.146073188 -0.122994078 0.008947541 -0.300638101 -0.755541285 -2.530682479 0.115153501 -2.556884474 -1.936909335 2.085258659 0.829537044 -0.226745489 1.371084088 0.306856673 0.299297786
20.554657432 -19.791932176 3.109697974 0.339768043 -0.313962191 0.831360129 -0.307937910 -0.134548760 -1.228777275 -1.189574060 -1.471034970 -1.276194409 -1.301221377 2.319667149 -0.849078270 -0.023745775 1.379629429 -1.275635582 -1.048558784 1.065738006 0.856747672 -0.215291415 0.670607038 1.402370631 -0.384801150 1.201550419 1.287039345
22.775627556 -22.872170157 2.652653984 -0.673083917 0.470880610 0.547845272 0.158414168 -0.703145339 -0.105525685 0.069818302 0.704105064 1.037352926 -1.351252533 -1.480813131 0.844688485 -0.346164756 0.899081178 0.535373542 -0.615730735 -0.332242243 0.432250551 -2.168837772 -2.046434367 0.044453957 -1.313399684 0.136094090 -0.467144452
13.721257184 -34.437388158 0.216823388 0.137478189 0.076161102 -0.113614679 -0.981015259 1.133835280 0.013344078 0.136619595 0.743080979 0.415803956 1.229855345 -1.499912017 0.627087914 0.652903043 -1.747734057 0.261883399 -0.723578853 -2.271468776 -1.214816580 -1.750606041 0.880179097 0.777908410 -0.007196127 -0.298195530 1.190357617
11.562056582 -28.795454988 10.559140572 -0.164402915 0.931464509 0.308003059 0.102370242 -1.070965732 -1.170219006 1.049779341 0.386649803 -0.303318334 -0.276760371 0.162457023 1.192639484 -1.197738604 -1.344066173 -0.606341804 -1.095324136 0.161432718 -1.071929211 -0.529396875 -0.276988039 0.429501251 -0.768546854 -0.280543439 -1.829901973
5.491983848 -27.449242841 7.232766173 0.270928151 0.461831900 -0.615705967 -0.578113652 0.707058417 -0.020451479 0.878576792 -0.099811789 1.451011001 -0.809158921 -0.344083225 -2.832348764 0.700413513 -0.780969034 0.059498625 -1.444888855 2.497003196 0.000761838 -1.373096465 -1.251028927 -0.131888631 1.215172428 -1.088681842 -0.132230909
18.900365503 -25.855016418 2.743079626 -0.223902372 0.041021079 0.973727893 -0.006244158 0.046831384 -1.634952342 -0.353818531 -0.692697058 -0.809959663 -0.311052290 0.638250711 -0.145223408 0.546021987 0.276092292 1.665318295 -0.060881219 -0.582940408 0.055634272 0.448383607 1.441201917 -0.098041812 0.758795630 -0.436728009 0.480926670
15.892853647 -18.897111585 5.690015519 -0.152076824 -0.675366083 -0.562106020 -0.452537419 -0.449763281 -1.604762456 0.094067215 -1.294130582 -0.135439396 -1.113750423 1.803272359 -0.778693522 -0.514414832 0.975960858 0.737324057 0.535948450 -0.734546967 -1.295150231 0.213893669 -0.939433890 -0.139795102 -0.438083824 0.498699547 0.946091642
13.396347731 -20.005551078 4.442664858 -0.897027842 -0.406536005 -0.089056555 0.148789978 -0.381608367 -0.684492127 -1.299109700 2.344653974 1.394560669 -0.194257775 -0.862770175 -0.336540785 0.628849652 0.330528609 -1.271194715 -0.368548345 -0.751483999 0.396324002 0.706476485 -0.074141433 -0.945157348 -0.501853668 -2.649198941 0.107738952
16.488600472 -17.133831578 2.066637299 -0.493867798 0.588428866 -0.639370330 -0.032429138 0.058714088 -0.479881229 -0.694014067 0.770020289 0.454051751 -1.705537711 -0.841390340 0.714632819 -0.550977427 -0.165508082 0.214252992 0.801051559 0.763032757 -0.738619057 0.977794836 -0.136553834 -0.338067331 -0.088382326 -0.091495089 0.199432794
12.902712336 -30.594969741 10.991217031 -0.257451991 -0.219251369 -0.052159929 0.939641767 -1.419190664 1.007365532 1.095868669 1.073310014 -0.650954733 0.404073475 0.062068117 0.485421464 -1.967064913 2.375989614 -0.749917763 -0.438543674 -0.298293702 -1.522579512 -0.462514834 0.055491528 -0.519144012 0.154898452 -0.169017269 -1.329173292
10.575495985 -27.669235949 -5.459026982 -0.336418105 0.183704549 0.247593488 -0.889816252 0.316919803 -0.577637000 0.385817875 -1.405445011 -0.157015756 -0.397022804 -1.002727504 -0.360248230 -0.205221010 1.399600158 -1.104765052 0.687997531 0.721107713 0.014900500 -1.931820323 -0.276184545 -0.535921760 0.137391589 -0.020210854 -1.062052854
13.347296267 -34.501736079 8.176420935 0.072484397 -0.339443656 0.319901706 -0.881582052 0.415591818 0.247031404 0.796122095 0.419074018 1.108517077 1.155648627 -0.770484817 0.154126621 0.658408039 0.689493518 1.885832528 0.765949790 0.182192452 1.578608243 0.448761415 1.058758058 -0.144562284 -0.986163147 0.311980672 0.076716873
15.306726210 -25.822487035 13.326852028 0.364935075 -0.733756286 -0.359494369 -0.446304719 0.566353818 -0.207349704 1.278615818 0.363527994 -0.155985763 1.595731683 0.692693811 0.590116524 0.591452640 1.541839089 0.366285875 1.136237170 0.975248462 -0.044579309 0.673726177 0.092165310 0.104336537 0.730755226 -1.065036311 0.160823006
15.053695442 -24.420988865 -4.634363457 0.609036473 0.191494469 -0.661148623 -0.394064641 0.656003593 -1.108915593 0.219709626 -0.543792986 0.202109903 1.372992475 -0.010789198 -1.384010941 -0.901805514 0.199520177 0.669603780 2.487643038 -1.744886890 1.490840870 0.206844148 -0.376376063 -0.333366430 -0.401875659 -0.008193410 2.543267197
7.752167982 -30.890587190 4.304932274 0.118057275 -0.781913668 0.286032367 0.541164467 -1.944655525 0.193359157 0.796371180 2.097878465 1.625512934 0.853138321 0.272581031 0.866366767 0.795425487 0.014877706 0.239423058 -3.112049501 0.277114670 0.222434691 0.389253658 -0.018665230 0.658050151 0.879451014 0.109480120 -0.811595727
15.798741520 -27.507207775 12.065301640 0.619861926 0.065869177 0.707577445 0.332816169 0.586037488 0.093814725 2.359721403 0.939964389 -0.110490615 1.050397859 0.830991427 -0.286253492 -0.335239809 -0.804788303 0.708213523 0.617671696 -1.819558743 -0.051420671 -0.907290413 -0.540569997 -0.752764261 -1.154953811 1.512245255 -0.171210974
18.125920307 -28.104512345 0.874718549 -0.358345912 -0.473422693 0.229908522 -0.771103905 -1.235024214 -0.512426883 1.065904280 1.309293101 2.462005709 0.133713268 1.637900476 0.177387435 1.224146961 -0.576952464 1.789624354 -1.317871708 -1.453947902 -2.398052694 0.443277613 -0.762161848 0.888486061 1.215345762 0.060398772 1.171459690
9.124845447 -32.646710419 1.229392182 -0.654842232 -0.692732756 -0.225275867 -0.201379650 1.063137151 -1.170655066 -0.500730295 0.062616657 0.153594234 0.381446455 0.845222210 0.040838073 1.053734507 -0.460456005 1.544367465 2.312080332 -1.257794621 0.121057358 0.453324691 -1.781830948 0.337407083 -0.212621611 -0.475924583 -1.987531228
11.705307013 -28.571309522 9.795533757 0.886599497 -0.068814234 0.292921693 -0.351287369 1.487668220 0.310829278 0.556294566 0.424532077 -0.373423662 -0.658991607 0.672349698 -0.792519748 0.529664530 1.050811581 1.162451661 0.500076368 -0.965950529 0.371003325 -2.770383577 1.495951375 1.440470167 0.076338195 0.984426068 -1.164720335
19.197475037 -28.102937953 -1.978564362 0.887415966 0.137558179 0.042690155 0.437890627 -0.963820160 0.010360827 0.046182157 0.340336461 0.633353269 2.642598890 0.527045941 -0.924187344 -1.395668038 0.692453862 0.290560710 -0.363107622 -0.965938388 -0.192093851 -2.374884775 -2.358936863 -0.183770763 -2.862350176 1.468888900 -0.559718476
18.052302044 -21.210545073 4.017968445 0.005879141 0.645228682 -0.763711554 0.019749603 0.471400794 0.488263927 -1.566031649 1.017132918 -0.910844855 1.139079013 -0.569645672 -2.656859812 1.161802086 0.064257108 -1.015686378 -0.641509587 -0.430830227 0.850451267 0.872167408 -0.390308100 -0.424384708 -1.365012354 -0.966574657 1.435195228
7.460355562 -24.564982064 0.095178079 0.763639083 0.606228721 0.156038208 -0.158095435 -0.090363816 0.869809886 -1.182202187 1.045799558 0.846630222 0.435587668 0.405412529 -0.759508760 0.078343177 0.716624990 1.195616324 2.776260220 0.206549837 0.514510746 -0.061100105 0.660870613 0.175775757 1.727295354 -1.329349790 0.209176218
21.324656927 -30.332634421 1.056331822 0.553764857 0.014855514 -0.618236794 -0.557590407 -0.884665351 1.066196313 -0.895672630 1.435556150 1.128350714 -0.507056914 2.129371168 -0.266542524 -0.532016533 1.540374818 -0.888854972 -1.397323322 2.078104691 0.634678309 0.808662652 0.732664321 -1.304700772 -0.225811462 0.110061534 -1.644824550
6.921701538 -20.995401736 3.024732805 -0.298317266 -0.800724440 -0.192820403 -0.482356168 -1.443380591 1.395672167 -0.304921662 -0.209386141 1.310161042 -0.011717959 1.239746479 0.318752599 -1.296115454 -0.029870635 -1.633922347 -1.817928875 -0.343645733 0.228853574 0.700683851 1.077781536 0.798159214 0.322344687 -0.340044894 -0.426659577
19.486470531 -28.525729541 9.105273284 0.313003830 -0.041556935 0.800453260 0.509486215 2.342154161 0.010055718 -1.307802862 0.296462449 0.643533787 -1.323635072 -0.994611080 -0.067503838 -0.390074565 0.532729987 -0.587207572 -0.596516321 0.417357450 0.389872391 -0.423237294 0.758847196 -0.687510090 -1.196173486 -0.276597054 -1.286921094
6.663432593 -29.723887601 8.828548621 0.542087763 0.208983954 -0.813098406 -0.036572469 -1.806239827 0.410168195 0.536805491 -2.317811523 -0.517701555 0.307511772 1.263943992 -1.040515626 0.278210177 -0.289772317 0.187918048 -2.727716227 0.598118455 0.282000245 -0.584315536 -1.451430744 -1.505929809 1.092291103 -0.304886338 -1.285381604
20.227079331 -21.912542903 0.208373148 -0.358729564 -0.811232004 -0.040549417 0.459969000 -0.654752433 0.139667275 -0.486036231 -0.729128495 0.010156570 1.236644895 1.683712009 1.520496009 -1.091378488 0.163342603 0.030349057 -1.584839979 0.436069463 -0.676902597 1.321709063 -0.703813408 1.122126268 1.192914444 0.329016330 1.261113304
16.271901732 -29.624016144 9.672073674 -0.303789820 0.103701561 -0.887401086 0.330873155 -0.393397700 0.336493892 -0.190878098 0.240683365 1.318266896 -0.611192618 1.253968204 -2.270718908 -1.071193345 -1.343061944 0.122068442 0.645361204 0.832157156 1.254093315 0.804341986 -0.082130118 0.661799052 -0.434598381 -1.204559232 1.035185995
15.860057815 -27.898004098 -3.530723627 -0.373939521 0.163400237 -0.745031980 -0.527633344 1.084302333 0.323328521 -0.210644775 0.819729708 1.033076250 0.404015452 -0.213519231 -0.029060561 1.835097050 -1.330525291 0.681200063 2.288761769 1.831150519 -0.246465716 0.005643411 1.237166409 1.395503632 -1.564753558 -0.723823711 0.884001320
9.432682228 -22.019979384 10.385821628 -0.396166459 -0.784993109 0.185220966 -0.438783715 -0.132297536 0.891102497 0.294544214 -1.164475154 -0.800990209 0.833210647 1.991156936 0.408163552 0.408219500 1.714797443 -1.005336146 -0.588081092 1.055429936 0.765058489 0.487662470 0.330982719 0.562973629 0.702288278 1.777176394 0.491926931
18.307018411 -31.462324601 -3.256877952 0.115350112 0.095183093 0.616874640 -0.772722595 1.125353953 0.277170508 -0.603124457 -1.149869145 -0.269998132 0.833949597 -0.008762612 -0.230235971 -1.434591472 -0.956208418 -0.755820601 -0.375335158 0.792647024 -0.585111134 0.609842513 1.192474097 -0.411943967 0.992122982 -0.884142827 0.488877464
15.730509145 -31.454061252 -2.295318706 -0.880405029 0.059041645 0.453557226 0.125247404 -0.444639875 0.663621661 0.160167420 0.490044912 -0.283122879 0.727394905 0.127774775 0.031925046 1.069176132 0.496684362 0.033191721 0.839742072 -0.618050217 -0.441081100 0.601238110 1.160120338 2.415597823 -0.868067088 0.754027062 -1.657781665
11.430730950 -23.094636515 5.223554388 0.746686260 0.330260734 0.418325201 -0.397984300 -0.838202155 -1.174806060 -1.008471974 -0.439203619 1.765616310 -0.037678062 0.574507378 0.626711509 0.467398639 1.249441609 -1.165910222 -0.032574966 -0.569023330 0.148847107 0.350992616 -0.151951894 2.014044629 -1.091122916 -0.290595772 -0.721544564
23.170390118 -24.592145682 4.432743250 -0.091525013 -0.044268955 0.566937228 -0.817462911 -0.096748768 0.302732672 0.788517145 -1.715872318 1.072379276 -0.344678596 0.205446658 1.228527887 -0.093301548 -0.890421034 0.157031839 1.369435369 1.126054226 0.649263885 1.025696980 1.413972592 2.062709631 0.872410195 0.648312213 0.727716879
12.040923339 -30.074569251 9.486816060 -0.463443691 -0.320479075 0.802050158 0.198062244 1.245498963 -0.015817849 0.250893913 -0.111518946 -0.552645938 -0.532737760 0.243496065 1.528251297 -0.474181932 -0.453015438 -1.309574134 0.316000130 0.351087834 1.129772887 0.324084436 -0.952264448 -0.993675299 -0.826613604 -0.073062072 1.069930000
18.078910647 -27.251081582 2.740386819 -0.596494927 0.468715523 -0.371890171 -0.534974075 0.713123239 -0.034403435 0.931464668 0.808501062 1.339914367 -0.919781050 0.188134868 -1.128822985 0.281066473 0.579628681 -0.317007020 1.164149336 -2.168923532 1.637302749 -0.862926169 1.397920997 2.254191006 0.705696354 -0.135570346 0.742706009
13.672699053 -24.143262980 10.822035828 0.727225772 0.530458650 -0.435569716 -0.005943042 -0.220074913 0.125584423 -1.004138899 0.647720992 1.776854482 -0.847105760 -0.010121053 0.377799324 0.482129873 -0.648859562 1.251976614 -2.366460665 -0.148094175 1.355119148 1.735399754 -0.366714889 0.561472746 0.310170339 0.202170244 -1.024417341
20.356189971 -24.476003604 7.995741538 0.028030151 -0.575356758 0.272110954 -0.770801232 0.912830730 0.827837699 -0.975670386 -0.642693297 1.037825224 0.025373830 -0.283240306 1.201898438 -1.242878511 0.960601463 0.843012747 -1.050842951 -0.869453875 -2.453725919 1.253230521 1.231851896 -1.019677962 -0.925541828 -0.365642117 0.162578695
11.747172181 -25.620901640 -4.125411333 -0.658269999 0.630311417 0.005958974 0.411524745 -0.009667221 0.570227491 -1.203433380 -0.231594203 0.735163322 -2.637742321 -0.275197509 -0.675300267 1.413353684 -0.090140216 -1.171913910 0.012880288 0.279738211 -2.577408382 0.694177728 1.349969716 0.422449006 1.468821109 0.394112980 -0.331331911
22.438825767 -30.331349088 2.648723544 -0.612041494 -0.499586155 0.158945939 -0.592076914 0.372842017 1.163162753 -0.779912497 -0.676711102 -0.295118079 -1.043568798 0.344164225 -0.173274849 0.155293877 -0.554110304 -0.411122449 0.459023442 -0.437915468 -1.243399993 0.357937863 -2.402281122 1.204582979 2.003415015 0.033174668 1.572078587
8.249814676 -29.538527148 5.385579398 0.353089997 0.109189163 -0.820394791 0.436299859 0.565116035 1.402008771 -0.695803399 0.136437379 0.797848007 1.229897657 -2.537549337 0.801559501 3.737948768 1.713399206 -0.777593386 2.462702796 0.029746754 0.350555434 -0.692528826 1.532002837 -1.161181466 -0.258817542 0.971653499 1.672177400
8.994812832 -19.974844759 4.267172067 0.473737365 -0.194742681 -0.562931944 -0.648656939 1.196415878 -0.260830496 -0.229654732 2.404259111 0.366029769 -0.440007553 1.616160840 -1.872841733 1.172029711 0.319558710 0.548300614 -1.398723343 0.084184788 -0.590551848 -1.710953950 -1.004909355 -1.707505242 0.987054272 0.105791421 -0.487568421
17.228952135 -22.503851329 -2.592490433 0.920934057 0.222112675 -0.317419699 -0.042322060 -0.348814114 -0.326587895 0.107015697 -0.713362086 0.465769054 0.154189033 0.895946492 0.101055229 0.056122592 0.318806896 -1.256667251 0.267396543 -0.435682178 -0.940193681 0.087699507 1.304277619 -0.296597903 -0.179105488 -0.395231582 -0.126443179
16.836112434 -30.422475506 4.564050825 -0.542793313 0.230734075 -0.303346696 0.748410307 -0.011755970 -1.539880168 -1.266990778 1.455577147 -0.292803257 0.400665568 -0.035663183 -0.626901567 0.620788152 -0.466954045 -1.377885575 1.543693684 -1.512082609 0.990422518 0.513076292 -1.040052084 0.886756905 0.423393750 -1.372304280 -0.556678689
9.894026914 -25.148092882 10.258520184 0.250209498 0.793206327 -0.550202928 0.074132771 1.265166426 0.486334421 -0.002605782 -0.171482420 0.429872473 -0.823629238 -0.193632056 2.142176078 0.472840374 0.347442528 0.814733509 -0.625103749 1.811869818 0.185528044 -0.701619143 0.137766678 1.194230275 0.084220239 0.872314946 -2.399184885
18.922344107 -21.162538000 3.392309970 0.067456832 0.081607171 0.517435473 -0.849146853 1.078641921 1.540890747 1.343896590 0.523330255 0.821663681 1.735703765 -2.103255061 1.990245085 0.115438301 -0.682697931 -0.259635190 0.359411177 2.308495708 -2.895362091 1.001989545 -1.471070873 -0.022224853 0.647436522 -0.993994482 -0.158731916
15.748745061 -31.516333286 8.483486752 -0.499292168 -0.538146132 0.129401249 -0.666604371 -0.439810228 0.723659664 -0.453770689 -0.575928214 -0.167542842 -3.261338228 0.497581376 0.546727151 1.160040588 -0.169848920 -0.062866773 0.931101635 0.270387271 -2.336339830 -0.181353523 -0.550578325 1.011240897 0.150287246 -0.778949324 -0.975645767
23.943716844 -25.034925941 2.435994452 0.119105399 -0.817997878 -0.557465728 0.076976215 1.055178463 0.622648495 0.294250528 -0.988994589 0.507957768 -0.766453676 0.574069793 -0.159297549 0.512459867 1.437296227 0.786230494 -0.659683326 -0.482821704 -2.615255552 2.144266392 -0.348828186 0.964826344 0.070773719 1.144941972 1.062061030
22.673452733 -21.617601601 4.258137690 -0.255899981 0.171161913 -0.461684418 0.831905221 -0.122923813 0.980933686 -0.695887519 1.117399086 -0.178777405 0.206697029 0.348173779 0.568269904 2.026900489 -0.787145972 -0.841098761 0.482775598 -0.681773050 -0.149703050 -0.096203074 0.956719194 0.272135815 -1.340546015 0.067787998 0.141892624
13.937454905 -16.602822598 2.842119232 0.567404922 -0.737949533 0.122117171 0.344339276 -0.800442739 -0.090631654 -0.344035538 -2.081692897 -3.031793626 -0.491437500 0.462669321 0.639286558 1.373821584 0.500491294 -1.680635009 1.204366739 1.310101842 -1.713897266 0.189649153 0.362104386 -1.261543110 0.826463427 -0.704249439 -0.320738722
18.857333369 -33.147548086 3.810243016 0.506506390 0.041220783 -0.613723643 -0.604231259 -0.438520977 1.965592734 0.041954863 0.184217752 0.270958422 0.291965411 -1.560749262 1.274351103 -0.363261073 -1.385407940 1.915892153 -0.800870603 -0.470521835 -0.202548146 0.239855034 -0.079036074 1.413305506 0.110869034 -1.512884262 0.424165318
10.047190528 -28.064651223 0.724586266 -0.408974227 -0.800509868 -0.007879855 -0.438020480 0.169945738 0.289812535 0.928736446 0.656960416 1.221157738 -1.266842410 0.965410052 -1.003827215 0.953828598 0.853638803 -0.121164288 -0.853792506 0.209629556 0.111960866 1.292353205 0.468915006 -1.180286347 -0.258977624 -1.119934269 -2.294277082
21.724785690 -28.387314508 3.175673946 -0.483646659 -0.211720757 0.659528656 0.535053439 -0.795202897 0.634641044 -1.640420215 -0.151617871 0.091326548 -0.664263319 -0.083827650 -0.452815063 0.342611885 0.805006456 0.205478945 -0.077413525 -0.492981332 -0.619718985 -1.563544723 0.267972702 1.485050376 0.654807043 -1.398326071 -0.724854012
10.333402702 -27.953587580 -3.117964158 0.485895780 0.206796855 -0.475424064 -0.703642175 -1.222647072 0.312772148 0.779120616 1.229454583 0.031655218 -1.777889242 -0.885193640 0.719739154 2.643419181 0.399383176 1.181040845 0.834398989 0.164116671 0.574702376 -0.005998748 1.099797052 -0.913883311 0.526873150 -0.697914573 1.026607868
17.927072117 -26.640769956 2.413390363 0.353552872 0.322384556 -0.621639420 -0.620187871 1.474026904 0.793039539 1.098524217 1.124710267 -1.433723041 -0.048932306 1.128290760 0.806530462 0.285380506 -0.394271311 0.520930021 0.004038867 -0.349671523 -1.505504059 -0.898958824 -0.747842647 1.041819083 -0.359229080 -0.173817707 -1.414761523
14.615468134 -22.331795165 12.544817949 -0.816081356 -0.141208722 0.279366503 0.485824736 0.440645445 -0.141145252 -0.704114994 0.392068386 1.701121495 -0.201106942 -1.973336439 0.585739671 -0.617537035 -0.801720580 -0.529854059 -0.685738653 -0.938805656 -1.149665981 -0.581052782 0.536695615 -0.666798091 0.485052435 1.295613959 -0.887507898
18.207619882 -31.339796590 9.803307019 0.888386501 0.373068579 -0.188284729 0.190100293 -1.269207533 -0.648942782 -0.516657757 -1.268035131 -0.632403823 0.807012041 0.036074750 -0.558120218 0.215875876 -0.204501680 -0.501061615 1.214758078 -0.300559690 -0.829029761 -0.818357001 0.349209383 1.928892889 -0.829867115 -0.408213247 -0.524939910
18.119952696 -29.361428440 -1.106043683 -0.555408987 0.108752571 -0.136114624 0.813121482 1.036638710 0.546675913 1.476911419 0.324922818 -0.099166768 -0.568327091 1.589718558 -0.555508866 0.147537345 0.716526276 0.288864141 -0.065075369 1.365116230 -0.768334149 -0.174409286 0.685791390 -0.850120744 -0.383675959 -0.872525080 0.507043775
17.198141389 -24.875260511 4.148047350 0.500804385 0.258405018 -0.705570692 -0.429641493 1.092914921 0.678291447 -0.674772403 -0.410905298 -0.280378392 1.265618956 0.156823565 -3.171890319 -0.437935394 0.901943827 0.556606193 -0.862937298 0.630566626 0.797892830 -2.148914115 -1.018100260 0.412749738 0.201137148 -0.537942363 0.919838314
14.827591415 -27.406330833 4.312895614 -0.803219751 -0.421640629 -0.310276106 -0.284228693 0.576248943 1.222261009 -0.542841112 0.059909175 2.196698600 -0.448265360 0.738362639 -0.181686052 -0.564128540 0.421365374 -0.940160549 -0.280134522 1.519697927 -1.760180440 0.128522058 -0.073546676 -1.159324411 1.922007157 0.141272774 -0.048752566
11.490799326 -23.497094088 -3.396914420 -0.489528476 -0.643292355 -0.508958799 0.295800201 -0.716312444 0.233389085 3.347085284 -0.326052705 -0.687016137 0.213220740 0.600347093 1.868108826 -1.998937625 -0.389617234 0.440683274 1.057978009 0.791297940 -0.316176139 1.613869141 0.180349584 -0.359462688 -1.193546293 -0.976472738 -2.171823769
16.716803766 -27.839365217 8.576972793 0.299970987 -0.885618220 -0.354528982 0.002641184 -0.862903980 -0.257158090 1.843026734 -0.528834967 0.390471563 0.792757210 0.530432405 -1.570658028 0.218703442 0.330975782 0.896287551 0.321884389 3.396725206 -0.707615093 0.819139116 -0.747725706 -0.208947247 -0.532562833 0.739272428 0.525695973
8.514010330 -22.571024292 9.770538545 -0.490357792 0.020211896 0.724226285 0.484393438 0.656431138 0.696561205 0.629399580 -0.598978830 0.538716869 0.925431983 -0.433420470 1.461237570 1.057407611 -0.329064305 -1.840036759 -0.246690005 0.399547334 -2.534101182 -1.064805876 1.642893586 -1.033798074 -0.561122513 0.102065647 1.780597026
17.153817538 -35.041449168 2.034060665 -0.507433028 -0.322401639 -0.536630430 -0.592112056 1.499865643 -0.252722136 -0.422395320 -0.021536570 -0.972548886 0.347618376 0.932637910 0.108525690 -0.800926446 1.279983892 0.465424944 -0.388765759 -2.504049063 0.075862305 -0.008042275 2.470481448 -0.108541684 0.361976617 1.037213008 0.710899568
22.104060517 -31.746533843 1.284545753 0.552232494 0.107025688 0.596140550 0.572888487 -0.340464508 0.906687817 1.153811240 -1.039598488 -1.153074513 -1.443749506 -0.482638740 -1.953431701 0.154315217 0.178807648 0.120611435 -0.019117573 -1.113853524 0.604131009 0.269203104 -3.199481239 -0.630474738 0.208179022 -0.419212491 0.119199568
14.216737886 -32.435235231 -1.840088899 0.427814966 -0.417173125 -0.297042856 0.744786198 -0.772473403 -0.282038509 0.274416686 -0.048930899 -0.156456642 0.155431766 -0.976700821 0.136474861 -1.210944435 0.244582470 -0.877364225 0.314540955 0.328198829 0.586574414 -1.472358271 -0.083869680 -0.823053316 0.135269763 -0.233078237 -1.227387461
17.423385136 -25.091480554 4.460468985 0.493693681 0.674059593 0.457682600 -0.304034294 -0.176938901 0.577630646 -0.677912752 -0.581157682 -0.918906251 1.380992905 1.583153426 -0.256082625 1.594673537 -0.792786973 1.234053933 -0.533874115 -1.908413637 0.028863380 -0.113719563 -0.902366606 -1.820089810 -1.237610637 0.834558670 -0.237122627
20.614365816 -24.852141923 -3.549434031 0.294706984 -0.194934836 0.931502595 0.086319865 -0.334964671 -0.593279028 0.222502811 -0.479909257 0.399642985 -0.104156897 0.386989629 -0.249628065 -1.952447235 1.530744539 -1.953419487 -1.702564335 0.013395034 -1.614590546 0.103891716 -0.327235959 -0.825300120 0.034677697 1.627983748 0.095629247
11.812322835 -30.265549956 7.702468273 0.776659199 0.559275800 -0.166278063 0.237408242 1.679628878 -0.322506916 1.147998295 1.417621223 0.165795888 -0.169079371 -0.790733437 -1.364413921 1.577081580 -0.969311417 -1.021028492 -1.004774330 -1.243893199 0.539219377 -0.547004947 -2.032175251 -0.558992140 -0.689373155 0.582953452 1.423288775
18.102093105 -31.454766347 2.653328681 0.539885678 -0.043795129 0.666924690 -0.511680467 0.699235261 -1.219513217 0.641009854 0.470719561 0.385138424 1.399612784 -0.223016227 0.450482240 -0.141652831 -0.382666648 -1.644038561 1.754081041 -0.397828975 -2.534135585 -0.481969484 -0.668760805 -0.322514856 1.792181016 0.747839940 0.446479568
9.992467681 -19.664721782 6.761725052 0.687301674 -0.382403638 -0.343337434 -0.513325698 -0.470154172 0.871790434 -0.982740961 -0.390875381 0.945974770 -0.164002308 0.536036111 -0.964206792 0.452586014 0.234940356 0.510072118 -0.716089172 -0.606253257 -1.862820626 0.155899093 0.115968217 -0.627387629 0.673716308 0.828907852 -0.017484145
5.690440846 -27.824138686 -0.504039956 -0.491288327 0.457797706 0.482821363 0.562085912 -0.737895935 -0.795862783 0.259703101 -0.188086900 0.998800379 0.192032214 0.213338999 -0.204388363 -0.284341875 1.208206764 1.907918674 0.226575011 0.771849934 -0.247816282 0.600839545 0.012879241 -0.074737334 0.846419152 1.958108039 0.701046540
8.663486958 -31.525391915 3.471611219 -0.822530388 0.506088364 -0.256618167 0.038281143 -0.237175241 -1.083201007 -0.343612357 -1.422596210 -0.022681533 1.603058218 0.603908615 0.360600315 1.441416029 1.418907318 0.527226912 0.595306238 0.607167636 0.341039200 0.107601287 -1.127229544 0.693375115 -1.592884485 0.344490364 0.992093180
12.937188251 -31.380535200 10.068866315 0.589609678 -0.687213265 -0.215296207 0.365712866 0.270972929 -0.956010017 -0.781650608 -1.251589870 1.296476365 -0.396617587 -0.628297775 -0.556291779 -1.719966055 1.281361512 -0.885715826 -0.243362143 1.083525119 0.882235744 -0.478939871 -0.226253496 -1.076771495 0.293820912 -1.849137390 -0.091371468
20.130183748 -23.628718406 1.829693691 0.464587800 -0.158600778 0.870198665 -0.041931532 0.502300633 -0.197858234 -0.780686963 -0.096642425 0.497480842 0.230916415 0.377940981 -1.709763017 0.541818154 1.169018913 -0.590420850 -0.800769989 -0.819379529 0.558617468 -1.584805795 0.812049417 -1.337960544 -0.805349452 -0.365508323 -2.202547273
22.269978227 -24.668049790 7.327148108 0.203382549 -0.454388879 0.817861464 0.288563530 -0.414430111 1.577255108 0.285122941 -1.581721562 -1.372786552 0.512000089 -0.946653627 -0.098854998 -0.706543865 -0.226967526 -0.690950313 0.270042591 1.915195172 -0.583042660 1.117076325 -0.492178551 1.551567098 0.479521001 -0.048970921 -1.737891973
9.275510103 -20.943444647 0.605394744 -0.738897033 0.411011701 -0.519190808 -0.124665398 1.026731944 0.606635105 -0.808762094 0.824936206 -0.981877336 0.972618723 0.302286305 -0.429237889 0.019840381 -0.734040381 0.158462223 0.275048179 -1.164056844 -1.174779697 0.654930065 0.480575245 1.524798492 0.047779843 -0.418821904 -0.744571474
10.025826007 -30.877593667 6.641650479 -0.484224622 0.479244932 0.356676442 0.639243870 -1.741107910 -1.409744761 0.781326116 1.565580847 -0.541391893 -0.314076997 0.350529357 0.869509434 0.238874546 0.499634388 -1.295071781 -0.215119143 1.676753533 -1.286065371 -1.144124461 0.040374055 0.392023540 0.020868620 0.302179026 -0.757737555
10.191975975 -28.550734675 10.966757442 0.352856781 -0.766142449 0.503078418 0.188228441 1.599378826 -1.438826502 0.648340041 0.334829465 0.391580475 0.496241174 1.992188573 1.590256423 -0.086164072 -0.791597915 -1.072883657 -1.204041665 0.533573057 1.011308595 -0.341782713 2.202373055 0.340554514 0.057091071 1.000202792 0.041336731
17.143107137 -27.749216515 1.046788859 -0.060863532 -0.146376995 0.329374827 0.930796234 -0.910353790 0.206508279 0.862570015 0.219477368 1.675503266 -0.268014343 -2.267384911 1.369859816 0.579029919 0.820023623 -0.398877053 0.143229760 0.842895594 -0.868028248 0.960529309 0.024955600 1.743807364 1.941853693 -1.014768446 0.351858998
9.886475265 -25.375403877 4.401505268 0.536700157 -0.475824216 0.680647156 -0.149210277 0.223772308 0.893183250 0.571495648 0.158600866 -2.176532250 -0.919959924 -0.749439992 2.317806724 0.026858656 0.507432624 0.723357174 -1.775608809 0.981177200 -1.947357363 -2.138987557 0.263668298 -1.563829276 1.469801668 0.239918338 -0.564640915
15.434008284 -28.834786474 8.008518089 0.562430920 0.756513493 -0.040266539 0.331266359 0.015555961 -0.118608714 0.754996546 0.304020941 -0.593786984 0.649538691 0.132040762 0.759053311 0.832448540 0.307233946 1.250991027 1.252740944 0.133604791 -0.584847745 -2.879004468 0.441245375 -0.197352071 1.339852067 -3.044357188 -0.473740638
17.118121572 -34.102587981 6.894191344 0.647221396 -0.293977515 0.388776856 0.586117942 0.107951620 -1.686065845 1.529195093 -0.292430699 -0.367286189 -0.473211314 -1.171588364 -0.991320900 0.786952816 1.857479754 -0.242195425 -0.149039208 -0.205289905 0.704743935 1.853135639 -0.193547440 0.652702724 -1.442925819 1.905751548 -0.672879453
12.763059650 -24.909504900 -3.576960803 0.348601225 0.666253744 0.260938034 0.605387873 0.277541998 0.793618370 0.962636409 -0.586167953 0.514637769 1.440502914 -0.357494470 0.966415862 -0.192173569 -1.269188502 -0.408209362 -1.484579294 -0.533144425 0.182202777 1.008835458 1.271270085 -1.811270079 -0.034948196 1.681580327 -1.728185174
7.122377186 -22.869573136 4.907906962 -0.067631633 -0.903439935 -0.126978891 0.403854685 -0.273101714 1.188465211 -0.612417187 -0.121950704 -0.253928266 0.604959916 0.628100126 -0.413849009 -0.005917001 -0.292452391 1.744565061 0.290057407 1.188106078 0.001688325 -0.975671652 -1.981639171 0.389200933 -0.344596822 -0.826110877 -0.027466178
14.650748832 -26.389150230 -6.192336667 -0.555962255 -0.091758700 0.604494474 -0.563092126 -1.580152256 -0.585875076 0.251877753 0.665333803 0.793814044 0.722879875 -1.028722768 -0.338522275 -0.733994431 -0.881696603 -1.408503720 1.221404547 0.957139404 0.589385243 0.806433468 -1.362918946 -0.287925115 0.925004529 -1.877237617 0.289408891
9.816949717 -19.859572479 0.774226903 -0.534489153 0.379187585 -0.352508657 -0.668038747 2.417998014 -0.366288275 -0.919293719 -0.049376405 -0.698553415 -0.619692147 2.831341926 -0.837830859 -1.179138952 0.073139504 -1.170565334 0.355663437 1.485855729 0.862409506 -2.703708634 -0.346275050 1.545167667 -0.354180673 1.423374446 2.199358345
10.597011894 -22.211972864 9.885825678 0.393184651 -0.008046890 -0.819480553 -0.416884517 0.230497991 -0.329396612 1.768841887 -0.608356235 -0.741533325 0.624399721 1.175083822 -0.606904048 -1.287202528 1.643165226 1.148218627 1.390722469 1.780242872 1.250175733 0.637501322 -0.089914387 -0.544125138 0.563544424 -0.313632817 0.681255707
12.683851731 -35.035359264 0.160889522 0.072919940 0.954704578 0.247011835 0.149020146 -1.305637154 1.067425296 0.967155509 0.847548558 -2.061708330 -1.205580293 -0.467018421 0.662536932 -1.346367305 -0.440912488 1.396057087 -1.317347886 0.765660983 1.484609755 0.619168587 -1.865043102 -0.799916259 0.228545406 -0.606153229 -1.390023981
14.135717671 -32.002851009 0.844517841 -0.647661670 0.759855478 -0.049931598 0.025706998 -0.522161873 0.360924886 -0.292499981 -0.308632895 -0.004345518 -0.374854259 0.062141378 0.822356686 -0.460320801 -1.229408208 -0.941780847 1.213816895 -1.550737625 -0.188829892 -0.695807633 -0.225467320 0.272626634 -0.017085769 0.095824941 -1.159371362
12.453700006 -31.192182661 4.191077600 0.045492771 0.603680552 0.465551188 -0.645571290 1.064028451 0.838415426 -0.540415884 -1.147249957 -0.212409357 0.213294318 0.714404001 -1.291772153 -0.332847576 -0.555109467 -0.935353149 1.593536225 -0.518403079 0.077155680 0.034882521 -0.108345179 0.720716406 0.106793602 -1.554725295 0.462176430
