24.890960584 24.917061332 0.135239067 -0.116349682 0.401202970 -0.094610314 -0.903630354 1.086440762 0.924370903 0.327380388 0.432885581 -0.146786684 2.843426915 0.972073413 1.049178337 0.650806646 -0.528110983 -0.182915233 1.153247964 -0.962716495 1.024370272 -1.464405645 2.703807116 0.661773951 0.444605441 0.481346825 -0.801797501
34.362643145 23.718090431 -0.019597549 -0.506993136 0.261716648 0.200202940 -0.796480470 0.939663104 -1.667670886 0.175692746 -1.469279738 1.474491137 -0.827042844 -1.086251031 0.825016680 -0.258139813 -0.842474909 -0.184587038 -0.638034990 -0.141373322 -1.201095889 0.814501693 -1.375179153 -1.742648478 -0.378176387 1.808809019 1.001287554
30.826590442 17.464501773 -7.870287955 -0.284089674 -0.644268473 -0.430181452 0.564938147 1.166792523 -0.319965295 -0.398277291 -2.535028484 -0.045968628 -0.358119437 -0.763891904 0.131290985 0.179688967 -0.496611293 1.493348208 0.263880724 1.301541537 1.215374231 -0.295251959 -0.653476355 -0.573318931 -0.899550550 -2.790332264 0.081671572
26.426541521 20.798369968 -3.352339343 -0.353594813 0.441300327 -0.586352054 -0.580013792 -0.168624780 -1.632213226 -0.274066613 -0.803481114 0.438755667 0.697409193 -0.469237733 0.816485138 -0.556455300 -0.530301045 -0.582645080 -1.025458693 0.431104033 0.312798928 0.155244644 0.214885781 -0.393400591 2.119722564 0.406042927 -0.601612805
35.213561974 20.332494216 -4.600694697 -0.620768456 0.333939156 -0.476016564 0.525870131 -0.632598854 0.001314420 0.638943972 -0.955546100 -1.782562350 1.856248810 0.597076449 0.272682454 0.676887924 -0.784201006 -0.172903341 -1.367779260 -1.027335718 0.751497240 -0.163205914 0.320935884 -0.104988857 -0.055424501 -0.632582538 -0.437988959
37.232112891 27.873732023 -9.328822076 -0.417416711 0.470669401 0.229488079 -0.742676797 0.797866707 -0.411150564 -0.531613646 0.932464699 -0.157382361 0.982648742 -0.999196627 -0.824614422 -0.349892024 0.529233992 -0.069912988 -1.422625890 2.531230018 -0.247597375 1.101653436 -0.307179613 -0.685006883 0.079035702 -1.355562930 0.190701612
30.102840309 15.633718883 -2.240549941 0.399078794 0.557398273 -0.044580513 0.726674521 0.334177012 -2.331498621 1.130205659 2.075110307 -1.419193239 -0.937859632 -0.543513004 -1.335200654 -0.674338105 -0.564583154 -0.858636621 -1.221782055 0.006483867 -0.236266456 -1.613261920 -1.187524632 -0.203059105 -0.494097141 0.913055884 -0.878378254
22.897289957 18.041127419 -8.647636431 -0.146835926 -0.212572910 0.867124525 0.425848596 0.777989232 -1.647814995 -2.076459582 -1.420436563 0.503373248 -0.431478942 -0.466361842 0.860128405 -0.792789943 0.193752797 -1.100998760 0.020342796 -0.429297402 -0.664314603 1.048116488 -2.149810121 1.117901129 -0.491161718 -0.082028966 -0.668954142
33.295931417 27.578954595 -5.157720871 0.175160441 -0.761097752 0.224300391 0.582870798 -1.801523129 -0.430376242 -0.507154573 1.028132162 1.194792309 -0.873308749 0.262210058 1.247182722 -0.629915499 0.710710250 -1.654737761 -0.631155437 -0.312423816 1.990829853 -0.954790089 -0.211399784 -0.416875703 0.716562100 0.381418946 0.858315414
37.502670669 21.514684445 -7.098068513 -0.777720842 -0.057986139 0.330673344 0.531453703 0.851866341 1.435746888 -1.912469758 -1.727991205 0.785144984 -0.904400252 -0.169664235 0.411048398 -0.845337667 -0.188139551 -0.866454472 0.471513377 -1.812672487 -0.467445158 -0.070158739 0.239325409 -0.407108427 1.802446726 -1.033187492 0.709492807
25.178497099 19.032165823 -5.713016988 -0.459586950 -0.423301446 -0.157924343 -0.764627767 0.940694745 -0.538272546 1.059774407 -0.175803635 -0.562200833 0.906902718 0.014623696 0.546059145 -0.504316238 0.586840434 -0.388603601 0.261483280 0.023501781 -0.438432626 -1.071867595 -1.315452646 0.301690283 0.190103566 -0.003560430 -0.502644480
25.127048949 22.736332782 -3.658812264 0.449143845 0.201418274 -0.828296819 -0.267628224 -0.337740017 1.354437112 0.392869270 0.431377477 -1.811806680 -0.774499409 0.344011732 -0.207118666 0.303568338 -1.078877444 -0.716329215 1.019875832 -1.225354007 0.543639870 0.353535372 -0.221268644 0.497093258 0.452451253 -0.351891705 2.216205952
34.217287754 23.145134874 -0.407364705 -0.417549824 -0.845296907 0.212868441 0.256539101 -0.157264857 -1.208455805 -1.159237138 1.780965805 -1.275432414 -0.295180000 -0.910108797 -0.149437833 -0.495105794 -0.016616126 0.526599519 -0.915511388 1.989342557 0.939093081 -1.129734728 -0.105206942 -1.490656145 0.871359027 -0.041659415 1.167554572
29.457312962 28.375459920 -10.746034668 -0.532960633 0.616227297 -0.470081763 0.339470204 -1.143265598 -1.022765894 -0.000209555 -1.961770661 0.304050867 -1.783422200 1.129798875 -1.279222271 0.452074380 -1.566449967 1.956828507 0.960482741 -0.651065965 0.230369077 0.567469799 -0.956524555 0.988531554 -1.421073572 0.113288662 0.677166692
25.804918589 17.297794716 -1.170317923 -0.362121595 -0.913791669 -0.077682493 0.166787789 1.331410700 -0.349871604 -0.541673467 -1.026067554 1.341954515 0.387453153 -0.333997304 -2.283945005 -0.102242955 1.599233661 0.784120021 -0.849642764 2.087642775 -0.819107227 -1.274651158 -0.498115910 0.589577019 1.736247999 1.229705088 2.173320812
24.141069182 23.052005680 -15.382384466 0.806891192 0.124932186 -0.361451992 0.450189973 0.011393548 0.838519436 0.992998685 0.177893174 0.256540759 -0.933471902 0.509569986 0.831912020 -1.438900608 -0.274116284 -0.818604684 -0.583778515 -0.555075044 0.818112229 -1.057317411 0.055512048 0.163635226 -1.348534224 -2.165961965 -1.833444126
29.439121327 28.294045665 -8.310647200 -0.178907273 0.702932737 0.463631280 0.508845548 -0.620044835 -0.281308510 -0.371084848 0.773064800 2.384701798 -0.229615633 0.339631360 0.336688032 0.388889259 -1.191944186 1.125931588 -1.188024429 0.552560402 0.239882770 0.936889078 -1.028931517 0.487254988 -0.463563239 0.715707153 -0.513684624
26.338608351 23.111956846 -11.361863646 0.827203352 -0.248925994 -0.501745039 0.044970873 -0.569954302 -0.224330455 1.182000874 -0.811347985 -0.486265373 1.245097506 0.763386934 -1.614594252 -0.162180542 -0.992157668 -0.703195143 0.415525262 1.361347559 0.268708127 -3.561520606 -2.107684699 -0.137947255 0.452701895 0.138220837 0.736689548
27.846292379 24.635645357 -9.549642142 0.726556118 0.066837949 0.170943876 0.662138269 -0.102747486 -0.307984554 0.343768624 -0.815595374 0.320098038 -0.674908136 -0.920287014 -1.386341699 1.074891998 0.001744059 1.018268657 0.588642082 -0.294920384 -1.858264103 0.973149529 2.118619989 -1.020635592 1.626465747 -0.446729228 -1.303016772
29.938783752 21.775021433 -6.534714834 -0.524298441 -0.413691209 -0.633692665 -0.390389978 -1.505083726 0.408694914 -0.891390261 -0.635689547 -0.038206864 -0.139726606 1.682595114 0.983460573 -1.151521455 -0.304690697 -0.195380650 -1.067500713 0.386687808 0.442038742 -2.436503414 0.883441278 0.554093418 0.394447724 -0.251259886 -0.350242122
28.555092297 21.382725691 -8.198230937 0.080498911 -0.532483577 -0.326234697 0.776886148 0.436421243 -0.758987934 -1.603144649 0.178672986 0.200746081 0.937082077 -1.836094622 -0.404244541 -1.354098041 0.634925729 -0.014557077 1.359875045 -0.836239736 -1.343319285 -0.029544059 -0.432760212 -0.199469995 -0.413231511 0.562570330 0.564788911
32.281985809 19.658728241 -14.206987679 0.765301082 -0.383497085 -0.066710315 0.512634347 -0.322577771 0.138626547 0.014589441 -0.420089020 0.441424506 1.346704225 1.033447490 -1.580846123 2.703292078 3.082040100 0.849844869 1.557528320 0.812357671 -0.707691085 0.581160534 -0.438235355 -0.276238449 -0.218458104 -0.597802425 -1.807954024
33.533505459 19.275991744 -11.826747853 0.081196741 0.137950626 -0.898516548 -0.408711056 -0.580580573 -0.715089684 -0.229919248 -0.996127668 0.398926933 1.255690438 0.817472678 -0.365562879 0.380626119 -0.543815992 -2.617282828 -0.297839892 0.205711722 -0.786875987 -0.484228734 3.749307535 0.155895169 -0.863407819 1.021944949 0.043059759
21.309152038 19.753916734 -10.950091222 -0.557198838 -0.099295420 0.627476859 -0.534736072 -0.644173680 -0.575912698 -0.822266720 0.711656160 0.452611622 0.609516927 -0.067650069 -0.037729465 1.048574113 -0.034990446 -1.269984804 -0.694848011 -0.388948746 -1.678747558 0.673335937 -0.807528032 -1.058138929 0.441772047 0.153626626 -2.491636224
29.410424387 13.496977370 -7.127019214 -0.850541925 -0.102655586 -0.189553951 0.479697368 1.085740946 0.746528129 -1.945588182 -1.628067090 -1.758268576 -0.502356895 0.468622940 -0.064473203 0.783212132 -0.342409549 2.323716870 -2.093629326 -0.215567538 -1.396394621 0.083751624 0.549007711 -1.961642885 -1.261082107 0.664951214 1.067355730
37.356886772 21.578746554 -8.555003891 -0.878917589 -0.207960402 -0.428899740 0.017359621 1.958812497 1.103968682 -0.785241676 0.988628360 -2.043042999 -2.053340633 -1.315668697 0.659087853 -1.093219527 -1.115328864 0.108003811 0.341284080 -1.667018474 1.095502914 -0.526890187 0.288790187 -0.591750114 0.434165799 -0.344913422 1.372571806
33.491658599 15.853734050 -13.746256214 -0.557728193 -0.557811890 -0.413613899 -0.454652285 0.209250138 -0.109594342 0.023963864 -0.684160306 -0.607750216 -0.824581262 1.035329599 1.166615805 -0.773229078 0.544426867 0.026749942 -1.732406349 1.894345356 -2.280313299 -0.939466990 -1.157112747 0.182929444 0.337260083 -0.466888516 0.687283109
23.583800536 18.398720193 -9.349772679 0.691997416 0.125169881 -0.697121596 -0.139619332 -0.080970270 -2.235885016 1.053289695 0.598334368 -0.340970692 -2.234941170 0.287375621 0.620588910 -0.344089476 -0.478465029 -0.665914769 1.133487381 -0.485436454 0.554624772 0.075664020 -0.532093738 -0.246751428 -1.088898001 1.012612312 0.054624776
28.882017560 13.735340192 -9.216081371 0.349804221 -0.746701546 0.261326772 -0.501778963 -1.277454256 0.787449584 0.372437218 0.376640711 -1.025756950 -0.783061441 -1.411026074 0.613912568 2.596133402 -1.251947057 -0.880078862 -1.388927580 0.414994576 -1.425619814 -0.019331588 1.839757818 -0.793881431 1.024658421 0.858001350 0.266845760
23.140804293 24.030270587 -11.280943999 -0.870455675 0.126541115 -0.158981726 -0.448351509 0.037837683 -2.117372856 1.391280125 1.190857296 0.448644153 0.596030510 -0.100878880 -0.682386293 -1.011548430 0.261689014 0.991461292 -1.043692697 1.205905560 -2.618515206 -0.175557836 0.224840008 0.854636364 1.804046958 2.828743796 -2.255468131
29.320958246 13.859001400 -6.198513660 -0.285886285 -0.305001700 -0.734696541 -0.534288300 1.109042711 -0.217117618 -0.352681295 0.704589920 0.133609422 -0.739677683 1.099621463 0.513305432 -1.170487004 -1.185601542 -0.660160399 -1.055020377 -0.154927245 1.593005238 0.313987501 0.062739218 -0.791147455 -1.629943105 -0.938991876 -1.142955965
34.735448892 26.394692334 -8.748758936 -0.425946256 -0.871246440 -0.057439175 -0.237065747 0.212880011 -0.658267360 0.495770584 0.565585931 -0.069360353 1.245227451 -0.757275394 0.804922270 0.152237753 1.230184233 -0.375264349 -1.248470320 -0.753592207 0.540789222 1.260553569 -0.290204063 -0.528406173 0.116507931 -0.592397852 1.951744559
21.500751701 19.618854139 -10.440944838 0.805789696 0.179879825 -0.533133269 0.184702818 -0.206317402 -1.655174090 -0.122476352 -0.526442560 2.636521539 -1.418998104 0.411612699 -0.929395468 0.227070461 0.010998667 0.693827191 0.380994788 -0.343836978 -2.969187344 1.942967612 1.248831524 -0.440668336 -0.407438711 0.077326292 1.206685576
33.719886182 28.517189634 -10.804555319 0.472831968 0.504464699 -0.641784367 -0.331750093 -0.322169488 -0.123094325 0.018777539 -1.186831856 -0.647149924 0.196380522 -1.073523366 -1.321118020 -0.157241356 -0.906339373 -0.512220696 0.519958548 0.821974470 0.684026908 0.757532733 1.271463865 1.786332969 0.188777535 -0.404752384 0.323161549
33.081158505 20.174091343 -1.984221655 -0.434601853 -0.496523846 0.687797653 0.302522210 1.501721840 0.539149931 -0.603392674 1.664058116 -2.095499896 -0.262410746 0.403054133 2.041849677 -0.535648745 -0.801011318 1.544659483 0.635457353 0.477780063 0.143744536 0.311095874 -0.457898816 -0.533423190 0.074662968 -1.338588743 0.793047817
21.615716854 20.029768326 -4.508897719 -0.148253537 0.503039186 -0.038987349 -0.850560081 0.323566880 0.509516308 0.233443353 -0.356236838 -1.730863807 0.784110318 -0.200530905 -1.494572692 -0.184730491 -0.737834237 -2.190112418 1.366124196 -0.469765041 0.181505181 -0.537952406 1.915551339 -0.715584948 0.649714603 0.219874741 -1.271193443
27.108023125 22.601434062 -2.602910313 0.809783498 -0.308838558 -0.067318563 -0.494305213 -0.830406826 -0.776912803 0.515656377 0.221511825 -0.839192277 0.075838104 -1.451439806 -0.318650626 -0.173866246 -0.833567222 0.167504006 1.300675984 0.239631263 0.597354950 -0.821713050 0.682926783 -1.716838018 -1.959744428 -0.060003018 -0.607167824
37.590393882 26.095994394 -7.243249428 0.017083481 -0.465543087 0.576883139 -0.670957251 0.847241627 0.531311858 0.888124027 -0.343243916 -0.080587287 -2.870094023 0.409208428 -0.250218072 1.341767504 -0.218776176 -0.217124088 -0.511382047 -1.358910454 -0.038274993 -1.556185466 1.458763857 -0.066107492 0.390708765 1.268946938 0.182523091
30.818317911 23.473551339 -12.327653511 0.280017366 0.380202148 0.567839304 0.674236699 -0.220797427 0.254548783 0.000411657 -0.966159279 0.146356525 -1.643319568 1.756670713 -0.346908344 -0.255065146 -0.619597260 -1.082313663 -0.318021086 0.107688809 -0.074445768 0.407656236 -0.523259846 1.618262591 -0.277212908 -0.129428843 1.488848407
35.650498915 27.236580562 -7.821451889 0.662988535 -0.639867187 -0.296164497 -0.251600431 0.081075292 0.907005889 0.262284459 0.107633044 0.192863667 -2.094089578 -0.492703535 1.220382960 1.779376599 0.796720881 2.261589976 0.270758057 0.300627840 -0.688962278 -0.640494627 -0.802006153 -0.145320080 -0.843679307 -1.044536462 -1.064215941
35.399711350 21.826100682 -7.424284242 0.320393532 0.824495123 -0.000111467 -0.466428734 -1.438662211 -0.703723686 -2.502575652 1.513651672 -1.447830999 0.781037217 -0.757609819 0.939220728 0.501106049 0.120387859 -0.035574816 0.851997592 0.431896593 1.716995188 -1.498119233 0.985743816 2.647950593 0.657992722 -0.475845943 1.169791347
23.930319637 22.533012756 -7.666489170 -0.787426245 -0.530171506 -0.104935012 -0.296423220 1.114171528 -0.025633668 0.775159910 0.287164380 -2.053973600 1.012768895 1.246581718 0.459697117 0.634768726 -0.237210755 -0.201080155 1.140887755 -0.050325212 -0.132106119 -0.111801481 0.415654938 1.794174103 1.355283285 0.883177938 -0.052631248
35.017493386 28.779605409 -2.184633725 -0.725666117 -0.187837220 0.017314745 0.661684264 1.481391894 0.586031453 1.475245938 -1.424784350 1.341661560 0.748109696 -1.951574099 0.299060443 -0.022203388 -1.527473337 0.332284916 0.452738463 0.853916475 -0.223013947 -0.979445614 0.062383458 0.177424014 -0.360798350 -0.877493206 -0.646791865
25.239257577 22.061798483 -15.414882572 0.631439789 -0.476117876 0.537586022 -0.292569359 1.929798655 0.969683961 -0.736025551 1.356769191 -0.550752649 -0.099814791 1.361279314 -0.207126302 0.273083227 0.762256096 0.623684200 -0.515809613 0.975893562 1.153633544 0.254031012 1.388254999 0.942418199 1.620400065 0.526915817 -1.878379966
31.294758126 16.594630077 -10.360615568 0.271714346 0.504589763 -0.727785261 -0.376681693 -0.800433276 0.767114249 0.493810047 -0.585812285 -0.194916315 0.141375718 -0.375177790 1.895801869 0.083708670 0.721627085 -2.148339462 -0.549559449 0.499401244 1.171004536 -3.634204062 -0.320457770 0.556765290 -1.355526796 -0.267803081 -0.333219334
30.949276312 20.113781538 -4.895709173 -0.390706663 -0.257500338 -0.509584232 0.722056639 -0.430496828 -0.385159209 -0.271086858 -1.008834025 0.269022986 0.572894817 -1.882587900 2.255426741 1.366821523 0.143188880 0.495303218 0.932581404 0.204115342 -0.147953279 -0.433753065 0.020889301 -0.026505211 0.387328787 0.124283769 0.741097262
30.994201949 28.139416613 -12.830757863 0.027950514 0.930729397 0.047285834 -0.361559964 1.412670037 -0.282293570 0.705126081 -0.021975156 0.463955106 1.279236292 0.470796056 -0.818300910 -0.849580503 -1.034356176 1.398401377 0.421281839 -0.207435077 0.248986856 0.198076824 -0.999024570 0.795708581 1.092025316 0.098693804 -1.386639613
30.223120483 13.888473632 -9.768639451 -0.556767067 -0.765372793 -0.162180878 -0.279127721 -1.578283811 0.619473155 1.151592615 -1.242943166 0.346713332 -1.446473820 0.630755041 0.045267029 2.072510886 0.056788784 0.382336893 -0.098818905 -0.519890333 -0.846398007 -1.794108330 -0.380533247 -1.083776423 0.354079899 0.304611356 -0.568320628
33.690271852 14.027710513 -3.549044160 -0.413228065 0.151066297 0.730255774 0.522635670 1.515238044 1.748146911 -0.190905396 -0.416240942 1.422634969 0.229687565 -1.003065019 -1.995419757 -1.768596226 0.853896041 -0.782111968 -1.329856253 1.371182914 0.024336845 1.593700652 -0.540462815 -2.004437748 -1.362887390 -0.416318411 -2.070786587
32.134868419 22.614081541 -5.008436979 0.243196550 0.347008388 0.762979598 0.488162627 0.088456285 1.004024187 -0.746387680 -0.058566525 1.923471548 -1.049589998 -0.290556310 -1.698103382 -0.155463424 -0.349129503 -0.468028813 -0.288463953 0.324569802 -0.622714664 -0.018456198 3.750219375 0.208999104 -0.425532417 -0.515995773 -0.210754033
33.979293928 22.306617990 0.388309969 -0.490183812 0.139735434 -0.797463734 0.322870612 0.530262070 -1.974091309 -0.265788809 -0.116123643 0.550747102 0.152729321 -3.297689275 0.114799634 0.469386214 -1.988402340 -0.652907791 0.620956004 0.903993823 -0.769652424 1.545902787 0.089155552 0.182696985 1.530168756 0.057236543 1.155155573
31.416820566 17.401460478 -7.926589283 0.013556977 0.381486950 -0.844238175 0.376225755 1.248072728 0.225598098 -0.025012514 1.635959707 -2.678969040 -2.139479679 -1.308075058 -0.758517112 0.801084269 -1.065133786 0.865841533 0.298941021 -1.620092218 -0.672641751 0.364848204 -0.206415814 0.403186528 0.291283915 -1.340393278 -0.215776186
33.789516758 27.585776130 -9.938801067 0.548502656 -0.318064156 -0.773143467 -0.015139635 -1.377372142 0.191617294 -0.152061855 0.035004676 -1.000637763 1.007352751 0.082730036 -0.598189914 -0.668660148 0.322920269 -0.693066790 1.103701387 -0.781146740 -0.661709851 -0.208023515 0.229690807 -0.640441274 0.740213671 -1.532511773 0.880530872
31.744741882 22.181382651 0.914280638 0.146393173 -0.755860210 0.200464530 -0.605853410 0.067157100 1.062116271 -0.237363896 -1.044920489 -1.671536159 1.002544340 0.636256354 -0.318906400 -1.024405194 0.976039986 -0.447931997 -1.356970266 -1.189171495 -1.340600694 -0.571314276 -0.073895440 0.601677646 -0.311948906 0.223867522 -1.102167219
24.304002074 17.647034993 -10.213090540 0.029832876 0.541227366 0.662227019 0.517337717 -0.916415280 0.915132903 0.044980585 -1.200137306 0.091604249 0.816366904 0.462875270 0.542359112 2.189924508 -2.296674851 -0.307863042 0.534104448 0.864933014 -1.184311902 -0.496139750 0.704215528 0.359651273 0.367483443 1.502594064 2.436249917
25.310327734 29.356192120 -3.608269056 -0.769229078 -0.300185837 -0.495733008 0.269116841 0.311869399 0.799749452 1.703708160 -0.422310201 0.214335543 0.859886222 -0.726777730 0.086959553 -0.124220601 1.978212227 -1.701012824 1.672928530 0.491779667 0.702388770 -1.953372491 0.408947672 0.477781704 1.143290844 1.276423091 -1.305597356
23.241973415 29.130448840 -8.278771704 0.309491602 0.339593805 0.682567289 -0.568324636 -0.962649612 -0.099075050 -0.191460675 0.942529100 0.445970412 -1.098079454 -1.287601543 0.716815375 -1.303213757 0.733362172 -0.478544977 0.452846064 0.811182839 -0.482188251 -2.349974580 -1.156966593 0.648258422 0.707342039 2.032162007 -0.595489837
21.702199633 17.658376158 -9.606926299 0.215151373 0.187866098 -0.947358962 -0.144662412 0.619930881 -0.055286025 -0.692360091 1.756327177 -0.517234071 0.191107666 0.994099921 -0.440359010 -1.860182804 0.938325153 1.081598508 0.979916000 -0.188741722 0.977881279 0.078771776 -0.422146441 -0.393103562 0.568978298 0.134570006 0.458525003
34.112926934 18.588539221 -8.262316563 -0.173993736 -0.741820816 0.147828578 -0.630535303 -0.610940721 -1.081365495 1.126938181 0.330978132 -2.254289536 0.019458711 0.373987234 0.075978387 1.506263447 -0.997368251 -2.040205485 0.355401070 -0.632004527 -0.946835423 -0.567279997 0.981526091 -0.195686747 -2.643947817 0.491475244 -0.715116772
34.213765240 29.722882771 -3.769398224 0.276183367 -0.921016364 0.253111353 0.106706362 0.214853756 0.652935367 1.684744988 -1.180786355 1.415374151 0.038708894 0.624528978 0.714987641 -1.199219518 -2.036982511 0.318250712 -0.295862179 -0.131696588 -1.617696077 0.381981159 -0.332194349 0.659670432 -0.858295849 -0.212583818 0.981654726
35.143645000 17.039680529 -12.704598537 0.632307805 -0.144206552 -0.746085522 -0.150823422 1.972157703 0.576485148 2.133898228 1.042306803 1.049532776 2.334892068 0.482638822 0.789093320 -0.910129472 -0.066422023 -1.599693323 -0.129627221 -0.110078617 0.092347982 -1.470916261 -0.447892721 -1.179907060 0.636330449 1.320845165 -0.970935566
35.524471916 23.210556238 -9.456048058 0.618435533 0.425701932 0.387262719 0.535110216 -1.928882551 -0.161108510 -0.138610264 0.677349303 0.510947080 0.941700710 -0.692006550 -0.256858283 -1.315194144 -0.705049787 -0.163329347 1.381666718 -1.303099710 -1.441982842 -0.377285524 -1.088316364 -0.363214043 1.294274775 -0.113975170 -0.797124171
28.448736786 23.477277185 -10.730955466 -0.299727851 0.848101935 -0.179789523 0.398198506 -1.096274469 -0.198000114 -1.506221747 -0.034004735 -0.720349102 -0.430738951 0.849174870 -0.600139369 0.616480996 -0.006062194 -0.812851800 -0.091182797 -0.526065809 0.023797785 1.419203354 0.263363599 -0.693961717 -0.985874449 -0.490211978 -0.520873705
27.366566972 23.102508146 -8.985957313 -0.438896865 0.714007205 -0.320207700 0.441622330 -1.204101522 0.553466977 0.398607536 0.885521742 0.084107987 0.119888090 -0.646335752 -1.960600222 0.436664972 -1.350295745 0.263750565 -0.928665012 0.625110561 0.005503813 -0.470908792 -0.573435291 -0.772543649 1.082366557 -1.977887428 1.616442030
33.684402254 21.815756460 -2.610983862 -0.321071711 -0.425635490 0.433666340 -0.726416473 0.923630116 -0.689521239 0.222492733 0.877265653 1.062976856 -0.362630673 0.175752025 -1.091433718 -0.767073297 -1.045831776 0.528161557 -1.096996711 -0.731118412 -0.159657506 1.826886600 -0.805998697 0.387139853 1.442685751 1.276543986 0.381721816
28.628653747 24.029898967 -15.276019375 0.216439254 0.531024407 -0.819173912 -0.011010493 1.502497938 0.155331337 -0.543150090 -0.240194153 -0.107808073 0.254663499 0.506451528 0.078729239 0.244785551 -0.084035313 -0.748864700 0.358404920 0.001812908 1.243848448 0.777990437 -1.096802859 1.124979475 0.390715797 -0.885148331 -0.302999220
23.900541384 16.170389074 -10.907785134 -0.226551650 0.030824353 -0.895269592 0.382382749 0.996029602 -0.014179636 0.605228900 0.180167987 -0.136908314 1.702398621 -0.111253628 -0.965356147 0.653273748 -0.202376206 0.866189084 -0.775866512 -1.443058868 -0.359072001 -1.978463419 0.433639155 0.897008322 -0.247231507 -1.023288503 0.440894480
29.660221943 29.704935402 -12.422532699 0.150603395 0.667651230 0.587425426 -0.431846989 2.008618369 0.586080242 -0.836282102 -0.362372445 2.340559375 -0.654904850 -0.318417437 -0.086768567 1.659106612 0.451649926 -0.317327552 0.253006069 -0.704761605 0.600375072 2.356156939 -0.550540673 -0.116230355 1.462445513 -1.866611636 -0.977094301
37.189247751 27.114996101 -3.980862948 -0.176460556 0.142531927 -0.877231620 -0.423096924 0.634839858 -0.062537499 0.966452695 0.525168853 0.311781811 0.409845671 -0.484714809 -0.638950177 0.300920442 -0.092511088 -0.766323943 -0.751912623 -0.089193310 1.707427763 0.064089377 1.326115677 -1.350080599 -0.204619744 -0.113429261 -0.168756030
30.525076256 20.109386029 -11.618726769 -0.701279359 -0.445895758 -0.134869725 0.539624306 1.040595411 -0.942515265 0.080362723 0.218042002 -0.907155081 -0.213482617 -0.450210291 -0.579801396 -0.905188360 1.445000029 -0.428294847 -0.169446104 0.138174562 0.471482748 0.008237373 -0.353056585 -0.367856405 0.740528334 -1.007543196 -0.003013708
23.976148418 20.322971307 -6.387200253 0.528407890 0.471853066 0.242469449 -0.662833578 0.553169811 2.072379458 -1.643581760 0.360569417 1.786682340 0.330946118 -0.003410212 -0.444349416 -0.008265549 -1.327594172 1.309857390 1.446942096 2.078515134 0.235738509 2.429722266 -0.682675872 0.164512204 -0.141120625 1.104809414 -0.664313502
28.910244368 13.946210738 -7.237590042 0.627992248 0.348549681 0.053492030 0.693741638 -1.078038081 -0.367835421 -2.581233630 -0.279562842 1.379286515 1.257213360 -0.187134569 -0.356815851 0.668788196 0.892905062 -1.043251162 -0.117740551 1.172986421 -0.620104983 -0.659776451 -1.972337625 1.137456746 0.595361965 -0.470838030 0.134431349
28.960429951 21.746964291 -2.341039011 0.524693302 0.732049686 0.154425965 0.406143838 -0.799935487 -0.528704319 -1.114846034 -0.488312937 0.068544260 -1.142367424 1.154999474 1.464645327 -0.312083617 0.213418438 -0.380627796 -0.145622686 -2.228986274 0.680885959 0.868820298 1.738778499 1.037996411 -1.086333544 -1.353886592 1.355628365
34.014947464 22.010871543 -16.942615727 0.508522789 0.001376244 -0.697153835 0.505350581 -0.347367343 -0.205206985 -1.572090224 -0.650429574 0.050726322 0.982556224 0.340383195 -0.382713377 -1.547200995 1.002486635 -0.174937586 -0.629158251 -0.634344514 0.375440383 0.700933252 0.444519660 -1.384688973 -0.135810900 -0.062860511 -0.475542630
27.009079650 23.915395832 -4.246926474 -0.224910107 0.792841232 0.564291628 -0.048920162 -0.370499086 0.352902680 -1.558145919 -1.014465000 0.220396999 0.632285003 0.406449363 0.702675149 -1.499023272 0.387114908 0.925680729 -1.759793678 0.403438326 1.468309772 0.253415781 -1.299775861 1.478753548 -0.474704705 0.526019823 1.560887469
23.039561972 23.029377149 -9.147066399 0.257695079 0.539883604 -0.048781398 0.799837056 -0.223268234 -0.345262382 0.032779057 -0.213633658 -0.819347519 -0.139492455 0.682140371 -0.430688223 1.200368054 1.050435990 0.416728106 1.774814135 0.282763288 -0.507170525 -0.072690648 0.013070419 -0.562933981 1.234848247 1.767292627 -0.735184639
24.775442934 19.646238235 -9.444552120 0.798540715 0.463532137 0.001890709 0.384014465 -0.788600178 -0.779628962 2.186295712 -0.584583504 -1.858792413 0.814340862 -0.621924099 1.399727590 1.775545793 0.992538089 -1.641841200 -0.304448152 0.017922347 -0.919086451 -2.101203748 1.527666863 0.092511586 -1.754246965 1.350702408 1.811262795
24.793537858 22.533680868 -6.994568567 0.162493750 -0.834784862 0.211205049 0.481790870 0.136515427 0.615807316 -1.244161911 2.279474400 -0.343612679 -0.581905264 0.497946091 1.506191772 -0.659868648 0.176461802 -0.258398961 1.215448209 -0.491743074 0.022871152 0.213708715 -1.011074360 -0.618008691 -0.054725036 0.478157475 0.004218522
32.637609398 24.892985566 -3.980829216 0.129014332 -0.268384394 0.475038121 0.828048249 -1.064888794 0.482025166 -1.631447855 0.533400351 0.271828308 -1.107596992 2.078080541 0.526010051 -0.269182900 0.266069232 -1.187182628 -0.911257936 0.971028084 -2.942182639 0.942788084 0.421933434 1.290638738 -2.106314911 1.280814043 2.818158075
25.952465480 20.004334802 -15.473255339 -0.632373883 0.639593006 -0.436950616 0.009910514 -1.307468189 -0.246050775 1.053598836 0.315347353 -0.022952816 -0.265837425 0.612945414 1.871119190 -2.752126618 1.350177723 -1.005650809 -1.703114655 0.316194612 0.560711346 -0.736167385 1.164074159 -0.447380702 1.174796291 0.341517290 -0.157368532
28.417176191 26.347998142 0.454584721 -0.157951516 0.971824829 -0.103636314 -0.140951532 0.514235983 -1.129236222 0.087947673 1.371371431 1.101385279 0.757971704 -1.788109016 1.567639835 0.329457348 -0.273064416 -0.343461396 0.499587645 -1.379097574 0.003725620 1.180606369 -0.187600981 -0.349990976 1.518262847 0.099319582 0.009898970
39.486901757 23.278167737 -10.166426736 0.053340534 -0.783946160 -0.525776875 -0.325794236 -0.146397245 -0.155743009 0.347520209 -0.081832858 -0.256203881 0.648206879 1.138988775 0.012019527 -1.996552163 -0.531650203 -0.728433165 0.828750996 -1.092821860 0.709681253 0.142350524 0.937500059 1.746767708 -0.796055899 -0.260536470 1.793206654
27.227532585 14.275644056 -4.311538677 0.849618395 0.482929480 0.199064610 -0.072807837 0.376409703 -0.046711728 -0.051497176 0.790807641 0.659724714 -1.040348602 -1.098766683 -1.160775912 0.094427753 -0.233838754 1.467052834 0.139459940 -1.705755954 0.771008272 0.586596158 0.708290014 -2.091334031 -0.650607857 1.685782904 1.060216507
25.392254470 15.380452168 -11.948338175 -0.143399568 0.812856021 0.203101523 -0.526736579 -0.299423187 -1.165607297 -0.326395191 -2.775220514 -0.010692374 -0.738359463 -1.229037408 -0.933692153 -1.388244703 -0.663904300 -1.053014615 -0.704347236 -0.723068406 0.197946626 1.726135887 0.638460630 -0.722076189 -0.379268058 -0.725974093 -1.649260757
33.324641580 16.318377857 -7.504242797 0.495173483 0.040934426 0.156614093 0.853580471 -0.288026778 -0.039735456 -1.153230650 -1.389940492 0.355063818 1.082666964 0.242837994 -0.251695265 -1.484717769 0.056893248 1.734679369 2.165681963 0.831253303 -0.121996047 -2.934699837 0.696626222 -1.773714401 -1.150432424 -1.402582529 0.959564556
24.869932565 25.720857558 -1.146741974 -0.469125305 -0.235617436 0.708291624 0.471941572 1.809568435 -0.033938880 0.094893433 0.546710703 -0.872235973 0.405792254 -1.079807501 0.203330163 0.402451248 -0.220787662 -0.436686553 -1.078471345 -0.176574819 1.064231897 0.534129302 0.061179231 0.038636381 1.326803869 0.244557539 -1.115074886
30.902995029 18.375155967 -15.504999399 -0.691382688 -0.040888929 0.559938908 0.454737830 -0.112424659 -1.453942188 0.730779371 -0.571593241 -0.967231972 -0.781897352 -0.913528379 -2.383136283 -0.880493303 0.353373495 -0.362395255 0.411252815 -0.905923245 -0.142857764 -0.470208620 0.167949993 0.841688890 -2.349859744 0.119362933 0.169993695
29.983621842 27.986362700 -13.239835379 0.222668048 -0.383139246 0.498698471 -0.744931603 -0.600691098 1.036699864 1.375853304 -1.322136726 0.305032759 -1.070388989 0.224808420 0.651402756 0.771969418 -0.005496246 -0.700981090 1.271588964 0.172875494 -2.897883395 1.432575594 -1.394209051 0.838473256 1.034776359 -0.798075752 -0.501320188
32.085319925 25.231402844 -14.422481468 0.339845577 -0.502393671 0.793093011 -0.055758935 -0.617251365 -0.823585147 0.331821880 -0.210236747 -0.398193952 -0.788155709 0.784579885 2.227739122 0.378338361 -0.413001030 0.169502016 -0.986312149 0.380144459 1.709960431 0.029567186 -0.839185807 0.284627962 -1.084406773 0.461927372 0.857874126
35.297661475 14.678931045 -6.440342377 -0.285654160 -0.094938851 0.853207855 -0.425939752 -0.266967528 -1.146703474 1.321963513 -0.093890215 -1.180214379 0.854853356 -0.096302278 -0.880168624 0.415717271 0.978961722 0.982740727 1.887103819 -0.237013227 -0.078591446 -0.238937679 0.970606870 -0.239212525 1.150028434 1.645605655 -0.024127061
29.420749971 27.740692243 -7.810560924 0.052805419 0.213641190 0.921579200 -0.319782437 0.479577503 -0.603304085 1.659791706 1.836753657 -0.587657828 -0.872161799 1.262512367 -0.589552707 0.403577228 -0.501097087 -0.328822252 -0.891320524 1.805838447 -2.110776838 1.391769351 0.382735358 0.220677446 -1.513561611 -0.600532052 -0.944324265
34.853106479 17.761870752 -7.454105922 0.309597600 -0.596025695 -0.646608199 -0.361663564 0.810776302 -1.005216159 -0.059492887 1.055997159 -0.505882294 -0.664588553 0.836580282 2.176631124 0.717314114 -1.160303806 2.000930982 -0.366119176 0.059152197 0.851809701 0.484241583 0.500400211 0.761385947 2.168802875 0.766213947 -0.362487856
35.463716151 21.823129200 -12.993534001 0.616967197 0.773011088 -0.037970207 -0.142701081 -0.602305113 -2.140091363 1.878969768 -1.302034484 0.418377504 0.994154708 -0.987257674 0.653762990 -1.232705165 -0.623522238 -0.617949247 0.257671957 -2.471110954 0.039631726 -0.625054919 -0.612891021 -0.326025772 0.481308366 0.469187278 0.281254137
22.288584330 26.093464961 -3.805049815 0.454775252 0.243359376 0.034150053 0.856031225 -2.247841299 0.148382534 -0.738778220 0.053309522 -0.302968151 -1.310848651 -0.363861507 -0.529634069 0.461466633 0.914785996 0.994899170 -2.026575285 -0.573449565 0.356472923 -1.258780435 -0.354658725 -0.320381733 1.623739807 0.184200685 -1.733639544
29.451908550 29.574596544 -2.414702261 -0.726714367 0.596095523 0.000134338 -0.341403484 1.111235637 0.391735608 -1.626853571 -0.350543899 -0.130906268 0.972239214 0.516144305 0.179525787 0.969231794 2.366254505 -1.524191526 1.334323646 -0.214061879 1.243750589 0.512367183 -0.278729142 -1.204415200 -1.305351623 0.467399542 -0.556104325
28.876582611 26.384824694 -16.501798917 0.631461838 -0.248043784 -0.734373063 0.020650246 0.245324134 1.397352850 1.642751924 1.426146001 0.578018296 0.889785080 -0.054172823 0.734090619 -0.871343647 -0.609976389 -0.004622152 1.401707488 0.495546361 0.964245942 0.866522573 -0.017554944 1.913704228 -0.445040464 -1.819327405 0.736282173
24.147085954 19.449175631 -6.833216645 0.066937577 0.422974037 -0.885769519 -0.178954420 0.161788275 0.522776680 0.000498130 -0.510176837 1.589620611 -0.640351427 0.690433147 -0.722328782 -0.241419234 0.451181708 1.162437856 -1.268477744 0.220983398 -0.428355169 -0.666982180 1.284180688 1.143136542 0.632888578 0.951122024 -0.735077876
26.694543927 21.911029572 -17.048548241 -0.083840861 0.546951278 0.510972632 -0.657816067 1.032175331 -0.113419258 -1.095716942 1.535417860 -0.273046777 0.663192816 -0.478959689 -2.161861386 -1.821529625 0.903278452 -0.513946432 -1.221648029 0.542848864 0.679968989 1.626295073 1.235321488 -0.043989739 0.168015414 -1.442188208 -2.361262090
25.256569648 25.211856891 -7.189798146 0.659824820 -0.355721886 -0.318443810 0.580247090 1.320138609 -0.844996130 -0.713822766 0.830102047 -0.634916709 0.376693583 -0.231509715 0.290555734 2.071023764 -0.120816406 1.245603858 0.330654108 -0.432377176 -1.039979882 -0.559473814 -0.433395482 0.825021045 1.703078421 -0.474097512 0.984431672
34.458114234 25.990201978 -7.942460484 -0.058004373 -0.574540742 -0.528548204 0.622234060 -0.596637746 1.312491090 -1.002158158 -1.926117004 -0.489883734 0.339657924 -0.028838730 -0.235907972 -1.779385160 -0.786508790 -0.563362137 -0.551480282 0.372571385 -1.002157496 -0.250541771 -0.078828384 -1.555612777 0.031649005 0.344348131 -0.907314702
31.811017843 17.949217313 -8.511571890 0.607017482 -0.552538610 0.165850657 -0.546556878 0.701218558 -0.186027791 1.625659723 -1.134105625 0.306954966 -1.479849506 1.240962417 -1.665008580 -0.018340844 -1.129164459 -0.507267608 2.131067377 1.224674351 -0.341731699 0.466411977 -0.202971936 0.702615285 -0.789350887 1.696085911 0.523093060
32.999118584 23.282656003 -13.014654726 -0.637688884 -0.058102754 -0.445482597 0.625717358 -0.396098753 0.037150095 0.353705312 1.202302842 0.395700878 0.692649836 0.134872862 0.638942294 0.684310375 0.650099256 0.380181193 0.325895728 0.298602620 -0.953408722 -0.261730829 -0.004164492 -1.509874294 0.505427336 -0.355596011 -0.551022228
26.927389218 20.103849403 -8.581621002 0.765388018 0.376305543 -0.277907344 -0.441976050 0.072901049 -0.193438729 0.263384044 -0.124547433 0.760434232 -1.169684671 0.624420473 -1.152285956 -1.511738907 0.646313309 1.476861482 0.629185866 -0.739547330 -0.261619737 0.181333721 -1.024448811 -0.166647040 0.826410083 0.434751825 0.499571014
31.863187723 15.934963710 -12.993894566 -0.025848729 0.421852660 -0.889132268 0.175544828 -0.024612289 0.156654636 -0.770372198 1.493193436 0.117294530 -0.960039417 1.525588935 0.728898795 -0.064867422 -1.144531316 0.278500178 -0.846723290 -1.441560368 -0.952471500 0.023863942 -2.197605056 0.016661658 0.089203667 0.486212205 0.183059473
36.308688176 24.236469835 -6.332741308 0.824130602 -0.298034012 0.080924359 0.474800723 -1.175621707 0.723328726 0.056505728 -1.027223482 0.292712256 1.956191117 -0.630139932 0.568022721 -0.616655572 0.462031989 0.354321512 -0.965341676 0.663119309 -0.128327720 -1.614631828 -0.510795545 -0.641830486 0.574550388 0.262128990 0.382720816
24.267447024 15.792323687 -3.633633496 0.613182760 0.786888661 -0.025787636 -0.064406024 -0.335402579 1.567793202 -0.394949574 0.128781528 0.528216463 0.115618817 -0.311136071 -0.071906803 1.315421283 -1.354608966 -0.980183351 0.568209908 0.234431980 0.605987945 0.709761701 0.670382506 0.768513548 0.581296663 1.855243309 0.048326357
27.805383812 23.334467558 -14.497047289 -0.161365909 -0.231290816 -0.315256099 -0.906134203 1.095079247 0.194951080 0.867541589 2.638327771 -1.455683705 -1.464923927 -0.713670510 1.185251154 -0.128715080 0.202628237 -1.837079845 -0.097803173 -1.138805477 1.489003181 1.434814004 0.964534015 1.640864933 -0.522394885 -0.206050210 0.414914339
25.177251352 29.556591353 -10.317692419 0.183345981 0.845563230 -0.004637636 -0.501383653 -0.831476700 0.232049872 -0.345486251 1.588095677 -0.824076288 0.665954569 1.740533953 0.195235625 -0.365358173 0.511658851 -0.270019490 0.741495520 -1.249417576 -0.068262171 -0.799391078 0.508186757 0.020076698 0.469990879 -0.500353445 0.769108775
31.813093199 18.917083709 -12.479862835 0.954453633 -0.128676596 0.112159317 0.244705708 -1.130700031 0.172657867 -0.869327841 -0.143728160 -3.396612210 1.368147247 0.235976907 -0.723425828 -0.811962579 0.244281037 1.091652944 1.308293047 -0.703824234 1.466582989 0.409322847 0.785928909 0.922408149 -0.857838732 0.558673630 -0.874560491
37.803427391 25.021957842 -9.970225673 0.031560050 -0.646567388 0.760948991 -0.043717369 -2.322183426 0.081811860 1.466357122 0.482788857 -1.008436598 0.143475564 -0.609437417 -1.555511985 1.948547603 1.696689296 0.448426497 -2.137296749 0.235227144 -1.060848608 -0.348924553 -1.195618774 -0.623664094 1.308548981 0.693970391 -0.367522571
35.513532858 24.522816862 -4.961814813 0.172858004 -0.733016355 0.448323920 -0.481469413 -0.564883675 -0.845914474 -0.771601672 0.165933028 -0.492246552 -1.922514196 0.321056450 0.832058783 0.409386995 -0.853796360 -0.044083954 -0.987221155 0.409281461 -1.277321016 0.252231264 0.380401586 -0.997037826 0.088313833 -1.250581897 -0.247387612
27.787595621 29.285729176 -12.649594195 -0.472731491 0.372898889 -0.655518856 0.455813980 0.039324576 -0.622912212 -0.050872406 -0.383266499 -0.533074976 0.548215348 -0.256431630 1.354485471 1.115203694 0.074955437 0.543310811 0.500501827 0.380337984 -0.500655702 0.517662160 0.160182255 -0.697151378 -0.208957186 0.261182815 0.189344290
22.784781575 23.032925618 -12.595933264 -0.801694273 0.401438825 -0.211849436 0.388912559 0.727103874 0.347100576 0.332199115 -0.041146835 -0.262781738 0.745815773 1.233694758 0.607913513 0.378723734 -0.121775581 -0.253608702 -0.721975830 0.234978653 0.411131499 1.531181147 0.378008434 0.117323181 2.084757164 -0.614816820 0.685755693
36.260275178 22.971804532 -13.979339587 0.006727364 0.083071005 0.937574419 0.337650944 -0.624633632 -1.845992700 -1.171811460 -2.778743320 0.398630950 -1.096437578 0.265995051 2.057510013 -0.397461087 -0.344106636 -0.471884770 -1.192248560 -0.230488173 1.103751007 -1.668293862 0.639067888 -0.382366829 -0.449935959 -0.377328773 -0.522322669
32.903170261 24.240526537 -14.387625275 0.235679722 0.816110845 -0.525489621 0.047736934 0.532940397 0.656491357 2.583473520 -0.381320109 -0.246140091 0.466955023 -0.050975725 0.822482282 0.966056860 -0.456161882 1.630586752 1.458099864 1.516463911 -0.520946614 0.334303409 -0.800134748 1.174013448 -0.764820456 0.713734597 1.201666127
31.540455794 26.129122995 -16.071911611 0.708523797 0.594182441 -0.067003392 -0.374768998 0.971637241 -0.874482767 2.173327782 -0.854657226 -0.700233748 0.278174486 0.623169813 -0.068458413 -1.292445467 0.873831853 0.039099704 -0.921897331 -0.815191617 0.710381039 0.434918923 -0.070849711 -0.842847764 0.424616215 -0.766860167 0.716826848
27.184008777 16.259747963 -4.702506455 -0.627888665 -0.134760206 -0.757388557 0.118144339 1.093559691 -1.115238015 0.098642324 -0.043335728 -2.187002039 -0.694402127 0.361526724 0.766364667 -0.454918202 -0.608061222 -1.379777740 0.447259749 1.701838233 -0.847202224 0.142701954 -0.134642440 1.009327603 -1.111738878 -0.058018458 -1.283164894
28.909036099 17.788162326 -15.208060217 0.069371667 0.054492973 -0.602775326 -0.793019542 -0.863375160 0.668781378 0.547236172 0.547111274 1.240653966 1.019005023 -0.230540562 -1.082035333 -0.532576359 0.458217121 -0.232052203 0.182676585 0.271695339 0.433176769 -0.947128831 -1.072861751 -1.967945669 0.202164254 0.008973120 -0.544361232
27.656775223 29.971924441 -2.564041434 0.543938157 0.147512937 -0.564663421 -0.602931535 1.134973170 -0.356755361 -0.033603696 0.242440664 1.055195897 0.291456637 -0.113074279 -0.018143074 -1.025921251 -0.480586559 0.316652683 0.707225320 -1.606344413 1.057378560 -0.977706364 1.273123562 -1.093531299 -1.667637746 0.036566237 0.879608559
29.414715700 17.982632546 -1.868162115 0.079265094 0.052227092 0.605579723 0.790102888 0.574990601 1.788350050 0.429627775 0.037113341 0.729904061 -0.550906271 0.546799934 -0.420592442 1.401506389 1.684557419 0.223291095 -1.962247158 0.478687781 0.441242201 0.516707270 -0.083633405 0.791938945 0.309106920 -0.444118182 1.051703930
28.784065014 27.996470599 -9.116551454 -0.543612924 -0.517970651 0.623710720 -0.217201128 -0.172375581 0.121504886 -1.063520153 0.554551795 -0.331065121 -0.295369478 -1.126564271 1.478788949 -0.251253666 0.495693921 -0.541942542 -0.533841969 0.119357840 -0.169090119 1.172050802 0.910647276 -0.201926330 -1.021500483 0.329983149 2.569471123
28.787943068 30.103207171 -13.763558928 0.218266420 0.370673963 0.286066412 0.856228119 -0.366761201 0.636252966 -0.580483564 0.580083822 0.344170377 0.247424227 0.645082400 0.105483028 0.818852876 0.207498016 -0.392689888 -2.090759383 1.278057003 0.336584262 -0.702798617 1.048175481 1.178111018 0.167834828 0.026210232 0.065968534
31.863764767 17.883848857 -5.632467769 0.733925983 -0.041408819 0.587540607 0.338280944 1.001259502 -0.088808879 -1.326415932 1.567735622 -1.318657732 0.059907458 -1.127829374 0.631468970 -0.023219510 -0.627003121 1.464804089 0.057651146 2.731999781 -0.004695159 -0.731373344 0.240862112 -0.582723480 -0.825771450 -1.606548752 0.007623026
37.912955890 20.256369235 -3.439671529 -0.247638988 -0.330294027 -0.899724152 0.141694167 -0.413291058 1.152885164 -0.196949789 -0.106253859 -0.932505225 0.445776696 -0.662200478 -1.599847933 1.900766673 -0.504615429 -1.054824562 1.306483630 0.073977292 0.878741343 0.605441256 -0.998649031 0.622408709 -0.324711342 -2.518495091 0.138672578
35.270828666 25.455896159 -11.564262439 0.643087797 -0.668765560 -0.369344445 -0.052681993 -0.707766606 -0.827754090 0.329508173 -0.781658903 1.004549903 -0.762697604 1.083351446 -0.320715480 -0.648855011 -0.429102680 -0.815508105 -0.147659319 -0.515660576 -1.123348362 -1.034682114 -1.343330273 -1.053841529 0.337507605 0.705764864 0.221276853
27.408945297 17.172551520 -3.894839552 0.113751878 -0.747278110 0.584565464 -0.294820547 0.171296146 0.917064348 -0.749153286 -0.551093714 -1.322654549 0.120823291 0.879586865 0.240862974 -0.220983677 0.450579284 -0.818369072 0.125890817 0.301288405 -0.956428653 0.988713031 1.078786563 0.063137840 0.400946721 -1.344048738 0.233313083
30.460900506 27.013479188 -16.292654612 -0.849352192 0.115981648 0.514672611 0.016162148 -0.640589103 0.243552069 0.278374327 -1.562038247 0.112331023 -1.443316941 1.272197355 -0.048308866 -0.962930892 -0.635257497 -0.216347495 1.526604016 -0.632447643 -0.443896999 0.442664614 0.168271027 -0.447219670 -0.661469287 -0.544803067 2.132762093
36.848016742 27.012705690 -5.524892167 0.524226727 0.578492358 -0.623546700 -0.041502327 -0.193853573 0.217041251 1.215301150 -1.257820467 -0.887169401 0.127248178 -0.158112200 -1.092089602 0.064070848 1.644542458 -1.379147834 0.543755161 -0.696359817 -0.637917617 -1.086591495 -1.207396686 -0.248188365 -0.299259997 1.382668502 -0.126462672
36.153793205 23.678198536 -5.578339529 -0.151594891 0.711862213 0.360975529 0.583067618 -0.055312431 -0.424228233 -0.314185932 -0.813794345 -0.744367004 1.707168727 0.734104643 1.467956257 0.592602553 1.773777270 0.922723539 2.276442803 0.979047506 1.096409481 1.740630579 0.798082918 -1.546806447 0.242760271 -0.840644152 0.583596984
34.733609473 26.832543338 -3.344165064 -0.162100624 -0.194095751 -0.780226508 0.572098614 0.530821869 -0.099735232 -1.209162140 -2.196069524 0.090830567 -1.237211195 -1.939484732 -1.613645225 0.595977269 -0.161295912 0.515281121 1.388002284 0.072987356 0.300463090 0.596690868 -1.360081916 0.095623833 -1.026987783 0.278390223 -1.289999813
28.116389326 18.143408827 -14.184632585 -0.665716493 0.685722536 0.290434548 -0.047475553 -0.899023127 2.167307429 -0.301949806 0.566692480 0.503248607 -0.090724775 0.352994701 -0.743960730 0.691177595 -0.191445063 -0.326028659 -0.281360046 2.205796435 -0.153934170 -1.623463943 -0.436226944 -0.716334826 0.062629374 0.471321810 -0.476102941
25.497177317 18.454025781 -2.886710693 0.509946468 0.255248830 0.762412197 0.305827201 0.398180577 1.118470079 -2.548085911 -1.763684945 -0.658873734 -0.108391990 1.499978410 0.641209675 -0.309736706 -1.253581594 1.204674157 0.227926676 -0.823287009 -0.118005068 -0.114805413 0.623005609 -0.275011262 -0.169696842 -1.199585859 -0.396897666
35.459785993 24.573673972 -11.747388246 0.579956578 -0.731219207 -0.260723237 0.246966055 0.423085103 0.056400294 0.175824712 0.159264594 0.051985413 -0.203066685 0.085049102 1.923245756 0.209049968 -0.964870470 0.390840209 -0.405914907 -0.740189515 0.203095087 0.125804916 -1.316554594 0.160057018 -0.299919265 0.926304815 -0.051402070
24.841867739 22.398454756 -10.635445871 0.632563212 0.105553465 -0.422462669 0.640505693 0.863571169 0.696100053 -0.276691186 0.855965023 0.598763290 -0.088794221 0.587432072 0.764994150 -0.058751812 0.885884152 -0.619662910 -1.281787751 0.293327678 1.098812622 -0.366465238 -0.587552154 -0.730513131 0.337888066 -0.946152998 0.563694144
36.148522662 18.523142002 -1.188975848 0.350809716 -0.069480518 -0.002081322 0.933863303 -0.294568370 -0.119445870 -0.066220852 -0.457224010 2.190610057 -0.267838097 -0.192368043 0.833014919 -0.460886478 -0.045229201 -0.542480658 -0.582809127 0.059696107 -0.897415740 1.200999125 0.338367655 -1.128726733 0.240302747 2.663198489 1.382819753
26.218436804 14.194611810 -8.218502121 -0.013960115 0.022906718 0.910609304 -0.412396767 0.042485337 0.783423820 0.179773876 1.946017609 0.367034305 0.566806174 -0.735568205 0.251241102 0.557440694 -1.050993453 1.535693161 0.264487404 -1.392361182 -1.892678725 -0.581001395 -0.379460808 -0.375580513 0.303398528 0.741201702 -0.167602182
24.049786012 18.991611325 -11.546362032 0.257205994 0.249093793 0.453777754 -0.816016611 -0.016961008 0.618057862 -0.695991618 0.448531970 0.237686233 -0.188707772 -0.439452206 2.915052715 1.151126408 0.541926484 2.177943727 0.346040295 0.125072890 0.249637220 -0.259380586 0.946254494 -1.887195602 0.864159705 0.582533901 -0.550627970
26.386585240 16.355086472 -4.547333793 -0.706656923 0.320115604 -0.304652478 -0.552583805 0.846159755 -2.403623817 0.287866920 -1.926483382 -0.414148418 0.273140770 0.158419720 0.246718384 -0.506443622 -0.427337256 0.336893937 0.395350606 1.540817167 -0.836188126 -0.816999710 -0.318172555 1.176999589 -0.143019598 -0.713519156 -0.163402177
23.780803121 17.537294238 -11.130352459 0.552958459 0.393972060 0.651510579 0.338462588 -0.895219029 1.931984726 -0.859051244 -1.135845876 -1.431985701 0.045654806 -0.256977472 -0.293611644 0.201175632 -0.797518131 -0.676909209 -0.369570311 0.814061191 -1.328841235 0.082755610 -2.255052324 1.160315263 0.658573030 0.977679577 -0.868737665
34.917862311 21.548182471 -14.560035503 0.535198807 0.839032795 -0.054582786 0.081282996 1.385659041 -0.978382314 0.184071756 -0.740955028 -0.159853391 1.837225133 -0.297222602 0.791799666 -0.427635392 0.049135163 -0.369773937 -1.107570972 -0.013878329 0.094148179 1.287818528 -0.358376902 -0.258417725 0.332352475 0.030065562 0.879627533
33.125267945 22.517963278 0.644968497 0.683414255 0.014876791 -0.188771415 -0.705045381 -0.770731749 0.043096957 -0.335979095 -0.238283203 -0.484542467 -1.785016206 1.077955686 -1.511623844 0.397572744 -0.467037697 -0.006913495 0.032028151 0.206516646 0.488456120 -0.928193936 -1.599088824 -0.782830952 -1.177979389 -0.748682579 1.558850445
33.089967654 21.866046955 -9.641887734 0.090227468 0.034861968 0.988883412 -0.112930262 0.295056213 -0.330083115 1.252389847 0.889077884 -0.171083559 -0.374732147 1.213761653 0.653987384 0.089981646 0.226055923 0.495080759 0.660234266 1.322980083 -0.516217359 1.584354364 -0.704521287 -0.867826368 0.387223932 1.422999928 -1.646083557
28.278140792 28.229649339 -1.552126617 -0.746786580 0.269895605 0.143291550 -0.590706102 -0.378102141 0.094685339 -1.659378549 -0.213768294 -0.559344293 0.010572031 -0.213938108 -0.000471407 0.351399216 0.272285347 0.363095893 0.203508653 -0.147709171 -1.291145369 -0.506300762 -0.161609464 0.981606919 -0.663113764 0.467315517 0.068041786
27.355378438 25.760424721 -5.604033159 0.526317426 -0.690354440 0.220256811 -0.444845649 -0.432776017 -0.052130038 -0.000609762 1.103410967 0.722876348 0.281181245 0.922547094 -0.902686310 0.285477712 -0.096646742 -0.850411651 -0.850241518 -0.481817292 -1.318819661 1.017046840 -0.601635424 0.088280529 -0.345610929 0.805334509 -1.029173982
22.288449848 16.828992402 -9.997786733 0.377877355 0.045487606 -0.206392403 -0.901410982 1.304504023 0.343459777 -1.328925539 1.257564087 1.192439478 -0.169908907 2.687521942 -0.827331946 0.296332315 -1.939057595 0.482770901 0.561036685 0.302612346 2.348397072 1.105807934 0.011147605 -0.203995936 0.751632254 0.353126789 0.787547345
34.884220344 25.351854861 -1.479098979 0.403006748 -0.309483959 -0.811274680 -0.289203448 1.416713144 -0.993379481 1.176238277 -0.477458192 -1.528825047 1.194832947 -1.046488332 -0.285394398 -0.606489414 -0.305395486 0.466783068 -0.358796847 1.165996072 1.496829213 -0.364548147 1.078589708 -1.261082087 0.629498801 0.531629471 -1.258148981
24.331241349 19.405361028 -9.425361072 0.355750181 0.182499585 0.915781509 -0.038469948 0.848385570 0.177271720 0.131911981 -0.213455480 -0.311977617 -2.426510362 -0.398405702 1.608528428 0.128746421 -0.339052747 -0.272727372 -0.478847769 -0.116804177 -0.147690263 -0.228972738 -0.077795188 1.229311107 0.242295400 -0.330278154 -1.298320642
28.637987965 13.525855871 -5.097611026 0.595116591 0.321472257 -0.157566083 -0.719489236 0.449056080 -1.659552782 -1.211704052 -0.023881589 0.241243252 0.601009589 0.212076425 1.107315730 0.381688331 1.322100647 -1.399213662 0.283096153 1.378976044 -3.211627369 0.702828507 0.443126558 -0.474781595 -0.120128747 -0.286576470 0.362901665
28.883708496 29.087236017 -13.488587182 0.897772829 0.403540889 -0.174181371 -0.028627738 0.415163189 -0.234080885 1.885098939 0.275554342 0.558724618 0.713015085 -1.531463955 0.253695007 0.410275077 -0.964533462 -0.546226629 0.649858022 0.727673397 2.907727009 0.628919357 0.695913974 -1.235048708 -0.983978000 -0.523627275 0.548770475
28.363895602 18.394352438 -14.331717693 -0.520292847 0.606562385 -0.390277076 -0.457232140 -0.558629429 -0.541754866 1.007317768 -0.422456051 1.026423821 0.625918401 -0.531785592 0.803819506 1.410901656 0.707378584 -1.091257796 -0.800201501 0.143724509 0.391089675 0.040211937 -0.316031282 2.398411614 0.428513535 1.803839551 -1.083684418
20.955266281 23.442050866 -7.593610898 -0.145344563 -0.521434759 0.840432299 0.025579296 0.518667022 -1.725024291 0.502312631 0.994360430 -0.915075357 1.164702901 0.567590247 -1.345329926 0.310412426 -0.974733663 0.013222359 -2.006774376 0.730863471 -0.313258024 0.527010846 -0.499815762 0.478438869 1.154257669 -0.848927985 -0.742344509
30.221610985 30.710557660 -4.884591031 0.508513535 -0.555831760 0.656023992 0.045799139 1.593869940 1.209398841 0.921577413 -1.048900129 -0.777500340 -0.057910688 -0.150271902 -0.385264073 -0.761850274 -2.053353548 2.867942855 1.648020023 1.803394829 -0.479088924 -0.199481722 0.612263093 1.624450273 -0.317658082 -0.190593695 -0.336371587
31.869947688 27.631965714 -15.419486323 -0.050601794 0.141913540 -0.966101871 0.209635829 0.347196818 -1.247878731 -0.271464700 1.890392588 0.304617934 1.570480755 1.425654194 -1.453371763 0.035060755 -1.293104169 -1.128653160 -0.038876049 3.320392540 -0.721945797 1.854600952 0.213991673 1.761913565 -1.955445557 0.096631088 1.570992245
28.532412746 23.743107894 -15.305474459 -0.131935439 0.885168638 0.145484280 -0.421786494 0.104142045 -0.058496472 0.675561736 0.069382371 0.335753246 -0.294850703 -1.382326937 0.156651403 1.329047081 -1.484590704 -2.795246419 -1.229094319 0.599074836 -0.033617128 -1.091783081 -0.242116895 -1.153974906 -0.487128767 0.122358007 -0.721755800
26.295254406 20.360337350 -9.307001534 -0.329879095 -0.563831218 0.262575927 -0.710160562 -0.997160622 0.198227370 0.538693248 0.625775246 1.113298607 1.492254121 0.980479439 0.569602768 -1.832774837 0.229500302 -0.253944717 -2.719995540 -0.668743584 0.743429508 -0.040822660 -0.179556561 -0.077171138 -2.103336975 1.903939891 -1.327419449
32.187268187 21.643406873 -13.291167512 -0.014165723 -0.992381305 0.112847234 -0.047372769 -1.204497447 0.980923811 -1.222938298 -0.214979211 -0.788226105 -1.102222031 -0.980441415 1.271833808 -0.772412683 -0.020830821 0.250965248 -1.123499046 -1.089177365 -0.246928197 -1.038948573 -0.633356763 1.624855672 -0.779507163 -0.733136348 -0.924615729
38.824260420 18.542651784 -8.951754105 0.646559149 -0.733266256 0.143235044 -0.154160915 1.104313078 0.099419943 0.032453273 -0.988559293 -1.024039819 0.544676045 -1.485606450 0.356045257 -0.238739961 1.173183118 -0.215316462 -1.498425964 0.355328650 -1.268451330 1.392495257 0.384505640 2.084080209 -0.596408339 -0.716993547 -0.725640656
24.081191762 19.620789145 -13.489989642 0.103588622 -0.064344529 0.982915108 0.137866131 -0.035779620 -0.387313218 1.038853728 -1.279569849 0.713543250 0.501746575 0.086909472 0.494099225 -2.806726957 -0.649736625 1.467211437 2.075761612 -0.304792810 0.357972290 0.004129940 -0.314317073 -0.517001231 0.190693929 0.148964196 0.167391341
37.541868279 22.168751798 -11.211074924 0.249580731 0.934002855 0.187213218 0.174067047 -0.420599722 0.895276847 -0.672943151 1.124338796 -0.321921892 -0.795564192 -0.136087348 -0.546492695 1.599188125 0.884536912 0.108671355 0.077915443 0.141943491 1.614668655 -1.646348082 -0.983813324 -2.962587916 0.103973593 0.395758294 -0.555680528
34.088176933 21.026755007 -5.632705928 0.476201214 -0.104590825 0.868182317 -0.092480416 -0.745666631 1.079567138 -2.390805500 -0.728826363 0.287137639 -0.700423351 -1.425795334 -0.570797134 1.115658298 0.684856580 0.416049755 1.006819115 0.100081133 -0.663123611 -0.189220554 1.314754977 -1.931704621 -1.143226449 -0.541384103 -1.033893597
27.746654051 30.886778047 -6.911966963 0.519958669 -0.845776585 -0.052523068 0.107453609 0.059618178 -1.483405950 0.046083411 -0.110943296 -0.092440345 -1.474543656 -0.650435123 -1.302743513 -1.267561586 1.051649447 -1.120064224 1.776100769 -0.438986583 -1.961763071 0.481493042 2.334569071 -1.936016928 0.273195125 -0.038967145 -1.514573046
32.742305573 15.053103929 -8.434550511 -0.276392609 -0.607712204 0.680855622 -0.301211926 1.293553636 1.046043751 -0.422091638 -1.142365830 -0.224513872 -2.053155744 1.778814539 -1.922447655 -0.913245130 0.519163463 -0.892007773 0.403796100 -1.310855633 1.500726129 0.567135902 1.407654753 -0.456704024 0.873445249 0.563213967 0.087323278
35.236251578 25.538520853 -11.372140102 0.741517489 -0.347891187 0.534645063 0.208034112 -1.177785542 -0.639802930 0.984170083 0.433609462 -0.592636367 2.275955862 -0.356587723 1.894245654 1.047565753 0.804554778 -2.274971015 0.191360092 0.660890047 -1.301785338 -0.330937796 -1.917831703 1.623871401 0.892318353 0.970480081 -0.051659752
26.844408822 25.805516058 -6.667442966 -0.118202862 0.714734535 0.650980169 0.226732104 -0.050027493 -1.876135374 0.641324758 -0.507108842 0.875406473 0.214922064 0.634719560 -0.533976757 0.401978287 -0.082012506 0.473711172 -0.437133169 -1.296431119 -0.169809619 1.801826600 -0.550085762 -0.543591311 1.459820935 -0.220762927 -0.585495325
25.062701512 23.487302002 -8.582390812 -0.651199017 0.434413355 0.317543265 -0.535155259 0.467166004 -1.178606164 -0.530975946 -0.117453814 2.390970944 0.496787729 -0.805352002 -0.720791890 1.019097693 0.402638295 0.313091013 -0.278197663 -0.343730489 0.030039769 0.011500562 -0.747216711 1.207508761 -0.679955950 -0.307075503 -0.901605678
28.021297398 29.435078933 -9.880612787 -0.605778134 -0.039874133 0.653355819 -0.452293134 0.546792173 0.033558986 0.222449497 -0.080400273 0.147128149 1.004559819 0.548026839 0.289205135 -0.290944269 1.616467935 -1.022168341 -1.435488093 0.321042669 0.295896293 -0.312071738 -0.827788133 -0.453431197 -1.925553648 -0.266247799 -0.672506876
32.061121818 17.411883732 -1.048293159 0.469634234 0.394091178 0.727486545 -0.308057067 0.011547216 -0.800072589 2.301988680 1.743290930 -0.752189728 -1.888667389 -0.725668061 -0.128481625 0.327470357 -0.056537358 0.003673638 -0.819325899 0.514988192 -0.173572618 -1.702490810 0.548720530 1.275374770 -1.350104153 -0.482845181 0.388552117
24.992531135 17.838981060 -4.308971400 0.765711527 -0.313534463 0.518853608 0.214878875 0.240930822 -0.631593545 1.314663083 -1.115017642 1.180318467 0.430519626 -0.925946650 0.232027123 0.723566257 -0.016352087 -0.497933566 0.759333761 -1.074469671 -1.547299268 -0.216611056 0.353905403 -0.527252657 -1.522240508 -0.448358911 1.778305476
28.448948040 22.656483687 -11.738206558 -0.060484444 -0.585307080 -0.745225729 0.313681155 -0.130690837 -1.396050405 0.484040722 -0.543302308 -0.175265122 -1.654917926 -0.324296870 -2.416054185 -1.149612845 -0.065915536 0.983796531 -0.434677770 1.000598080 -1.030921267 -0.143953639 0.109747139 0.588552124 0.586133019 -0.572983576 1.314507361
28.346113449 21.042104103 -8.271959209 -0.604777664 -0.722449299 0.103748997 0.318664610 1.011940328 -0.034101061 -0.600837866 0.888110421 0.008904112 -1.092035504 -0.660132510 -0.447787339 2.052859182 0.683189823 -0.178783036 -0.196339478 0.120389898 1.432519607 -0.921335919 -1.579462234 0.459063448 1.284119611 1.299108759 0.180951839
35.483300598 28.624953862 -8.833483269 0.639141288 -0.078409020 -0.763661039 0.046607491 1.110799801 -0.344472804 -0.390035543 -0.284176425 0.218237429 -0.180733770 0.246233082 -0.251293515 -0.735958580 0.383653720 0.408848137 0.632696958 -0.667474707 -1.009449551 -1.488395062 0.882607408 -0.003131860 0.159357069 0.518471582 -0.616355372
25.135019732 20.882458434 -5.127343745 -0.385001508 0.691912297 0.517364837 -0.324599504 0.908231545 -0.385714370 -0.734091731 1.049924702 -0.432445366 -0.241609163 0.441553000 1.309419511 1.063756401 -0.398378402 -0.571180150 1.217516849 0.417075691 1.757232469 0.150463197 -0.710005138 1.278875217 -0.288115279 -1.368824549 0.521002412
32.335939792 25.153116268 0.381809127 -0.654871486 -0.206157252 0.582058219 0.435718665 0.950231228 0.115089508 0.057799590 -0.563769741 -1.447293046 0.422303804 -0.129559301 -0.102275073 -1.637687395 -0.974747679 -0.556659906 0.139775684 0.073912234 0.037105992 0.320792535 0.308743106 0.550206790 0.733426997 -0.799787197 0.054685851
29.218019979 18.478178812 -4.981451540 -0.183155974 0.379489645 -0.154253648 -0.893670695 -0.711149461 0.309775091 -0.863715460 -0.217545147 -0.053692389 -0.946751786 -0.468089742 0.700794653 0.948315318 0.803878024 0.628472183 -2.861154512 -0.034551433 1.207095436 -0.075228519 -0.445522054 1.431117219 -0.467708553 -0.209791309 0.808759740
31.331031708 20.189518541 -16.336717634 0.786515656 0.536868317 -0.303817283 0.029335845 2.156932431 0.970733995 -0.938870726 -0.749112982 0.074762895 -1.557275971 -1.946287632 0.181037415 -2.339293047 1.438805082 1.639600592 -0.570933860 -0.226512539 1.207662841 1.228260119 -0.471153038 0.605275642 2.162599740 -0.234261150 -0.568626189
35.136182931 18.250345488 -0.768970668 -0.029503349 0.598377778 0.047343876 0.799269757 0.622713842 1.051767851 -0.280348976 -0.903205440 -0.024134811 -0.470561377 0.502311685 -0.286616218 0.825102586 1.798712756 -0.326779740 -0.318082526 0.452281723 -1.005693283 -0.954002318 0.742250202 -1.862014898 -0.429087115 1.059035179 -0.631537526
34.497750677 17.515121786 -9.280085186 -0.159214867 -0.473839307 0.411351925 -0.762178805 -0.916832504 -0.223513045 -2.156380313 0.442431654 -1.208740598 -0.059659400 1.145875721 0.672485467 0.248661860 0.930691637 0.557445580 1.389685567 -1.197490373 0.124168587 1.362490548 -0.083420101 0.785311006 0.466745266 -0.146655675 1.519319084
22.779400697 23.817904919 -9.702253966 0.722667498 -0.122279258 0.679805024 -0.025779820 0.652881588 -0.195606414 1.728163608 -0.184331013 0.019289441 1.052623382 1.577300725 -1.011675003 -0.850681910 -0.674916553 -0.370416112 0.162117986 0.090534186 -1.993605487 1.142727151 -0.189225636 -0.351336154 -1.362855763 -0.907515912 0.096235881
26.810694577 25.965279267 -3.446677855 -0.551910739 0.483017922 0.642894016 0.220851778 0.521817007 0.134453828 1.254763317 0.641475168 -1.262699647 -0.043451631 1.766641007 -0.870213538 0.844360724 -0.893966199 -0.218052316 -0.138667720 1.153024417 0.466873640 0.363825413 -0.493680457 -0.150549262 0.907059387 0.303158020 -1.394704423
34.839110349 26.266910446 -1.170270317 0.610425918 0.557395719 -0.321878903 0.461610423 0.292148536 -0.050757769 -0.436303684 0.365163601 0.696725060 1.313008081 -0.131190707 -0.615007514 -0.159351253 1.820659686 0.408243127 0.000267917 -0.621559026 -1.689177079 0.903259418 -0.121023848 -0.931369833 -0.493868944 0.514427457 -0.404354185
31.121356857 27.025193493 -9.704201902 0.762063428 -0.484621401 0.410228078 -0.126942325 -0.214174889 0.511509861 1.766531350 -0.787282104 0.933845017 1.694844903 -0.245143304 0.345308577 0.942276024 2.245706394 1.882407686 -1.784732873 0.034978746 -1.037066807 -0.652594060 -1.298485774 0.256742775 -0.194441960 0.069045065 0.798288698
28.143706783 20.218353194 -10.565605530 -0.053250008 0.935494634 -0.322128233 -0.135083778 -0.056495251 -1.121635310 0.480794034 -1.136663723 0.195610795 0.409012652 0.108097784 -0.808290058 0.334524008 -1.373119786 -0.979602041 0.181002322 0.780388374 0.781895402 -0.890574026 -0.122579101 -0.148540955 -1.483993418 0.497679843 0.452830106
24.301593236 20.335326076 -5.842498697 0.150123255 -0.840485757 -0.396320159 -0.337604845 0.416412164 1.800476683 1.330987918 1.593243690 -0.511369823 1.784621037 0.723787800 -1.047843516 -0.141145509 -0.823391738 0.905566928 -1.310830233 -0.328476490 -2.073225282 -0.698480844 0.775750453 -1.124857737 1.252814324 -0.685792667 0.277477159
29.471481622 17.393506888 -0.943615646 -0.621488878 -0.761911513 -0.084910575 -0.161346260 2.472996307 1.270328167 -1.156425024 0.217610458 0.316750928 0.599608693 1.250749191 -0.125530834 0.720654606 -0.749757281 0.536119177 -1.317588698 -0.749100231 -1.516241487 -1.886607762 -0.056469680 0.185149164 0.887659296 1.172984171 -0.460086798
37.193753898 23.085698025 -10.776602019 0.097822342 -0.318164003 0.774616959 -0.537746245 -0.007899860 0.847200921 0.724435363 0.118307480 1.726064151 0.022866406 0.457181180 0.618647382 -0.003897755 -1.090045752 0.336991502 0.117294820 -0.372590551 -0.897365609 0.356443710 -0.531287309 0.969403282 0.301843971 -1.839043393 -0.621426755
30.995506208 24.646371199 -4.509669783 -0.056221738 -0.611564116 0.787637303 -0.049557307 -0.508422624 -0.052207521 -0.602733083 2.094926842 -0.678251647 -1.820796842 1.892058443 -0.676039642 -0.751551288 1.488753006 0.139553579 0.194277721 -0.197144349 -1.291104140 -0.325833492 -1.645244356 0.460152822 1.872975614 -1.876033749 -2.184058930
32.740051317 23.946671422 -10.217707462 0.466373149 0.586232419 -0.427744979 0.505827905 0.866719960 -0.322882444 -0.729327888 1.288096925 0.608186023 -1.572023151 0.229447663 1.219401894 -1.034133724 -1.049714558 0.189051668 0.540203890 -0.847994365 0.362842417 -1.162061271 0.064680983 0.765086401 0.281314969 -0.846689352 -1.408790487
36.260642810 24.814793354 -11.536120168 0.382032035 -0.441674130 -0.093756049 -0.806340679 -0.201301346 0.261029347 0.324529097 -1.296464699 0.630937810 1.396022046 -1.740716838 0.803896238 -0.388439359 -0.135721693 1.655247968 0.308779308 2.474267760 1.515359934 -0.437659722 1.602450613 -0.167006567 -0.419622856 2.008502228 -0.528109370
38.227971494 17.495948484 -11.523646563 -0.210605591 0.862023356 -0.287574818 -0.360363348 -0.876682374 1.579679516 -0.486220795 0.474695695 0.682044184 -0.589976322 0.195516851 1.687218947 -1.711555331 -0.929809262 -0.065373642 0.336807635 0.733822875 -0.621070749 0.969604978 0.538114259 2.127607412 -0.492302340 0.368808911 -1.660228131
35.188393993 16.663529036 -1.975443318 0.849874616 -0.213045319 -0.481995222 0.002331385 0.436340844 -0.535420812 2.334219998 0.744261919 -0.696520194 0.773255865 -0.728505591 -1.423793190 -0.671490822 -1.804525817 0.691510695 0.500739073 1.237733529 -2.787319307 0.547219851 -0.292607788 0.410538551 -0.911135239 -0.427233002 -0.258329214
22.305193290 17.985511248 -4.148231408 -0.212222900 -0.399247671 -0.669070985 0.589836211 -1.212421341 1.227163673 2.400996970 -1.496233049 1.441958689 -1.293739092 -0.051020647 1.002064998 0.348425035 0.072570355 -0.598405441 -0.280353147 -0.188595147 -0.272213142 -0.491008182 -0.533484085 -1.227535820 -0.401311989 0.521144404 1.028821132
37.113964967 21.385172270 -1.365912891 0.002632899 0.570543883 0.068563836 0.818395837 -0.587071295 -2.095196169 -0.465687802 -0.975701637 1.342833548 -0.081856030 0.093428583 1.289908913 0.267044082 0.078017355 0.747809503 -1.058832501 -0.398941457 1.200422776 0.814575059 -0.258976497 0.725048827 0.391783349 -0.298680611 -0.975687674
34.194498342 28.323911290 -7.105916327 -0.351585202 -0.296023508 -0.453447933 -0.763637938 0.483903239 -0.244727082 0.352807491 -0.439354557 1.445682815 0.278971388 1.416292970 0.025401309 -1.101379063 0.133148927 0.089118180 -1.130429289 -1.310899974 -1.544621010 -0.261041155 0.709663380 -0.171859023 -0.093723270 0.607676104 -0.984758436
34.319383657 18.334903828 -0.908296969 -0.755848524 -0.298727243 -0.577593202 0.076427323 -0.240183186 -0.963803854 -1.763995483 0.466241823 0.352198560 -0.977359073 -1.557372134 0.601464578 0.888775362 -0.829476752 0.749385724 -0.190703974 1.280981387 0.240931287 0.996856081 -0.290309523 -0.560101801 -0.158042124 -1.156019243 0.037719934
36.805954292 15.066355251 -6.257256456 0.504390862 0.432213688 0.681034104 0.308178091 0.479545414 -0.747851702 -0.822211988 1.518163752 -0.948619537 0.775118849 -0.968845922 -0.915763232 0.805826056 -1.110055528 0.837778470 -0.255138457 1.047823636 -1.410579609 0.848666682 -0.278047079 1.161770046 0.137822709 1.121216535 -0.443478871
28.540383286 21.549506077 -16.603729816 0.301703055 0.788354882 -0.326761044 0.425087129 -0.920907192 1.593477937 0.317220212 0.343951713 1.382950950 -1.660525086 0.909555921 1.128946398 0.155419402 -0.628942484 0.441803720 0.484412625 -1.052675579 0.100433948 0.526891573 0.318244339 0.981365465 -1.272227633 2.223036438 0.881683100
28.226143664 15.590290912 -14.264086644 -0.596415567 0.699742144 0.307111810 0.245625201 1.026055529 -0.495713550 0.907031601 0.446314187 0.949089294 1.231595619 0.147582594 0.048292907 0.208272898 2.395028738 1.964467637 0.552718828 -0.378123006 -0.041173215 1.101210273 -1.133225130 0.356638793 -0.341448482 0.168425994 -2.180527581
36.125452110 17.999656737 -6.409958424 -0.624311855 -0.359020717 0.454342381 -0.524320353 -0.332502675 0.345087588 -0.858352533 -0.237668323 0.341051600 0.275517695 -0.056749973 -0.562615543 -1.206373166 2.008429487 0.536684297 0.666287598 -1.992628800 0.893892093 1.064904843 0.098577622 -0.438805850 -0.322334121 0.065171945 0.664806398
30.701387466 17.998554357 -7.694233775 0.335227668 -0.768276699 0.460618117 -0.291897714 -0.069358018 -0.482641564 -0.633871815 -0.069533760 -0.974410288 0.619490471 -1.053457579 -0.112300795 0.120985847 0.825345574 2.383991994 -0.124053261 1.681809538 -0.986802847 0.269582751 0.342662991 0.152038775 -1.149023961 -0.323228590 0.113073928
29.607406055 30.288491523 -7.898920267 -0.352092462 -0.713943193 -0.458327521 0.395287108 0.836582729 -0.922078644 -0.420046774 -0.477273984 -0.649688775 -1.378862283 -1.388083679 -0.434832319 1.305322966 -0.141715296 2.206757627 0.092810084 -0.705171133 -0.553995789 -0.032904401 -0.739797188 0.454491100 0.524434020 1.489608636 -0.981224959
